# ------------------------------------------------------------------------
# Radiance spectrum
# NASA-GSFC Planetary Spectrum Generator (PSG) (Villanueva et al. 2018, 2022)
# Synthesized on Fri Aug 15 21:14:36 2025
# Doppler velocities [km/s] (vobs,vrot+vorb,vwidth,vrfl,vstr): -17.63700,-0.00000,0.01000,-1.06846,0.00000
# ------------------------------------------------------------------------
# Spectra synthesized with the Planetary and Universal Model of Atmospheric Scattering (PUMAS, Villanueva et al. 2018, 2022)
# Single scattering radiative transfer method
# Radiative transfer took 0.231 seconds
# ------------------------------------------------------------------------
# Spectral unit: Frequency[cm-1]
# Radiance unit: Spectral radiance [W/sr/m2/um]
# Wave/freq Total Noise Mars
2.740000000e+03  9.7913951e-03  2.66524e-04  9.79140e-03
2.739960858e+03  9.7930657e-03  2.64006e-04  9.79307e-03
2.739921716e+03  9.7946950e-03  2.63300e-04  9.79470e-03
2.739882575e+03  9.7963009e-03  2.62972e-04  9.79630e-03
2.739843434e+03  9.7979039e-03  2.62972e-04  9.79790e-03
2.739804294e+03  9.7993385e-03  2.63082e-04  9.79934e-03
2.739765155e+03  9.7913408e-03  2.63339e-04  9.79134e-03
2.739726016e+03  9.8026140e-03  2.63732e-04  9.80261e-03
2.739686877e+03  9.8041763e-03  2.64585e-04  9.80418e-03
2.739647739e+03  9.7851169e-03  2.66284e-04  9.78512e-03
2.739608602e+03  9.8071916e-03  2.70028e-04  9.80719e-03
2.739569465e+03  9.8055188e-03  2.69679e-04  9.80552e-03
2.739530329e+03  9.8098365e-03  2.69110e-04  9.80984e-03
2.739491194e+03  9.8039052e-03  2.71079e-04  9.80391e-03
2.739452059e+03  8.8673973e-03  2.69479e-04  8.86740e-03
2.739412924e+03  9.8120923e-03  2.68137e-04  9.81209e-03
2.739373790e+03  9.8166262e-03  2.68221e-04  9.81663e-03
2.739334657e+03  9.8185097e-03  2.70692e-04  9.81851e-03
2.739295524e+03  9.8201928e-03  2.90632e-04  9.82019e-03
2.739256392e+03  9.8218107e-03  2.79663e-04  9.82181e-03
2.739217260e+03  9.8233695e-03  2.71117e-04  9.82337e-03
2.739178129e+03  9.8248481e-03  2.69671e-04  9.82485e-03
2.739138999e+03  9.8259098e-03  2.70747e-04  9.82591e-03
2.739099869e+03  9.7751881e-03  2.74141e-04  9.77519e-03
2.739060739e+03  9.5250478e-03  2.79002e-04  9.52505e-03
2.739021610e+03  9.8303329e-03  2.89926e-04  9.83033e-03
2.738982482e+03  9.8327561e-03  3.10068e-04  9.83276e-03
2.738943354e+03  9.8216033e-03  3.50681e-04  9.82160e-03
2.738904227e+03  9.8311165e-03  3.67324e-04  9.83112e-03
2.738865100e+03  9.8375321e-03  3.37684e-04  9.83753e-03
2.738825974e+03  9.8378070e-03  3.48449e-04  9.83781e-03
2.738786849e+03  8.9788380e-03  3.39638e-04  8.97884e-03
2.738747724e+03  9.8138785e-03  3.01202e-04  9.81388e-03
2.738708599e+03  9.8434994e-03  3.13893e-04  9.84350e-03
2.738669476e+03  9.8449248e-03  2.90381e-04  9.84492e-03
2.738630352e+03  9.8474744e-03  2.75857e-04  9.84747e-03
2.738591229e+03  9.8491495e-03  2.71493e-04  9.84915e-03
2.738552107e+03  9.8507889e-03  2.68097e-04  9.85079e-03
2.738512986e+03  9.8524118e-03  2.67136e-04  9.85241e-03
2.738473865e+03  9.8539695e-03  2.66379e-04  9.85397e-03
2.738434744e+03  9.8551965e-03  2.65985e-04  9.85520e-03
2.738395624e+03  9.8572278e-03  2.65957e-04  9.85723e-03
2.738356505e+03  9.8588255e-03  2.66301e-04  9.85883e-03
2.738317386e+03  9.8603804e-03  2.66839e-04  9.86038e-03
2.738278268e+03  9.8618698e-03  2.67765e-04  9.86187e-03
2.738239150e+03  9.8618436e-03  2.70129e-04  9.86184e-03
2.738200033e+03  9.7585006e-03  2.78875e-04  9.75850e-03
2.738160916e+03  9.8660462e-03  3.20751e-04  9.86605e-03
2.738121800e+03  9.8658531e-03  2.97049e-04  9.86585e-03
2.738082685e+03  9.0535457e-03  2.96231e-04  9.05355e-03
2.738043570e+03  9.8659851e-03  3.03691e-04  9.86599e-03
2.738004456e+03  9.8728593e-03  2.89119e-04  9.87286e-03
2.737965342e+03  9.8747660e-03  2.76718e-04  9.87477e-03
2.737926229e+03  9.8755601e-03  2.72096e-04  9.87556e-03
2.737887116e+03  9.8781283e-03  2.68041e-04  9.87813e-03
2.737848004e+03  9.8797654e-03  2.66264e-04  9.87977e-03
2.737808892e+03  9.8813889e-03  2.65373e-04  9.88139e-03
2.737769781e+03  9.8826835e-03  2.64966e-04  9.88268e-03
2.737730671e+03  9.8846106e-03  2.65784e-04  9.88461e-03
2.737691561e+03  9.8862289e-03  2.64545e-04  9.88623e-03
2.737652452e+03  9.8878296e-03  2.64271e-04  9.88783e-03
2.737613343e+03  9.8894297e-03  2.66470e-04  9.88943e-03
2.737574235e+03  9.8910080e-03  2.68403e-04  9.89101e-03
2.737535127e+03  9.8925763e-03  2.64175e-04  9.89258e-03
2.737496020e+03  9.8940529e-03  2.64863e-04  9.89405e-03
2.737456913e+03  9.8950944e-03  2.66905e-04  9.89509e-03
2.737417807e+03  9.7741987e-03  2.66175e-04  9.77420e-03
2.737378702e+03  9.2710055e-03  2.66542e-04  9.27101e-03
2.737339597e+03  9.8996862e-03  2.70122e-04  9.89969e-03
2.737300493e+03  9.8945236e-03  2.68636e-04  9.89452e-03
2.737261389e+03  9.7926343e-03  2.79038e-04  9.79263e-03
2.737222286e+03  9.9044884e-03  2.82003e-04  9.90449e-03
2.737183183e+03  9.9065886e-03  3.17625e-04  9.90659e-03
2.737144081e+03  9.9079892e-03  3.05785e-04  9.90799e-03
2.737104980e+03  9.9101621e-03  3.11285e-04  9.91016e-03
2.737065879e+03  9.9120401e-03  2.97425e-04  9.91204e-03
2.737026778e+03  9.9136651e-03  2.84144e-04  9.91367e-03
2.736987679e+03  9.9152813e-03  2.71783e-04  9.91528e-03
2.736948579e+03  9.9168912e-03  2.67725e-04  9.91689e-03
2.736909481e+03  9.9184917e-03  2.67775e-04  9.91849e-03
2.736870382e+03  9.9200650e-03  2.65505e-04  9.92007e-03
2.736831285e+03  9.9190994e-03  2.64839e-04  9.91910e-03
2.736792188e+03  9.9230159e-03  2.65904e-04  9.92302e-03
2.736753091e+03  9.9233106e-03  2.64458e-04  9.92331e-03
2.736713995e+03  9.2471925e-03  2.64455e-04  9.24719e-03
2.736674900e+03  9.9258816e-03  2.68502e-04  9.92588e-03
2.736635805e+03  9.9291901e-03  2.67742e-04  9.92919e-03
2.736596711e+03  9.9311492e-03  2.64397e-04  9.93115e-03
2.736557617e+03  9.9295168e-03  2.65932e-04  9.92952e-03
2.736518524e+03  9.9346386e-03  2.66888e-04  9.93464e-03
2.736479432e+03  9.9363001e-03  2.63884e-04  9.93630e-03
2.736440340e+03  9.9374384e-03  2.63623e-04  9.93744e-03
2.736401248e+03  9.9385671e-03  2.63801e-04  9.93857e-03
2.736362157e+03  9.9411448e-03  2.64392e-04  9.94114e-03
2.736323067e+03  9.9426476e-03  2.65597e-04  9.94265e-03
2.736283977e+03  9.9049730e-03  2.67412e-04  9.90497e-03
2.736244888e+03  9.9439685e-03  2.66844e-04  9.94397e-03
2.736205799e+03  9.9475691e-03  2.70746e-04  9.94757e-03
2.736166711e+03  9.9491846e-03  2.76278e-04  9.94918e-03
2.736127624e+03  9.9507107e-03  2.89649e-04  9.95071e-03
2.736088537e+03  9.9519177e-03  3.03279e-04  9.95192e-03
2.736049450e+03  9.7224102e-03  3.14382e-04  9.72241e-03
2.736010365e+03  9.5726695e-03  2.80849e-04  9.57267e-03
2.735971279e+03  9.9567499e-03  2.71838e-04  9.95675e-03
2.735932194e+03  9.9588091e-03  2.68796e-04  9.95881e-03
2.735893110e+03  9.9605087e-03  2.67085e-04  9.96051e-03
2.735854027e+03  9.9453905e-03  2.67054e-04  9.94539e-03
2.735814944e+03  9.9615267e-03  2.66902e-04  9.96153e-03
2.735775861e+03  9.9625742e-03  2.67673e-04  9.96257e-03
2.735736779e+03  9.9670172e-03  2.67291e-04  9.96702e-03
2.735697698e+03  9.9684456e-03  2.70083e-04  9.96845e-03
2.735658617e+03  9.9702389e-03  2.69888e-04  9.97024e-03
2.735619537e+03  9.9708453e-03  2.68411e-04  9.97085e-03
2.735580457e+03  9.9682463e-03  2.65462e-04  9.96825e-03
2.735541378e+03  9.9723019e-03  2.64934e-04  9.97230e-03
2.735502299e+03  9.9767919e-03  2.64804e-04  9.97679e-03
2.735463221e+03  9.9783666e-03  2.66340e-04  9.97837e-03
2.735424144e+03  9.9798029e-03  2.67482e-04  9.97980e-03
2.735385067e+03  9.9798533e-03  2.68693e-04  9.97985e-03
2.735345990e+03  9.4365319e-03  2.64033e-04  9.43653e-03
2.735306914e+03  9.9837561e-03  2.63901e-04  9.98376e-03
2.735267839e+03  9.9863457e-03  2.63567e-04  9.98635e-03
2.735228765e+03  9.9881402e-03  2.64857e-04  9.98814e-03
2.735189690e+03  9.9898198e-03  2.64882e-04  9.98982e-03
2.735150617e+03  9.9912923e-03  2.64388e-04  9.99129e-03
2.735111544e+03  9.9930063e-03  2.66465e-04  9.99301e-03
2.735072471e+03  9.9947032e-03  2.64245e-04  9.99470e-03
2.735033399e+03  9.9927372e-03  2.67095e-04  9.99274e-03
2.734994328e+03  9.9979951e-03  2.65404e-04  9.99800e-03
2.734955257e+03  9.9993575e-03  2.65190e-04  9.99936e-03
2.734916187e+03  1.0001250e-02  2.71908e-04  1.00012e-02
2.734877117e+03  1.0001334e-02  2.66705e-04  1.00013e-02
2.734838048e+03  1.0004393e-02  2.63844e-04  1.00044e-02
2.734798980e+03  1.0006075e-02  2.63293e-04  1.00061e-02
2.734759912e+03  1.0007601e-02  2.63194e-04  1.00076e-02
2.734720844e+03  1.0008724e-02  2.63637e-04  1.00087e-02
2.734681777e+03  9.5286014e-03  2.62786e-04  9.52860e-03
2.734642711e+03  1.0008885e-02  2.64073e-04  1.00089e-02
2.734603645e+03  1.0013960e-02  2.65878e-04  1.00140e-02
2.734564580e+03  1.0015814e-02  2.65073e-04  1.00158e-02
2.734525515e+03  1.0017509e-02  2.69040e-04  1.00175e-02
2.734486451e+03  1.0019105e-02  2.71073e-04  1.00191e-02
2.734447388e+03  1.0020788e-02  2.78108e-04  1.00208e-02
2.734408325e+03  1.0022129e-02  2.72394e-04  1.00221e-02
2.734369262e+03  1.0024083e-02  2.65367e-04  1.00241e-02
2.734330201e+03  1.0025711e-02  2.64435e-04  1.00257e-02
2.734291139e+03  1.0023691e-02  2.63776e-04  1.00237e-02
2.734252078e+03  1.0028956e-02  2.63416e-04  1.00290e-02
2.734213018e+03  1.0030360e-02  2.63175e-04  1.00304e-02
2.734173959e+03  1.0032219e-02  2.63234e-04  1.00322e-02
2.734134900e+03  1.0031848e-02  2.63186e-04  1.00318e-02
2.734095841e+03  1.0035364e-02  2.63561e-04  1.00354e-02
2.734056783e+03  1.0036792e-02  2.63345e-04  1.00368e-02
2.734017726e+03  1.0015357e-02  2.63615e-04  1.00154e-02
2.733978669e+03  9.6369619e-03  2.64693e-04  9.63696e-03
2.733939613e+03  1.0041585e-02  2.68894e-04  1.00416e-02
2.733900557e+03  1.0043545e-02  2.70706e-04  1.00435e-02
2.733861502e+03  1.0045256e-02  2.71482e-04  1.00453e-02
2.733822447e+03  1.0046868e-02  2.71811e-04  1.00469e-02
2.733783393e+03  1.0048571e-02  2.80758e-04  1.00486e-02
2.733744340e+03  1.0050214e-02  2.73790e-04  1.00502e-02
2.733705287e+03  1.0051845e-02  2.70076e-04  1.00518e-02
2.733666234e+03  1.0053047e-02  2.70723e-04  1.00530e-02
2.733627182e+03  1.0055126e-02  2.66437e-04  1.00551e-02
2.733588131e+03  1.0056759e-02  2.68300e-04  1.00568e-02
2.733549081e+03  1.0054810e-02  2.66297e-04  1.00548e-02
2.733510030e+03  1.0059837e-02  2.64199e-04  1.00598e-02
2.733470981e+03  1.0061523e-02  2.65673e-04  1.00615e-02
2.733431932e+03  1.0063121e-02  2.63792e-04  1.00631e-02
2.733392883e+03  1.0064619e-02  2.63577e-04  1.00646e-02
2.733353835e+03  1.0062638e-02  2.64083e-04  1.00626e-02
2.733314788e+03  9.6983809e-03  2.63266e-04  9.69838e-03
2.733275741e+03  1.0069234e-02  2.64181e-04  1.00692e-02
2.733236695e+03  1.0071355e-02  2.64418e-04  1.00714e-02
2.733197649e+03  1.0073078e-02  2.66665e-04  1.00731e-02
2.733158604e+03  1.0074711e-02  2.72815e-04  1.00747e-02
2.733119560e+03  1.0076397e-02  2.68828e-04  1.00764e-02
2.733080516e+03  1.0077663e-02  2.67931e-04  1.00777e-02
2.733041472e+03  1.0079687e-02  2.79170e-04  1.00797e-02
2.733002429e+03  1.0081328e-02  2.75936e-04  1.00813e-02
2.732963387e+03  1.0082960e-02  2.70229e-04  1.00830e-02
2.732924345e+03  1.0084043e-02  2.66003e-04  1.00840e-02
2.732885304e+03  1.0086240e-02  2.64873e-04  1.00862e-02
2.732846263e+03  1.0087875e-02  2.65068e-04  1.00879e-02
2.732807223e+03  1.0089468e-02  2.65741e-04  1.00895e-02
2.732768184e+03  1.0087307e-02  2.68145e-04  1.00873e-02
2.732729145e+03  1.0092607e-02  2.82531e-04  1.00926e-02
2.732690106e+03  1.0093726e-02  2.85973e-04  1.00937e-02
2.732651068e+03  9.7749589e-03  2.69181e-04  9.77496e-03
2.732612031e+03  1.0093971e-02  2.68209e-04  1.00940e-02
2.732572994e+03  1.0096621e-02  2.69539e-04  1.00966e-02
2.732533958e+03  1.0100860e-02  2.75912e-04  1.01009e-02
2.732494922e+03  1.0102640e-02  2.88112e-04  1.01026e-02
2.732455887e+03  1.0104299e-02  2.80005e-04  1.01043e-02
2.732416853e+03  1.0105950e-02  2.71035e-04  1.01060e-02
2.732377819e+03  1.0107596e-02  2.67678e-04  1.01076e-02
2.732338785e+03  1.0109241e-02  2.65668e-04  1.01092e-02
2.732299753e+03  1.0110884e-02  2.64823e-04  1.01109e-02
2.732260720e+03  1.0112526e-02  2.65728e-04  1.01125e-02
2.732221689e+03  1.0114161e-02  2.64318e-04  1.01142e-02
2.732182657e+03  1.0115140e-02  2.63906e-04  1.01151e-02
2.732143627e+03  1.0117437e-02  2.63874e-04  1.01174e-02
2.732104597e+03  1.0119059e-02  2.63824e-04  1.01191e-02
2.732065567e+03  1.0120490e-02  2.63946e-04  1.01205e-02
2.732026538e+03  1.0118322e-02  2.63730e-04  1.01183e-02
2.731987510e+03  9.8505447e-03  2.63671e-04  9.85054e-03
2.731948482e+03  1.0124460e-02  2.63956e-04  1.01245e-02
2.731909455e+03  1.0127152e-02  2.64007e-04  1.01272e-02
2.731870428e+03  1.0126498e-02  2.64249e-04  1.01265e-02
2.731831402e+03  1.0129464e-02  2.66538e-04  1.01295e-02
2.731792376e+03  1.0132251e-02  2.67179e-04  1.01323e-02
2.731753351e+03  1.0133908e-02  2.65757e-04  1.01339e-02
2.731714327e+03  1.0135555e-02  2.64297e-04  1.01356e-02
2.731675303e+03  1.0137169e-02  2.64303e-04  1.01372e-02
2.731636279e+03  1.0138857e-02  2.64286e-04  1.01389e-02
2.731597257e+03  1.0140504e-02  2.64467e-04  1.01405e-02
2.731558234e+03  1.0142107e-02  2.65405e-04  1.01421e-02
2.731519213e+03  1.0143790e-02  2.66147e-04  1.01438e-02
2.731480191e+03  1.0145225e-02  2.72317e-04  1.01452e-02
2.731441171e+03  1.0146363e-02  2.70497e-04  1.01464e-02
2.731402151e+03  1.0145109e-02  2.66344e-04  1.01451e-02
2.731363131e+03  1.0149913e-02  2.65701e-04  1.01499e-02
2.731324112e+03  9.9200126e-03  2.65749e-04  9.92001e-03
2.731285094e+03  1.0148416e-02  2.67131e-04  1.01484e-02
2.731246076e+03  1.0155094e-02  2.68482e-04  1.01551e-02
2.731207059e+03  1.0156830e-02  2.67957e-04  1.01568e-02
2.731168042e+03  1.0158354e-02  2.69109e-04  1.01584e-02
2.731129026e+03  1.0158996e-02  2.71211e-04  1.01590e-02
2.731090011e+03  9.9446562e-03  2.74317e-04  9.94466e-03
2.731050996e+03  1.0153054e-02  2.77415e-04  1.01531e-02
2.731011981e+03  1.0164909e-02  2.86594e-04  1.01649e-02
2.730972967e+03  1.0166772e-02  3.06839e-04  1.01668e-02
2.730933954e+03  1.0168484e-02  3.32704e-04  1.01685e-02
2.730894941e+03  1.0170162e-02  3.19787e-04  1.01702e-02
2.730855929e+03  1.0171825e-02  2.93219e-04  1.01718e-02
2.730816917e+03  1.0173480e-02  2.79708e-04  1.01735e-02
2.730777906e+03  1.0175124e-02  2.73415e-04  1.01751e-02
2.730738896e+03  1.0176332e-02  2.70259e-04  1.01763e-02
2.730699886e+03  1.0177802e-02  2.68943e-04  1.01778e-02
2.730660876e+03  9.9847212e-03  2.68908e-04  9.98472e-03
2.730621867e+03  1.0180201e-02  2.72519e-04  1.01802e-02
2.730582859e+03  1.0183100e-02  2.67725e-04  1.01831e-02
2.730543851e+03  1.0184892e-02  2.66289e-04  1.01849e-02
2.730504844e+03  1.0183679e-02  2.66572e-04  1.01837e-02
2.730465837e+03  1.0186218e-02  2.65990e-04  1.01862e-02
2.730426831e+03  1.0190025e-02  2.65602e-04  1.01900e-02
2.730387826e+03  1.0191686e-02  2.65650e-04  1.01917e-02
2.730348821e+03  1.0188196e-02  2.66251e-04  1.01882e-02
2.730309816e+03  1.0194988e-02  2.68913e-04  1.01950e-02
2.730270812e+03  1.0196626e-02  2.70363e-04  1.01966e-02
2.730231809e+03  1.0198288e-02  2.66548e-04  1.01983e-02
2.730192806e+03  1.0199955e-02  2.67218e-04  1.02000e-02
2.730153804e+03  1.0201590e-02  2.67082e-04  1.02016e-02
2.730114802e+03  1.0203168e-02  2.71072e-04  1.02032e-02
2.730075801e+03  1.0170026e-02  2.69211e-04  1.01700e-02
2.730036801e+03  1.0193936e-02  2.68295e-04  1.01939e-02
2.729997801e+03  1.0044104e-02  2.69507e-04  1.00441e-02
2.729958801e+03  1.0208149e-02  2.73971e-04  1.02081e-02
2.729919803e+03  1.0211412e-02  2.81994e-04  1.02114e-02
2.729880804e+03  1.0212993e-02  2.84310e-04  1.02130e-02
2.729841807e+03  1.0152896e-02  2.77036e-04  1.01529e-02
2.729802809e+03  1.0215680e-02  2.73992e-04  1.02157e-02
2.729763813e+03  1.0215333e-02  2.76185e-04  1.02153e-02
2.729724817e+03  1.0219831e-02  2.83544e-04  1.02198e-02
2.729685821e+03  1.0221104e-02  2.99933e-04  1.02211e-02
2.729646826e+03  1.0223172e-02  3.02341e-04  1.02232e-02
2.729607832e+03  1.0219105e-02  3.26484e-04  1.02191e-02
2.729568838e+03  1.0226049e-02  3.50797e-04  1.02260e-02
2.729529845e+03  1.0228165e-02  2.92349e-04  1.02282e-02
2.729490852e+03  1.0229825e-02  2.74691e-04  1.02298e-02
2.729451860e+03  1.0231477e-02  2.70951e-04  1.02315e-02
2.729412868e+03  1.0233063e-02  2.72383e-04  1.02331e-02
2.729373877e+03  1.0234617e-02  2.84292e-04  1.02346e-02
2.729334887e+03  1.0100237e-02  2.98629e-04  1.01002e-02
2.729295897e+03  1.0237368e-02  2.72127e-04  1.02374e-02
2.729256907e+03  1.0239250e-02  2.67908e-04  1.02393e-02
2.729217919e+03  1.0240952e-02  2.66657e-04  1.02410e-02
2.729178930e+03  1.0239235e-02  2.66649e-04  1.02392e-02
2.729139943e+03  1.0243832e-02  2.65921e-04  1.02438e-02
2.729100955e+03  1.0246440e-02  2.65718e-04  1.02464e-02
2.729061969e+03  1.0248076e-02  2.66054e-04  1.02481e-02
2.729022983e+03  1.0247334e-02  2.67338e-04  1.02473e-02
2.728983997e+03  1.0251382e-02  2.67631e-04  1.02514e-02
2.728945012e+03  1.0253099e-02  2.66429e-04  1.02531e-02
2.728906028e+03  1.0254760e-02  2.65576e-04  1.02548e-02
2.728867044e+03  1.0256375e-02  2.65291e-04  1.02564e-02
2.728828061e+03  1.0250746e-02  2.64994e-04  1.02507e-02
2.728789078e+03  1.0259729e-02  2.65151e-04  1.02597e-02
2.728750096e+03  1.0261370e-02  2.65761e-04  1.02614e-02
2.728711114e+03  1.0262641e-02  2.66908e-04  1.02626e-02
2.728672133e+03  1.0152313e-02  2.71016e-04  1.01523e-02
2.728633153e+03  1.0266107e-02  2.71943e-04  1.02661e-02
2.728594173e+03  1.0267860e-02  2.68880e-04  1.02679e-02
2.728555194e+03  1.0269720e-02  2.66206e-04  1.02697e-02
2.728516215e+03  1.0270907e-02  2.66175e-04  1.02709e-02
2.728477237e+03  1.0272576e-02  2.66769e-04  1.02726e-02
2.728438259e+03  1.0274736e-02  2.67518e-04  1.02747e-02
2.728399282e+03  1.0276404e-02  2.77482e-04  1.02764e-02
2.728360305e+03  1.0278070e-02  2.82555e-04  1.02781e-02
2.728321329e+03  1.0279727e-02  2.68561e-04  1.02797e-02
2.728282354e+03  1.0281357e-02  2.66371e-04  1.02814e-02
2.728243379e+03  1.0280558e-02  2.66281e-04  1.02806e-02
2.728204404e+03  1.0262934e-02  2.66468e-04  1.02629e-02
2.728165431e+03  1.0286322e-02  2.66573e-04  1.02863e-02
2.728126457e+03  1.0288022e-02  2.67781e-04  1.02880e-02
2.728087485e+03  1.0280975e-02  2.70386e-04  1.02810e-02
2.728048513e+03  1.0290910e-02  2.72357e-04  1.02909e-02
2.728009541e+03  1.0199737e-02  2.69938e-04  1.01997e-02
2.727970570e+03  1.0294344e-02  2.67947e-04  1.02943e-02
2.727931600e+03  1.0296269e-02  2.67274e-04  1.02963e-02
2.727892630e+03  1.0298036e-02  2.67779e-04  1.02980e-02
2.727853660e+03  1.0299757e-02  2.68464e-04  1.02998e-02
2.727814692e+03  1.0301397e-02  2.67089e-04  1.03014e-02
2.727775723e+03  1.0302626e-02  2.66394e-04  1.03026e-02
2.727736756e+03  1.0304265e-02  2.66134e-04  1.03043e-02
2.727697789e+03  1.0303618e-02  2.66388e-04  1.03036e-02
2.727658822e+03  1.0307894e-02  2.67378e-04  1.03079e-02
2.727619856e+03  1.0309783e-02  2.66831e-04  1.03098e-02
2.727580891e+03  1.0311424e-02  2.67128e-04  1.03114e-02
2.727541926e+03  1.0313121e-02  2.68434e-04  1.03131e-02
2.727502961e+03  1.0313039e-02  2.68471e-04  1.03130e-02
2.727463998e+03  1.0316449e-02  2.68239e-04  1.03164e-02
2.727425034e+03  1.0317869e-02  2.67674e-04  1.03179e-02
2.727386072e+03  1.0317017e-02  2.67838e-04  1.03170e-02
2.727347110e+03  1.0238831e-02  2.68339e-04  1.02388e-02
2.727308148e+03  1.0323029e-02  2.70475e-04  1.03230e-02
2.727269187e+03  1.0323186e-02  2.81707e-04  1.03232e-02
2.727230227e+03  1.0323848e-02  2.77240e-04  1.03238e-02
2.727191267e+03  1.0328180e-02  2.72130e-04  1.03282e-02
2.727152307e+03  1.0329861e-02  2.72490e-04  1.03299e-02
2.727113349e+03  1.0331298e-02  2.74607e-04  1.03313e-02
2.727074391e+03  1.0332712e-02  2.77384e-04  1.03327e-02
2.727035433e+03  1.0334885e-02  2.81321e-04  1.03349e-02
2.726996476e+03  1.0336203e-02  2.91729e-04  1.03362e-02
2.726957519e+03  1.0338090e-02  3.27885e-04  1.03381e-02
2.726918563e+03  1.0339923e-02  5.46629e-04  1.03399e-02
2.726879608e+03  1.0341575e-02  4.05447e-04  1.03416e-02
2.726840653e+03  1.0343203e-02  3.34838e-04  1.03432e-02
2.726801699e+03  1.0344120e-02  3.86621e-04  1.03441e-02
2.726762745e+03  1.0342498e-02  3.54923e-04  1.03425e-02
2.726723792e+03  1.0286659e-02  4.16921e-04  1.02867e-02
2.726684839e+03  1.0349593e-02  8.28374e-04  1.03496e-02
2.726645887e+03  1.0351604e-02  1.38692e-03  1.03516e-02
2.726606935e+03  1.0348198e-02  1.26681e-03  1.03482e-02
2.726567984e+03  1.0347898e-02  6.50502e-04  1.03479e-02
2.726529034e+03  1.0356606e-02  6.24351e-04  1.03566e-02
2.726490084e+03  1.0358263e-02  4.21470e-04  1.03583e-02
2.726451135e+03  1.0359855e-02  3.48965e-04  1.03599e-02
2.726412186e+03  1.0361305e-02  3.10724e-04  1.03613e-02
2.726373238e+03  1.0361993e-02  2.98985e-04  1.03620e-02
2.726334290e+03  9.9795958e-03  2.97952e-04  9.97960e-03
2.726295343e+03  1.0280032e-02  3.20475e-04  1.02800e-02
2.726256397e+03  1.0367307e-02  3.25825e-04  1.03673e-02
2.726217451e+03  1.0369234e-02  3.46261e-04  1.03692e-02
2.726178505e+03  1.0371588e-02  3.99586e-04  1.03716e-02
2.726139561e+03  1.0373258e-02  4.13802e-04  1.03733e-02
2.726100616e+03  1.0374927e-02  3.50945e-04  1.03749e-02
2.726061673e+03  1.0328129e-02  3.10073e-04  1.03281e-02
2.726022729e+03  1.0378394e-02  2.92960e-04  1.03784e-02
2.725983787e+03  1.0379228e-02  2.85151e-04  1.03792e-02
2.725944845e+03  1.0381794e-02  2.81935e-04  1.03818e-02
2.725905903e+03  1.0383355e-02  2.82002e-04  1.03834e-02
2.725866962e+03  1.0382434e-02  2.90616e-04  1.03824e-02
2.725828022e+03  1.0238380e-02  3.44049e-04  1.02384e-02
2.725789082e+03  1.0388221e-02  3.02258e-04  1.03882e-02
2.725750143e+03  1.0390195e-02  2.96097e-04  1.03902e-02
2.725711204e+03  1.0391940e-02  3.16168e-04  1.03919e-02
2.725672266e+03  1.0393646e-02  3.31809e-04  1.03936e-02
2.725633328e+03  1.0395339e-02  3.05572e-04  1.03953e-02
2.725594391e+03  1.0396521e-02  2.85975e-04  1.03965e-02
2.725555455e+03  1.0398716e-02  2.78214e-04  1.03987e-02
2.725516519e+03  1.0400396e-02  2.77687e-04  1.04004e-02
2.725477583e+03  1.0401523e-02  2.77465e-04  1.04015e-02
2.725438648e+03  1.0368493e-02  2.87039e-04  1.03685e-02
2.725399714e+03  1.0401501e-02  2.83259e-04  1.04015e-02
2.725360780e+03  1.0407124e-02  2.73420e-04  1.04071e-02
2.725321847e+03  1.0408832e-02  2.72707e-04  1.04088e-02
2.725282915e+03  1.0410522e-02  2.72323e-04  1.04105e-02
2.725243983e+03  1.0411779e-02  2.69060e-04  1.04118e-02
2.725205051e+03  1.0413706e-02  2.68304e-04  1.04137e-02
2.725166120e+03  1.0415577e-02  2.67689e-04  1.04156e-02
2.725127190e+03  1.0417233e-02  2.67827e-04  1.04172e-02
2.725088260e+03  1.0402889e-02  2.69465e-04  1.04029e-02
2.725049331e+03  1.0420608e-02  2.72844e-04  1.04206e-02
2.725010402e+03  1.0422306e-02  2.68464e-04  1.04223e-02
2.724971474e+03  1.0414286e-02  2.67842e-04  1.04143e-02
2.724932546e+03  1.0419811e-02  2.68178e-04  1.04198e-02
2.724893619e+03  1.0427369e-02  2.69138e-04  1.04274e-02
2.724854693e+03  1.0428518e-02  2.72250e-04  1.04285e-02
2.724815767e+03  1.0430674e-02  2.85810e-04  1.04307e-02
2.724776841e+03  1.0401624e-02  2.78092e-04  1.04016e-02
2.724737916e+03  1.0433597e-02  2.71941e-04  1.04336e-02
2.724698992e+03  1.0435827e-02  2.69815e-04  1.04358e-02
2.724660068e+03  1.0437306e-02  2.68873e-04  1.04373e-02
2.724621145e+03  1.0436397e-02  2.68738e-04  1.04364e-02
2.724582223e+03  1.0440894e-02  2.69050e-04  1.04409e-02
2.724543301e+03  1.0442508e-02  2.69663e-04  1.04425e-02
2.724504379e+03  1.0444221e-02  2.71890e-04  1.04442e-02
2.724465458e+03  1.0445959e-02  2.78814e-04  1.04460e-02
2.724426538e+03  1.0447629e-02  3.16028e-04  1.04476e-02
2.724387618e+03  1.0447341e-02  2.91899e-04  1.04473e-02
2.724348699e+03  1.0419565e-02  2.77544e-04  1.04196e-02
2.724309780e+03  1.0452370e-02  2.72590e-04  1.04524e-02
2.724270862e+03  1.0454363e-02  2.72863e-04  1.04544e-02
2.724231944e+03  1.0456074e-02  2.76124e-04  1.04561e-02
2.724193027e+03  1.0457741e-02  2.79948e-04  1.04577e-02
2.724154111e+03  1.0434852e-02  2.74982e-04  1.04349e-02
2.724115195e+03  1.0460798e-02  2.72878e-04  1.04608e-02
2.724076279e+03  1.0462751e-02  2.72973e-04  1.04628e-02
2.724037365e+03  1.0464353e-02  2.74163e-04  1.04644e-02
2.723998450e+03  1.0465190e-02  2.76023e-04  1.04652e-02
2.723959537e+03  1.0418626e-02  2.79917e-04  1.04186e-02
2.723920623e+03  1.0214381e-02  2.84292e-04  1.02144e-02
2.723881711e+03  1.0470377e-02  2.95847e-04  1.04704e-02
2.723842799e+03  1.0412132e-02  3.20710e-04  1.04121e-02
2.723803887e+03  1.0473998e-02  3.71722e-04  1.04740e-02
2.723764976e+03  1.0476234e-02  3.88800e-04  1.04762e-02
2.723726066e+03  1.0477528e-02  3.48693e-04  1.04775e-02
2.723687156e+03  1.0479661e-02  3.27503e-04  1.04797e-02
2.723648247e+03  1.0481300e-02  3.10969e-04  1.04813e-02
2.723609338e+03  1.0462656e-02  2.96336e-04  1.04627e-02
2.723570430e+03  1.0483322e-02  2.90861e-04  1.04833e-02
2.723531522e+03  1.0482538e-02  2.91088e-04  1.04825e-02
2.723492615e+03  9.8781519e-03  2.96338e-04  9.87815e-03
2.723453709e+03  1.0486533e-02  3.09536e-04  1.04865e-02
2.723414803e+03  1.0490529e-02  3.39561e-04  1.04905e-02
2.723375898e+03  1.0493108e-02  4.08819e-04  1.04931e-02
2.723336993e+03  1.0494941e-02  4.96531e-04  1.04949e-02
2.723298089e+03  1.0496699e-02  4.34172e-04  1.04967e-02
2.723259185e+03  1.0498303e-02  3.51408e-04  1.04983e-02
2.723220282e+03  1.0499728e-02  3.13358e-04  1.04997e-02
2.723181379e+03  1.0501505e-02  2.96187e-04  1.05015e-02
2.723142477e+03  1.0503551e-02  2.87519e-04  1.05036e-02
2.723103576e+03  1.0505233e-02  2.83061e-04  1.05052e-02
2.723064675e+03  1.0502157e-02  2.81033e-04  1.05022e-02
2.723025774e+03  1.0508416e-02  2.81532e-04  1.05084e-02
2.722986875e+03  1.0510252e-02  2.80751e-04  1.05103e-02
2.722947975e+03  1.0509944e-02  2.82039e-04  1.05099e-02
2.722909077e+03  1.0513243e-02  2.85579e-04  1.05132e-02
2.722870178e+03  1.0498331e-02  2.88006e-04  1.04983e-02
2.722831281e+03  9.9063874e-03  2.91187e-04  9.90639e-03
2.722792384e+03  1.0508402e-02  3.02421e-04  1.05084e-02
2.722753487e+03  1.0519681e-02  3.26536e-04  1.05197e-02
2.722714591e+03  1.0521942e-02  3.82478e-04  1.05219e-02
2.722675696e+03  1.0523392e-02  4.86653e-04  1.05234e-02
2.722636801e+03  1.0525602e-02  4.73119e-04  1.05256e-02
2.722597907e+03  1.0527346e-02  3.72442e-04  1.05273e-02
2.722559013e+03  1.0529061e-02  3.24240e-04  1.05291e-02
2.722520120e+03  1.0528692e-02  3.00556e-04  1.05287e-02
2.722481228e+03  1.0532023e-02  2.90144e-04  1.05320e-02
2.722442336e+03  1.0533936e-02  2.87132e-04  1.05339e-02
2.722403444e+03  1.0535440e-02  2.82144e-04  1.05354e-02
2.722364553e+03  1.0537574e-02  2.80091e-04  1.05376e-02
2.722325663e+03  1.0539245e-02  2.79239e-04  1.05392e-02
2.722286773e+03  1.0540939e-02  2.79166e-04  1.05409e-02
2.722247884e+03  1.0531104e-02  2.80660e-04  1.05311e-02
2.722208995e+03  1.0542834e-02  2.84716e-04  1.05428e-02
2.722170107e+03  1.0545654e-02  2.84247e-04  1.05457e-02
2.722131219e+03  1.0545967e-02  2.88873e-04  1.05460e-02
2.722092332e+03  1.0118519e-02  2.95609e-04  1.01185e-02
2.722053446e+03  1.0272577e-02  3.08791e-04  1.02726e-02
2.722014560e+03  1.0422246e-02  3.38752e-04  1.04222e-02
2.721975674e+03  1.0553758e-02  4.14817e-04  1.05538e-02
2.721936790e+03  1.0555589e-02  5.82757e-04  1.05556e-02
2.721897905e+03  1.0557663e-02  6.41294e-04  1.05577e-02
2.721859022e+03  1.0516687e-02  5.55613e-04  1.05167e-02
2.721820139e+03  1.0561174e-02  4.05118e-04  1.05612e-02
2.721781256e+03  1.0563122e-02  3.40394e-04  1.05631e-02
2.721742374e+03  1.0564446e-02  3.17464e-04  1.05644e-02
2.721703492e+03  1.0566329e-02  3.10919e-04  1.05663e-02
2.721664612e+03  1.0568315e-02  2.98393e-04  1.05683e-02
2.721625731e+03  1.0561218e-02  2.87520e-04  1.05612e-02
2.721586851e+03  1.0571669e-02  2.82537e-04  1.05717e-02
2.721547972e+03  1.0573459e-02  2.79487e-04  1.05735e-02
2.721509093e+03  1.0575170e-02  2.82561e-04  1.05752e-02
2.721470215e+03  1.0576867e-02  2.79546e-04  1.05769e-02
2.721431338e+03  1.0576806e-02  2.75966e-04  1.05768e-02
2.721392461e+03  1.0579068e-02  2.76778e-04  1.05791e-02
2.721353584e+03  1.0552167e-02  2.76091e-04  1.05522e-02
2.721314708e+03  1.0583615e-02  2.76615e-04  1.05836e-02
2.721275833e+03  1.0585271e-02  2.81810e-04  1.05853e-02
2.721236958e+03  1.0586666e-02  2.91815e-04  1.05867e-02
2.721198084e+03  1.0588622e-02  2.81483e-04  1.05886e-02
2.721159210e+03  1.0590258e-02  2.82080e-04  1.05903e-02
2.721120337e+03  1.0591350e-02  2.84415e-04  1.05913e-02
2.721081464e+03  1.0388610e-02  2.88294e-04  1.03886e-02
2.721042592e+03  1.0591890e-02  2.96861e-04  1.05919e-02
2.721003721e+03  1.0128818e-02  3.13436e-04  1.01288e-02
2.720964850e+03  1.0582474e-02  3.51795e-04  1.05825e-02
2.720925979e+03  1.0596804e-02  4.13098e-04  1.05968e-02
2.720887110e+03  1.0602120e-02  4.32158e-04  1.06021e-02
2.720848240e+03  1.0603983e-02  4.49393e-04  1.06040e-02
2.720809372e+03  1.0605686e-02  4.50879e-04  1.06057e-02
2.720770504e+03  1.0606846e-02  3.95302e-04  1.06068e-02
2.720731636e+03  1.0525419e-02  3.35258e-04  1.05254e-02
2.720692769e+03  1.0486630e-02  3.19673e-04  1.04866e-02
2.720653902e+03  1.0307277e-02  3.21461e-04  1.03073e-02
2.720615037e+03  1.0578936e-02  3.43627e-04  1.05789e-02
2.720576171e+03  1.0615668e-02  4.00642e-04  1.06157e-02
2.720537306e+03  1.0617644e-02  4.48460e-04  1.06176e-02
2.720498442e+03  1.0608186e-02  4.48167e-04  1.06082e-02
2.720459578e+03  1.0617866e-02  3.97920e-04  1.06179e-02
2.720420715e+03  1.0622949e-02  3.41898e-04  1.06229e-02
2.720381853e+03  1.0619590e-02  3.16991e-04  1.06196e-02
2.720342991e+03  1.0625817e-02  3.11859e-04  1.06258e-02
2.720304129e+03  1.0319728e-02  3.09133e-04  1.03197e-02
2.720265268e+03  1.0603696e-02  3.07066e-04  1.06037e-02
2.720226408e+03  1.0628851e-02  3.19020e-04  1.06289e-02
2.720187548e+03  1.0633011e-02  3.64328e-04  1.06330e-02
2.720148689e+03  1.0539032e-02  4.98911e-04  1.05390e-02
2.720109830e+03  1.0635663e-02  5.39658e-04  1.06357e-02
2.720070972e+03  1.0636182e-02  3.90357e-04  1.06362e-02
2.720032114e+03  1.0628561e-02  3.43933e-04  1.06286e-02
2.719993257e+03  1.0641937e-02  3.50585e-04  1.06419e-02
2.719954401e+03  1.0643669e-02  3.35166e-04  1.06437e-02
2.719915545e+03  1.0642883e-02  3.06987e-04  1.06429e-02
2.719876689e+03  1.0610939e-02  2.93453e-04  1.06109e-02
2.719837835e+03  1.0648398e-02  2.84459e-04  1.06484e-02
2.719798980e+03  1.0620153e-02  2.79627e-04  1.06202e-02
2.719760127e+03  1.0647445e-02  2.77684e-04  1.06474e-02
2.719721273e+03  1.0653973e-02  2.78721e-04  1.06540e-02
2.719682421e+03  1.0653760e-02  2.82013e-04  1.06538e-02
2.719643569e+03  1.0657485e-02  2.92215e-04  1.06575e-02
2.719604717e+03  1.0659221e-02  2.91278e-04  1.06592e-02
2.719565866e+03  1.0660946e-02  2.80450e-04  1.06609e-02
2.719527016e+03  1.0662375e-02  2.75254e-04  1.06624e-02
2.719488166e+03  1.0663962e-02  2.74594e-04  1.06640e-02
2.719449317e+03  1.0666116e-02  2.74427e-04  1.06661e-02
2.719410468e+03  1.0667810e-02  2.71192e-04  1.06678e-02
2.719371620e+03  1.0669558e-02  2.70305e-04  1.06696e-02
2.719332772e+03  1.0671270e-02  2.69999e-04  1.06713e-02
2.719293925e+03  1.0671226e-02  2.69874e-04  1.06712e-02
2.719255079e+03  1.0665397e-02  2.70030e-04  1.06654e-02
2.719216233e+03  1.0676351e-02  2.70817e-04  1.06764e-02
2.719177387e+03  1.0674861e-02  2.71839e-04  1.06749e-02
2.719138543e+03  1.0658646e-02  2.74838e-04  1.06586e-02
2.719099698e+03  1.0659917e-02  2.76807e-04  1.06599e-02
2.719060855e+03  1.0682902e-02  2.74227e-04  1.06829e-02
2.719022011e+03  1.0685016e-02  2.72377e-04  1.06850e-02
2.718983169e+03  1.0686712e-02  2.71972e-04  1.06867e-02
2.718944327e+03  1.0673673e-02  2.72284e-04  1.06737e-02
2.718905485e+03  1.0689532e-02  2.73567e-04  1.06895e-02
2.718866644e+03  1.0691195e-02  2.76176e-04  1.06912e-02
2.718827804e+03  1.0608809e-02  2.81448e-04  1.06088e-02
2.718788964e+03  1.0620912e-02  2.90863e-04  1.06209e-02
2.718750125e+03  1.0696454e-02  3.02657e-04  1.06965e-02
2.718711286e+03  1.0604096e-02  3.29937e-04  1.06041e-02
2.718672448e+03  1.0699848e-02  3.94800e-04  1.06998e-02
2.718633610e+03  1.0702092e-02  3.90389e-04  1.07021e-02
2.718594773e+03  1.0700363e-02  3.44265e-04  1.07004e-02
2.718555937e+03  1.0705667e-02  3.44159e-04  1.07057e-02
2.718517101e+03  1.0705252e-02  3.24583e-04  1.07053e-02
2.718478265e+03  1.0709018e-02  2.99048e-04  1.07090e-02
2.718439430e+03  1.0710906e-02  2.85824e-04  1.07109e-02
2.718400596e+03  1.0709133e-02  2.79314e-04  1.07091e-02
2.718361762e+03  1.0671397e-02  2.75011e-04  1.06714e-02
2.718322929e+03  1.0715801e-02  2.73025e-04  1.07158e-02
2.718284097e+03  1.0717855e-02  2.71756e-04  1.07179e-02
2.718245264e+03  1.0719592e-02  2.71547e-04  1.07196e-02
2.718206433e+03  1.0721202e-02  2.73159e-04  1.07212e-02
2.718167602e+03  1.0723053e-02  2.72650e-04  1.07231e-02
2.718128772e+03  1.0724773e-02  2.76518e-04  1.07248e-02
2.718089942e+03  1.0726460e-02  2.75876e-04  1.07265e-02
2.718051112e+03  1.0727630e-02  2.85941e-04  1.07276e-02
2.718012284e+03  1.0729949e-02  2.78353e-04  1.07299e-02
2.717973455e+03  1.0730734e-02  2.74889e-04  1.07307e-02
2.717934628e+03  1.0732872e-02  2.75201e-04  1.07329e-02
2.717895801e+03  1.0639277e-02  2.74596e-04  1.06393e-02
2.717856974e+03  1.0736700e-02  2.77845e-04  1.07367e-02
2.717818148e+03  1.0738377e-02  2.87208e-04  1.07384e-02
2.717779323e+03  1.0740348e-02  3.20699e-04  1.07403e-02
2.717740498e+03  1.0742082e-02  3.99415e-04  1.07421e-02
2.717701674e+03  1.0743791e-02  3.28126e-04  1.07438e-02
2.717662850e+03  1.0742658e-02  2.88915e-04  1.07427e-02
2.717624027e+03  1.0680782e-02  2.78273e-04  1.06808e-02
2.717585204e+03  1.0747673e-02  2.75521e-04  1.07477e-02
2.717546382e+03  1.0750721e-02  2.73790e-04  1.07507e-02
2.717507560e+03  1.0752487e-02  2.74636e-04  1.07525e-02
2.717468739e+03  1.0754230e-02  2.78597e-04  1.07542e-02
2.717429919e+03  1.0755919e-02  2.84883e-04  1.07559e-02
2.717391099e+03  1.0757696e-02  2.77441e-04  1.07577e-02
2.717352280e+03  1.0756494e-02  2.78430e-04  1.07565e-02
2.717313461e+03  1.0758975e-02  3.05727e-04  1.07590e-02
2.717274643e+03  1.0757543e-02  3.02224e-04  1.07575e-02
2.717235825e+03  1.0764370e-02  2.98843e-04  1.07644e-02
2.717197008e+03  1.0766361e-02  3.16941e-04  1.07664e-02
2.717158192e+03  1.0766843e-02  2.83647e-04  1.07668e-02
2.717119376e+03  1.0769746e-02  2.77736e-04  1.07697e-02
2.717080560e+03  1.0737353e-02  2.74706e-04  1.07374e-02
2.717041745e+03  1.0772698e-02  2.74963e-04  1.07727e-02
2.717002931e+03  1.0773990e-02  2.77030e-04  1.07740e-02
2.716964117e+03  1.0741646e-02  2.84041e-04  1.07416e-02
2.716925304e+03  1.0778219e-02  2.99728e-04  1.07782e-02
2.716886491e+03  1.0726972e-02  3.02779e-04  1.07270e-02
2.716847679e+03  1.0781889e-02  2.99045e-04  1.07819e-02
2.716808868e+03  1.0783737e-02  3.07714e-04  1.07837e-02
2.716770057e+03  1.0785372e-02  2.93740e-04  1.07854e-02
2.716731246e+03  1.0786922e-02  2.79905e-04  1.07869e-02
2.716692436e+03  1.0787958e-02  2.75052e-04  1.07880e-02
2.716653627e+03  1.0790713e-02  2.72579e-04  1.07907e-02
2.716614818e+03  1.0792415e-02  2.71614e-04  1.07924e-02
2.716576010e+03  1.0793872e-02  2.71361e-04  1.07939e-02
2.716537202e+03  1.0795882e-02  2.71783e-04  1.07959e-02
2.716498395e+03  1.0797512e-02  2.72511e-04  1.07975e-02
2.716459589e+03  1.0798023e-02  2.73428e-04  1.07980e-02
2.716420783e+03  1.0651005e-02  2.75302e-04  1.06510e-02
2.716381977e+03  1.0802272e-02  2.80503e-04  1.08023e-02
2.716343172e+03  1.0804511e-02  2.88701e-04  1.08045e-02
2.716304368e+03  1.0806113e-02  3.10206e-04  1.08061e-02
2.716265564e+03  1.0808081e-02  3.34747e-04  1.08081e-02
2.716226761e+03  1.0809816e-02  3.13862e-04  1.08098e-02
2.716187958e+03  1.0811427e-02  2.91381e-04  1.08114e-02
2.716149156e+03  1.0743039e-02  2.82396e-04  1.07430e-02
2.716110354e+03  1.0749086e-02  2.79858e-04  1.07491e-02
2.716071553e+03  1.0815027e-02  2.80545e-04  1.08150e-02
2.716032753e+03  1.0815252e-02  2.86657e-04  1.08153e-02
2.715993953e+03  1.0820025e-02  3.08561e-04  1.08200e-02
2.715955154e+03  1.0822061e-02  3.47313e-04  1.08221e-02
2.715916355e+03  1.0823812e-02  3.13854e-04  1.08238e-02
2.715877557e+03  1.0825555e-02  2.87274e-04  1.08256e-02
2.715838759e+03  1.0826988e-02  2.80146e-04  1.08270e-02
2.715799962e+03  1.0827612e-02  2.76294e-04  1.08276e-02
2.715761165e+03  1.0830785e-02  2.73516e-04  1.08308e-02
2.715722369e+03  1.0832318e-02  2.71946e-04  1.08323e-02
2.715683574e+03  1.0834259e-02  2.71606e-04  1.08343e-02
2.715644779e+03  1.0834256e-02  2.72139e-04  1.08343e-02
2.715605984e+03  1.0837036e-02  2.72805e-04  1.08370e-02
2.715567191e+03  1.0799533e-02  2.75211e-04  1.07995e-02
2.715528397e+03  1.0840955e-02  2.74938e-04  1.08410e-02
2.715489605e+03  1.0842490e-02  2.77712e-04  1.08425e-02
2.715450812e+03  1.0844497e-02  2.85143e-04  1.08445e-02
2.715412021e+03  1.0791241e-02  2.97856e-04  1.07912e-02
2.715373230e+03  1.0844221e-02  2.93637e-04  1.08442e-02
2.715334439e+03  1.0849878e-02  2.82724e-04  1.08499e-02
2.715295649e+03  1.0851662e-02  2.75894e-04  1.08517e-02
2.715256860e+03  1.0852727e-02  2.74404e-04  1.08527e-02
2.715218071e+03  1.0841837e-02  2.75330e-04  1.08418e-02
2.715179283e+03  1.0856402e-02  2.76393e-04  1.08564e-02
2.715140495e+03  1.0732569e-02  2.79502e-04  1.07326e-02
2.715101708e+03  1.0762540e-02  2.89712e-04  1.07625e-02
2.715062921e+03  1.0861664e-02  3.03407e-04  1.08617e-02
2.715024135e+03  1.0852482e-02  3.09164e-04  1.08525e-02
2.714985350e+03  1.0858583e-02  3.32161e-04  1.08586e-02
2.714946565e+03  1.0867239e-02  3.41505e-04  1.08672e-02
2.714907780e+03  1.0868543e-02  3.16233e-04  1.08685e-02
2.714868997e+03  1.0870827e-02  3.17238e-04  1.08708e-02
2.714830213e+03  1.0872696e-02  3.29603e-04  1.08727e-02
2.714791431e+03  1.0874474e-02  3.07481e-04  1.08745e-02
2.714752648e+03  1.0876204e-02  3.60480e-04  1.08762e-02
2.714713867e+03  1.0877333e-02  2.99388e-04  1.08773e-02
2.714675086e+03  1.0809627e-02  2.79567e-04  1.08096e-02
2.714636305e+03  1.0880397e-02  2.75601e-04  1.08804e-02
2.714597525e+03  1.0879512e-02  2.76166e-04  1.08795e-02
2.714558746e+03  1.0884983e-02  2.81421e-04  1.08850e-02
2.714519967e+03  1.0886751e-02  2.87154e-04  1.08868e-02
2.714481189e+03  1.0888508e-02  2.79039e-04  1.08885e-02
2.714442411e+03  1.0890260e-02  2.81909e-04  1.08903e-02
2.714403634e+03  1.0889934e-02  2.78885e-04  1.08899e-02
2.714364857e+03  1.0893485e-02  2.73849e-04  1.08935e-02
2.714326081e+03  1.0893591e-02  2.74567e-04  1.08936e-02
2.714287305e+03  1.0897278e-02  2.71600e-04  1.08973e-02
2.714248530e+03  1.0898669e-02  2.74559e-04  1.08987e-02
2.714209756e+03  1.0900621e-02  2.86073e-04  1.09006e-02
2.714170982e+03  1.0902552e-02  2.74515e-04  1.09026e-02
2.714132209e+03  1.0904305e-02  2.71084e-04  1.09043e-02
2.714093436e+03  1.0906045e-02  2.69803e-04  1.09060e-02
2.714054664e+03  1.0903419e-02  2.69591e-04  1.09034e-02
2.714015892e+03  1.0896108e-02  2.70201e-04  1.08961e-02
2.713977121e+03  1.0911050e-02  2.71062e-04  1.09111e-02
2.713938351e+03  1.0885338e-02  2.73932e-04  1.08853e-02
2.713899581e+03  1.0882838e-02  2.84978e-04  1.08828e-02
2.713860811e+03  1.0913341e-02  2.97310e-04  1.09133e-02
2.713822042e+03  1.0917873e-02  2.80914e-04  1.09179e-02
2.713783274e+03  1.0920117e-02  2.72952e-04  1.09201e-02
2.713744506e+03  1.0921704e-02  2.71054e-04  1.09217e-02
2.713705739e+03  1.0923639e-02  2.72389e-04  1.09236e-02
2.713666972e+03  1.0925140e-02  2.83194e-04  1.09251e-02
2.713628206e+03  1.0927154e-02  2.74550e-04  1.09272e-02
2.713589441e+03  1.0928908e-02  2.70314e-04  1.09289e-02
2.713550676e+03  1.0930021e-02  2.69229e-04  1.09300e-02
2.713511911e+03  1.0932430e-02  2.68631e-04  1.09324e-02
2.713473147e+03  1.0934186e-02  2.68613e-04  1.09342e-02
2.713434384e+03  1.0935785e-02  2.68483e-04  1.09358e-02
2.713395621e+03  1.0936538e-02  2.68845e-04  1.09365e-02
2.713356859e+03  1.0934597e-02  2.68915e-04  1.09346e-02
2.713318097e+03  1.0941207e-02  2.69186e-04  1.09412e-02
2.713279336e+03  1.0942844e-02  2.70650e-04  1.09428e-02
2.713240575e+03  1.0944696e-02  2.73392e-04  1.09447e-02
2.713201815e+03  1.0945453e-02  2.76032e-04  1.09455e-02
2.713163056e+03  1.0888027e-02  2.72396e-04  1.08880e-02
2.713124297e+03  1.0949946e-02  2.70052e-04  1.09499e-02
2.713085539e+03  1.0948137e-02  2.69693e-04  1.09481e-02
2.713046781e+03  1.0953526e-02  2.70280e-04  1.09535e-02
2.713008024e+03  1.0955300e-02  2.69617e-04  1.09553e-02
2.712969267e+03  1.0957060e-02  2.70122e-04  1.09571e-02
2.712930511e+03  1.0958532e-02  2.72366e-04  1.09585e-02
2.712891755e+03  1.0952669e-02  2.70038e-04  1.09527e-02
2.712853000e+03  1.0961282e-02  2.69966e-04  1.09613e-02
2.712814246e+03  1.0964104e-02  2.71636e-04  1.09641e-02
2.712775492e+03  1.0965880e-02  2.76786e-04  1.09659e-02
2.712736738e+03  1.0967645e-02  2.89391e-04  1.09676e-02
2.712697985e+03  1.0969269e-02  2.78601e-04  1.09693e-02
2.712659233e+03  1.0971171e-02  2.72643e-04  1.09712e-02
2.712620481e+03  1.0972938e-02  2.71003e-04  1.09729e-02
2.712581730e+03  1.0974614e-02  2.70601e-04  1.09746e-02
2.712542980e+03  1.0976359e-02  2.70969e-04  1.09764e-02
2.712504230e+03  1.0978197e-02  2.71526e-04  1.09782e-02
2.712465480e+03  1.0979558e-02  2.72384e-04  1.09796e-02
2.712426731e+03  1.0920171e-02  2.73402e-04  1.09202e-02
2.712387983e+03  1.0983427e-02  2.76996e-04  1.09834e-02
2.712349235e+03  1.0985266e-02  2.81100e-04  1.09853e-02
2.712310488e+03  1.0983551e-02  2.90926e-04  1.09836e-02
2.712271741e+03  1.0988837e-02  3.31935e-04  1.09888e-02
2.712232995e+03  1.0990086e-02  3.08921e-04  1.09901e-02
2.712194249e+03  1.0992155e-02  3.29796e-04  1.09922e-02
2.712155504e+03  1.0994158e-02  5.39702e-04  1.09942e-02
2.712116759e+03  1.0995928e-02  6.26415e-04  1.09959e-02
2.712078015e+03  1.0997696e-02  5.33385e-04  1.09977e-02
2.712039272e+03  1.0999458e-02  5.56096e-04  1.09995e-02
2.712000529e+03  1.1001168e-02  4.16400e-04  1.10012e-02
2.711961787e+03  1.1002885e-02  3.18798e-04  1.10029e-02
2.711923045e+03  1.1004657e-02  3.05482e-04  1.10047e-02
2.711884304e+03  1.1006520e-02  2.91296e-04  1.10065e-02
2.711845563e+03  1.1006535e-02  2.93301e-04  1.10065e-02
2.711806823e+03  1.1008100e-02  3.18643e-04  1.10081e-02
2.711768084e+03  1.1006969e-02  4.64914e-04  1.10070e-02
2.711729345e+03  1.1013286e-02  3.52422e-04  1.10133e-02
2.711690606e+03  1.0950598e-02  3.02848e-04  1.09506e-02
2.711651868e+03  1.1014457e-02  2.93308e-04  1.10145e-02
2.711613131e+03  1.1015908e-02  2.96891e-04  1.10159e-02
2.711574394e+03  1.1017192e-02  3.06543e-04  1.10172e-02
2.711535658e+03  1.1021263e-02  3.02065e-04  1.10213e-02
2.711496922e+03  1.1024232e-02  3.04308e-04  1.10242e-02
2.711458187e+03  1.1025795e-02  3.05793e-04  1.10258e-02
2.711419453e+03  1.1027747e-02  3.15250e-04  1.10277e-02
2.711380719e+03  1.1028986e-02  3.51324e-04  1.10290e-02
2.711341985e+03  1.1029119e-02  5.33229e-04  1.10291e-02
2.711303252e+03  1.1033100e-02  5.04918e-04  1.10331e-02
2.711264520e+03  1.1034873e-02  5.06586e-04  1.10349e-02
2.711225788e+03  1.1036634e-02  3.78609e-04  1.10366e-02
2.711187057e+03  1.1036119e-02  3.02761e-04  1.10361e-02
2.711148326e+03  1.1039717e-02  2.86140e-04  1.10397e-02
2.711109596e+03  1.0996590e-02  2.80748e-04  1.09966e-02
2.711070866e+03  1.1043536e-02  2.80029e-04  1.10435e-02
2.711032137e+03  1.1045373e-02  2.83585e-04  1.10454e-02
2.710993409e+03  1.1047117e-02  2.95934e-04  1.10471e-02
2.710954681e+03  1.0987773e-02  3.34361e-04  1.09878e-02
2.710915954e+03  1.1050692e-02  2.95749e-04  1.10507e-02
2.710877227e+03  1.1051949e-02  2.80185e-04  1.10519e-02
2.710838501e+03  1.1054384e-02  2.75364e-04  1.10544e-02
2.710799775e+03  1.1052899e-02  2.72810e-04  1.10529e-02
2.710761050e+03  1.1057893e-02  2.71685e-04  1.10579e-02
2.710722325e+03  1.1059576e-02  2.71199e-04  1.10596e-02
2.710683601e+03  1.1061450e-02  2.71276e-04  1.10615e-02
2.710644878e+03  1.1048120e-02  2.71161e-04  1.10481e-02
2.710606155e+03  1.1064961e-02  2.71630e-04  1.10650e-02
2.710567432e+03  1.1066760e-02  2.72915e-04  1.10668e-02
2.710528710e+03  1.1052198e-02  2.76400e-04  1.10522e-02
2.710489989e+03  1.1067575e-02  2.81534e-04  1.10676e-02
2.710451268e+03  1.1072152e-02  2.80320e-04  1.10722e-02
2.710412548e+03  1.1073810e-02  2.78078e-04  1.10738e-02
2.710373829e+03  1.1075734e-02  2.80167e-04  1.10757e-02
2.710335109e+03  1.1077511e-02  2.82950e-04  1.10775e-02
2.710296391e+03  1.1079255e-02  2.77021e-04  1.10793e-02
2.710257673e+03  1.1080945e-02  2.72521e-04  1.10809e-02
2.710218956e+03  1.1022057e-02  2.70737e-04  1.10221e-02
2.710180239e+03  1.1074367e-02  2.70282e-04  1.10744e-02
2.710141522e+03  1.1086373e-02  2.70674e-04  1.10864e-02
2.710102807e+03  1.1088191e-02  2.71183e-04  1.10882e-02
2.710064091e+03  1.1089951e-02  2.73699e-04  1.10900e-02
2.710025377e+03  1.1088495e-02  2.75333e-04  1.10885e-02
2.709986663e+03  1.1093547e-02  2.72732e-04  1.10935e-02
2.709947949e+03  1.1095335e-02  2.71518e-04  1.10953e-02
2.709909236e+03  1.1097117e-02  2.74048e-04  1.10971e-02
2.709870524e+03  1.1098764e-02  2.71056e-04  1.10988e-02
2.709831812e+03  1.1100673e-02  2.69916e-04  1.11007e-02
2.709793100e+03  1.1102458e-02  2.69431e-04  1.11025e-02
2.709754390e+03  1.1104227e-02  2.69500e-04  1.11042e-02
2.709715679e+03  1.1106017e-02  2.70080e-04  1.11060e-02
2.709676970e+03  1.1107742e-02  2.69664e-04  1.11077e-02
2.709638261e+03  1.1109505e-02  2.69814e-04  1.11095e-02
2.709599552e+03  1.1111323e-02  2.70298e-04  1.11113e-02
2.709560844e+03  1.1112330e-02  2.71050e-04  1.11123e-02
2.709522137e+03  1.1109183e-02  2.73028e-04  1.11092e-02
2.709483430e+03  1.0997532e-02  2.74102e-04  1.09975e-02
2.709444723e+03  1.1118037e-02  2.78124e-04  1.11180e-02
2.709406018e+03  1.1120209e-02  2.90794e-04  1.11202e-02
2.709367312e+03  1.1122043e-02  2.95699e-04  1.11220e-02
2.709328608e+03  1.1123843e-02  2.99623e-04  1.11238e-02
2.709289904e+03  1.1122542e-02  2.88031e-04  1.11225e-02
2.709251200e+03  1.1126498e-02  2.79573e-04  1.11265e-02
2.709212497e+03  1.1129212e-02  2.75749e-04  1.11292e-02
2.709173794e+03  1.1131008e-02  2.75289e-04  1.11310e-02
2.709135092e+03  1.1132796e-02  2.78054e-04  1.11328e-02
2.709096391e+03  1.1134583e-02  2.89549e-04  1.11346e-02
2.709057690e+03  1.1135465e-02  3.46032e-04  1.11355e-02
2.709018990e+03  1.1138087e-02  3.11476e-04  1.11381e-02
2.708980290e+03  1.1139879e-02  2.80182e-04  1.11399e-02
2.708941591e+03  1.1141731e-02  2.75463e-04  1.11417e-02
2.708902893e+03  1.1142755e-02  2.74778e-04  1.11428e-02
2.708864194e+03  1.1144371e-02  2.75593e-04  1.11444e-02
2.708825497e+03  1.1147034e-02  2.80635e-04  1.11470e-02
2.708786800e+03  1.1148813e-02  2.76703e-04  1.11488e-02
2.708748104e+03  1.1095880e-02  2.82683e-04  1.10959e-02
2.708709408e+03  1.1151945e-02  2.89043e-04  1.11519e-02
2.708670712e+03  1.1154211e-02  2.75989e-04  1.11542e-02
2.708632018e+03  1.1156018e-02  2.72886e-04  1.11560e-02
2.708593324e+03  1.1157809e-02  2.72054e-04  1.11578e-02
2.708554630e+03  1.1159440e-02  2.71988e-04  1.11594e-02
2.708515937e+03  1.1158621e-02  2.71892e-04  1.11586e-02
2.708477244e+03  1.1163082e-02  2.72528e-04  1.11631e-02
2.708438552e+03  1.1164739e-02  2.73902e-04  1.11647e-02
2.708399861e+03  1.1166088e-02  2.75234e-04  1.11661e-02
2.708361170e+03  1.1162130e-02  2.77843e-04  1.11621e-02
2.708322480e+03  1.0780890e-02  2.81518e-04  1.07809e-02
2.708283790e+03  1.1170395e-02  2.90715e-04  1.11704e-02
2.708245101e+03  1.1172807e-02  3.09240e-04  1.11728e-02
2.708206412e+03  1.1175582e-02  3.48545e-04  1.11756e-02
2.708167724e+03  1.1177464e-02  3.81534e-04  1.11775e-02
2.708129036e+03  1.1179236e-02  3.43305e-04  1.11792e-02
2.708090349e+03  1.1177558e-02  3.06845e-04  1.11776e-02
2.708051663e+03  1.1182865e-02  2.89574e-04  1.11829e-02
2.708012977e+03  1.1135164e-02  2.81875e-04  1.11352e-02
2.707974292e+03  1.1184450e-02  2.78630e-04  1.11845e-02
2.707935607e+03  1.1188293e-02  2.78745e-04  1.11883e-02
2.707896923e+03  1.1188578e-02  2.76202e-04  1.11886e-02
2.707858239e+03  1.1191921e-02  2.73637e-04  1.11919e-02
2.707819556e+03  1.1193603e-02  2.72646e-04  1.11936e-02
2.707780873e+03  1.1194627e-02  2.72801e-04  1.11946e-02
2.707742191e+03  1.1194809e-02  2.73325e-04  1.11948e-02
2.707703510e+03  1.1199015e-02  2.73264e-04  1.11990e-02
2.707664829e+03  1.1200923e-02  2.75296e-04  1.12009e-02
2.707626148e+03  1.1202502e-02  2.77945e-04  1.12025e-02
2.707587469e+03  1.1203974e-02  2.73105e-04  1.12040e-02
2.707548789e+03  1.1206283e-02  2.70927e-04  1.12063e-02
2.707510111e+03  1.1208108e-02  2.70404e-04  1.12081e-02
2.707471432e+03  1.1209902e-02  2.70234e-04  1.12099e-02
2.707432755e+03  1.1211693e-02  2.70173e-04  1.12117e-02
2.707394078e+03  1.1213472e-02  2.70711e-04  1.12135e-02
2.707355401e+03  1.1215236e-02  2.70970e-04  1.12152e-02
2.707316725e+03  1.1216967e-02  2.73368e-04  1.12170e-02
2.707278050e+03  1.1184538e-02  2.73505e-04  1.11845e-02
2.707239375e+03  1.1176822e-02  2.72276e-04  1.11768e-02
2.707200701e+03  1.1206098e-02  2.73623e-04  1.12061e-02
2.707162027e+03  1.1224074e-02  2.79183e-04  1.12241e-02
2.707123354e+03  1.1219019e-02  2.84098e-04  1.12190e-02
2.707084681e+03  1.1219494e-02  2.86580e-04  1.12195e-02
2.707046009e+03  1.1229571e-02  2.84366e-04  1.12296e-02
2.707007338e+03  1.1229302e-02  2.80763e-04  1.12293e-02
2.706968667e+03  1.1232397e-02  2.77655e-04  1.12324e-02
2.706929996e+03  1.1235088e-02  2.76189e-04  1.12351e-02
2.706891326e+03  1.1236898e-02  2.73558e-04  1.12369e-02
2.706852657e+03  1.1238672e-02  2.72012e-04  1.12387e-02
2.706813988e+03  1.1240505e-02  2.71121e-04  1.12405e-02
2.706775320e+03  1.1242308e-02  2.71138e-04  1.12423e-02
2.706736652e+03  1.1244110e-02  2.70869e-04  1.12441e-02
2.706697985e+03  1.1245911e-02  2.70286e-04  1.12459e-02
2.706659319e+03  1.1247709e-02  2.70415e-04  1.12477e-02
2.706620653e+03  1.1249470e-02  2.70237e-04  1.12495e-02
2.706581987e+03  1.1250293e-02  2.70599e-04  1.12503e-02
2.706543322e+03  1.1251685e-02  2.70957e-04  1.12517e-02
2.706504658e+03  1.1213938e-02  2.71547e-04  1.12139e-02
2.706465994e+03  1.1256611e-02  2.72681e-04  1.12566e-02
2.706427331e+03  1.1258286e-02  2.78788e-04  1.12583e-02
2.706388668e+03  1.1228537e-02  2.82359e-04  1.12285e-02
2.706350006e+03  1.1176734e-02  2.82080e-04  1.11767e-02
2.706311344e+03  1.1262955e-02  2.83655e-04  1.12630e-02
2.706272683e+03  1.1265678e-02  2.86593e-04  1.12657e-02
2.706234023e+03  1.1265135e-02  2.99275e-04  1.12651e-02
2.706195363e+03  1.1269354e-02  3.05519e-04  1.12694e-02
2.706156704e+03  1.1271177e-02  2.92586e-04  1.12712e-02
2.706118045e+03  1.1272975e-02  2.81173e-04  1.12730e-02
2.706079386e+03  1.1274796e-02  2.76521e-04  1.12748e-02
2.706040729e+03  1.1276609e-02  2.73887e-04  1.12766e-02
2.706002072e+03  1.1278411e-02  2.72208e-04  1.12784e-02
2.705963415e+03  1.1279838e-02  2.71781e-04  1.12798e-02
2.705924759e+03  1.1282030e-02  2.70947e-04  1.12820e-02
2.705886103e+03  1.1283834e-02  2.70491e-04  1.12838e-02
2.705847448e+03  1.1285602e-02  2.70311e-04  1.12856e-02
2.705808794e+03  1.1287111e-02  2.70236e-04  1.12871e-02
2.705770140e+03  1.1253393e-02  2.70159e-04  1.12534e-02
2.705731487e+03  1.1291025e-02  2.70912e-04  1.12910e-02
2.705692834e+03  1.1292685e-02  2.69997e-04  1.12927e-02
2.705654182e+03  1.1293560e-02  2.69820e-04  1.12936e-02
2.705615530e+03  1.1296505e-02  2.70944e-04  1.12965e-02
2.705576879e+03  1.1298322e-02  2.71430e-04  1.12983e-02
2.705538229e+03  1.1300135e-02  2.70826e-04  1.13001e-02
2.705499579e+03  1.1301941e-02  2.71347e-04  1.13019e-02
2.705460929e+03  1.1301846e-02  2.70819e-04  1.13018e-02
2.705422280e+03  1.1305559e-02  2.69950e-04  1.13056e-02
2.705383632e+03  1.1307385e-02  2.69657e-04  1.13074e-02
2.705344984e+03  1.1309199e-02  2.69832e-04  1.13092e-02
2.705306337e+03  1.1310932e-02  2.69498e-04  1.13109e-02
2.705267690e+03  1.1312824e-02  2.69521e-04  1.13128e-02
2.705229044e+03  1.1314577e-02  2.69840e-04  1.13146e-02
2.705190399e+03  1.1316373e-02  2.69916e-04  1.13164e-02
2.705151753e+03  1.1318256e-02  2.71440e-04  1.13183e-02
2.705113109e+03  1.1320053e-02  2.71211e-04  1.13201e-02
2.705074465e+03  1.1321692e-02  2.70391e-04  1.13217e-02
2.705035822e+03  1.1293439e-02  2.70423e-04  1.12934e-02
2.704997179e+03  1.1325458e-02  2.70272e-04  1.13255e-02
2.704958537e+03  1.1327205e-02  2.70478e-04  1.13272e-02
2.704919895e+03  1.1329120e-02  2.70990e-04  1.13291e-02
2.704881254e+03  1.1330955e-02  2.72011e-04  1.13310e-02
2.704842613e+03  1.1332770e-02  2.74074e-04  1.13328e-02
2.704803973e+03  1.1334582e-02  2.78857e-04  1.13346e-02
2.704765334e+03  1.1336136e-02  2.97648e-04  1.13361e-02
2.704726695e+03  1.1337942e-02  3.64008e-04  1.13379e-02
2.704688056e+03  1.1338551e-02  3.00456e-04  1.13386e-02
2.704649418e+03  1.1341796e-02  2.92087e-04  1.13418e-02
2.704610781e+03  1.1332537e-02  3.40488e-04  1.13325e-02
2.704572144e+03  1.1345414e-02  3.17504e-04  1.13454e-02
2.704533508e+03  1.1347285e-02  3.17503e-04  1.13473e-02
2.704494873e+03  1.1349106e-02  2.85032e-04  1.13491e-02
2.704456237e+03  1.1350919e-02  2.80691e-04  1.13509e-02
2.704417603e+03  1.1350611e-02  2.76522e-04  1.13506e-02
2.704378969e+03  1.1354132e-02  2.73800e-04  1.13541e-02
2.704340335e+03  1.1355130e-02  2.72896e-04  1.13551e-02
2.704301703e+03  1.1335471e-02  2.73722e-04  1.13355e-02
2.704263070e+03  1.1359968e-02  2.72249e-04  1.13600e-02
2.704224438e+03  1.1361751e-02  2.72057e-04  1.13618e-02
2.704185807e+03  1.1363656e-02  2.71324e-04  1.13637e-02
2.704147177e+03  1.1365479e-02  2.72045e-04  1.13655e-02
2.704108546e+03  1.1367300e-02  2.76891e-04  1.13673e-02
2.704069917e+03  1.1369122e-02  2.72035e-04  1.13691e-02
2.704031288e+03  1.1370938e-02  2.70702e-04  1.13709e-02
2.703992659e+03  1.1372762e-02  2.69974e-04  1.13728e-02
2.703954031e+03  1.1373057e-02  2.69803e-04  1.13731e-02
2.703915404e+03  1.1376393e-02  2.69809e-04  1.13764e-02
2.703876777e+03  1.1378209e-02  2.70264e-04  1.13782e-02
2.703838151e+03  1.1380049e-02  2.70129e-04  1.13800e-02
2.703799525e+03  1.1381868e-02  2.69837e-04  1.13819e-02
2.703760900e+03  1.1383078e-02  2.69810e-04  1.13831e-02
2.703722276e+03  1.1385511e-02  2.70418e-04  1.13855e-02
2.703683652e+03  1.1387331e-02  2.70269e-04  1.13873e-02
2.703645028e+03  1.1389147e-02  2.70879e-04  1.13891e-02
2.703606405e+03  1.1390924e-02  2.72717e-04  1.13909e-02
2.703567783e+03  1.1377398e-02  2.76348e-04  1.13774e-02
2.703529161e+03  1.1394580e-02  2.70999e-04  1.13946e-02
2.703490540e+03  1.1396294e-02  2.70085e-04  1.13963e-02
2.703451919e+03  1.1398267e-02  2.69961e-04  1.13983e-02
2.703413299e+03  1.1400093e-02  2.70408e-04  1.14001e-02
2.703374679e+03  1.1401884e-02  2.71339e-04  1.14019e-02
2.703336060e+03  1.1403700e-02  2.75461e-04  1.14037e-02
2.703297441e+03  1.1405552e-02  2.73516e-04  1.14056e-02
2.703258823e+03  1.1402296e-02  2.73801e-04  1.14023e-02
2.703220206e+03  1.1409129e-02  2.71589e-04  1.14091e-02
2.703181589e+03  1.1409680e-02  2.71689e-04  1.14097e-02
2.703142973e+03  1.1412289e-02  2.72706e-04  1.14123e-02
2.703104357e+03  1.1414670e-02  2.75430e-04  1.14147e-02
2.703065742e+03  1.1416480e-02  2.76762e-04  1.14165e-02
2.703027127e+03  1.1417149e-02  2.73168e-04  1.14171e-02
2.702988513e+03  1.1420173e-02  2.71562e-04  1.14202e-02
2.702949899e+03  1.1422009e-02  2.72005e-04  1.14220e-02
2.702911286e+03  1.1423834e-02  2.72976e-04  1.14238e-02
2.702872674e+03  1.1425647e-02  2.73940e-04  1.14256e-02
2.702834062e+03  1.1419726e-02  2.80816e-04  1.14197e-02
2.702795451e+03  1.1429244e-02  2.89075e-04  1.14292e-02
2.702756840e+03  1.1431148e-02  2.77166e-04  1.14311e-02
2.702718230e+03  1.1432982e-02  2.81082e-04  1.14330e-02
2.702679620e+03  1.1434812e-02  2.82222e-04  1.14348e-02
2.702641011e+03  1.1436642e-02  2.87699e-04  1.14366e-02
2.702602402e+03  1.1438449e-02  2.74967e-04  1.14384e-02
2.702563794e+03  1.1440299e-02  2.71818e-04  1.14403e-02
2.702525187e+03  1.1441243e-02  2.71140e-04  1.14412e-02
2.702486580e+03  1.1443858e-02  2.72218e-04  1.14439e-02
2.702447973e+03  1.1445778e-02  2.72973e-04  1.14458e-02
2.702409367e+03  1.1446417e-02  2.76708e-04  1.14464e-02
2.702370762e+03  1.1449413e-02  2.73261e-04  1.14494e-02
2.702332157e+03  1.1446360e-02  2.72716e-04  1.14464e-02
2.702293553e+03  1.1426851e-02  2.72309e-04  1.14269e-02
2.702254949e+03  1.1449574e-02  2.73464e-04  1.14496e-02
2.702216346e+03  1.1456722e-02  2.76571e-04  1.14567e-02
2.702177744e+03  1.1458612e-02  2.84837e-04  1.14586e-02
2.702139142e+03  1.1460452e-02  2.93350e-04  1.14605e-02
2.702100540e+03  1.1462289e-02  2.91394e-04  1.14623e-02
2.702061939e+03  1.1464081e-02  2.81912e-04  1.14641e-02
2.702023339e+03  1.1465959e-02  2.81032e-04  1.14660e-02
2.701984739e+03  1.1467795e-02  2.74649e-04  1.14678e-02
2.701946140e+03  1.1469627e-02  2.74766e-04  1.14696e-02
2.701907541e+03  1.1471385e-02  2.84354e-04  1.14714e-02
2.701868943e+03  1.1472808e-02  2.75298e-04  1.14728e-02
2.701830346e+03  1.1475126e-02  2.71666e-04  1.14751e-02
2.701791749e+03  1.1476968e-02  2.71275e-04  1.14770e-02
2.701753152e+03  1.1478803e-02  2.71297e-04  1.14788e-02
2.701714556e+03  1.1480637e-02  2.70888e-04  1.14806e-02
2.701675961e+03  1.1481562e-02  2.71341e-04  1.14816e-02
2.701637366e+03  1.1484173e-02  2.71679e-04  1.14842e-02
2.701598772e+03  1.1486143e-02  2.71545e-04  1.14861e-02
2.701560178e+03  1.1487979e-02  2.70729e-04  1.14880e-02
2.701521585e+03  1.1489812e-02  2.71454e-04  1.14898e-02
2.701482992e+03  1.1491617e-02  2.70729e-04  1.14916e-02
2.701444400e+03  1.1493481e-02  2.69984e-04  1.14935e-02
2.701405809e+03  1.1495281e-02  2.69930e-04  1.14953e-02
2.701367218e+03  1.1489400e-02  2.70008e-04  1.14894e-02
2.701328627e+03  1.1498920e-02  2.70276e-04  1.14989e-02
2.701290038e+03  1.1500830e-02  2.70482e-04  1.15008e-02
2.701251448e+03  1.1502230e-02  2.70391e-04  1.15022e-02
2.701212860e+03  1.1504520e-02  2.69968e-04  1.15045e-02
2.701174271e+03  1.1506362e-02  2.69866e-04  1.15064e-02
2.701135684e+03  1.1508203e-02  2.69872e-04  1.15082e-02
2.701097097e+03  1.1510042e-02  2.69904e-04  1.15100e-02
2.701058510e+03  1.1511884e-02  2.70371e-04  1.15119e-02
2.701019924e+03  1.1513725e-02  2.70086e-04  1.15137e-02
2.700981339e+03  1.1515565e-02  2.70057e-04  1.15156e-02
2.700942754e+03  1.1517405e-02  2.70367e-04  1.15174e-02
2.700904169e+03  1.1518342e-02  2.70947e-04  1.15183e-02
2.700865586e+03  1.1521083e-02  2.71405e-04  1.15211e-02
2.700827002e+03  1.1522923e-02  2.70387e-04  1.15229e-02
2.700788420e+03  1.1524765e-02  2.70041e-04  1.15248e-02
2.700749837e+03  1.1526604e-02  2.70011e-04  1.15266e-02
2.700711256e+03  1.1528440e-02  2.70033e-04  1.15284e-02
2.700672675e+03  1.1530246e-02  2.70204e-04  1.15302e-02
2.700634094e+03  1.1516359e-02  2.70584e-04  1.15164e-02
2.700595514e+03  1.1533812e-02  2.71532e-04  1.15338e-02
2.700556935e+03  1.1535795e-02  2.70487e-04  1.15358e-02
2.700518356e+03  1.1537641e-02  2.70415e-04  1.15376e-02
2.700479778e+03  1.1539487e-02  2.70371e-04  1.15395e-02
2.700441200e+03  1.1541330e-02  2.70594e-04  1.15413e-02
2.700402623e+03  1.1543173e-02  2.72630e-04  1.15432e-02
2.700364046e+03  1.1545016e-02  2.74703e-04  1.15450e-02
2.700325470e+03  1.1546860e-02  2.71458e-04  1.15469e-02
2.700286895e+03  1.1548705e-02  2.71222e-04  1.15487e-02
2.700248320e+03  1.1550550e-02  2.70460e-04  1.15505e-02
2.700209745e+03  1.1552395e-02  2.70601e-04  1.15524e-02
2.700171171e+03  1.1554239e-02  2.70945e-04  1.15542e-02
2.700132598e+03  1.1555282e-02  2.70339e-04  1.15553e-02
2.700094025e+03  1.1557934e-02  2.70293e-04  1.15579e-02
2.700055453e+03  1.1559782e-02  2.70212e-04  1.15598e-02
2.700016882e+03  1.1561262e-02  2.70318e-04  1.15613e-02