# ------------------------------------------------------------------------
# Radiance spectrum
# NASA-GSFC Planetary Spectrum Generator (PSG) (Villanueva et al. 2018, 2022)
# Synthesized on Fri Aug 15 21:14:20 2025
# Doppler velocities [km/s] (vobs,vrot+vorb,vwidth,vrfl,vstr): -17.63700,-0.00000,0.01000,-1.06846,0.00000
# ------------------------------------------------------------------------
# Spectra synthesized with the Planetary and Universal Model of Atmospheric Scattering (PUMAS, Villanueva et al. 2018, 2022)
# Single scattering radiative transfer method
# Radiative transfer took 0.194 seconds
# ------------------------------------------------------------------------
# Spectral unit: Frequency[cm-1]
# Radiance unit: Spectral radiance [W/sr/m2/um]
# Wave/freq Total Noise Mars
2.740000000e+03  2.4955000e-01  5.01599e-04  2.49550e-01
2.739960858e+03  2.4903543e-01  4.98501e-04  2.49035e-01
2.739921716e+03  2.4917854e-01  4.97842e-04  2.49179e-01
2.739882575e+03  2.4862861e-01  4.97068e-04  2.48629e-01
2.739843434e+03  2.4846732e-01  4.96937e-04  2.48467e-01
2.739804294e+03  2.4905248e-01  4.97483e-04  2.49052e-01
2.739765155e+03  2.4724771e-01  4.96408e-04  2.47248e-01
2.739726016e+03  2.4936221e-01  4.98389e-04  2.49362e-01
2.739686877e+03  2.5017389e-01  4.99900e-04  2.50174e-01
2.739647739e+03  2.4825501e-01  5.00303e-04  2.48255e-01
2.739608602e+03  2.5021279e-01  5.05762e-04  2.50213e-01
2.739569465e+03  2.4989190e-01  5.05139e-04  2.49892e-01
2.739530329e+03  2.5011500e-01  5.04677e-04  2.50115e-01
2.739491194e+03  2.4919471e-01  5.06110e-04  2.49195e-01
2.739452059e+03  2.0153458e-01  4.68509e-04  2.01535e-01
2.739412924e+03  2.4982952e-01  5.03387e-04  2.49830e-01
2.739373790e+03  2.5012872e-01  5.03686e-04  2.50129e-01
2.739334657e+03  2.4995397e-01  5.06208e-04  2.49954e-01
2.739295524e+03  2.4879521e-01  5.27056e-04  2.48795e-01
2.739256392e+03  2.4861145e-01  5.14895e-04  2.48611e-01
2.739217260e+03  2.4890300e-01  5.05841e-04  2.48903e-01
2.739178129e+03  2.4822640e-01  5.03762e-04  2.48226e-01
2.739138999e+03  2.4944854e-01  5.05832e-04  2.49449e-01
2.739099869e+03  2.4488547e-01  5.06110e-04  2.44885e-01
2.739060739e+03  2.2599798e-01  4.97106e-04  2.25998e-01
2.739021610e+03  2.4977569e-01  5.26950e-04  2.49776e-01
2.738982482e+03  2.4994316e-01  5.49428e-04  2.49943e-01
2.738943354e+03  2.4868389e-01  5.94547e-04  2.48684e-01
2.738904227e+03  2.4938610e-01  6.14320e-04  2.49386e-01
2.738865100e+03  2.4968696e-01  5.80419e-04  2.49687e-01
2.738825974e+03  2.4940138e-01  5.92504e-04  2.49401e-01
2.738786849e+03  2.0513131e-01  5.47046e-04  2.05131e-01
2.738747724e+03  2.4630890e-01  5.36691e-04  2.46309e-01
2.738708599e+03  2.4930804e-01  5.53132e-04  2.49308e-01
2.738669476e+03  2.4919394e-01  5.26900e-04  2.49194e-01
2.738630352e+03  2.4957369e-01  5.11310e-04  2.49574e-01
2.738591229e+03  2.4955898e-01  5.06566e-04  2.49559e-01
2.738552107e+03  2.4860976e-01  5.02183e-04  2.48610e-01
2.738512986e+03  2.4751535e-01  5.00317e-04  2.47515e-01
2.738473865e+03  2.4807091e-01  4.99913e-04  2.48071e-01
2.738434744e+03  2.4894056e-01  5.00133e-04  2.48941e-01
2.738395624e+03  2.4944051e-01  5.00467e-04  2.49441e-01
2.738356505e+03  2.4972297e-01  5.01037e-04  2.49723e-01
2.738317386e+03  2.4972718e-01  5.01606e-04  2.49727e-01
2.738278268e+03  2.4977747e-01  5.02628e-04  2.49777e-01
2.738239150e+03  2.4955262e-01  5.04995e-04  2.49553e-01
2.738200033e+03  2.3990397e-01  5.07245e-04  2.39904e-01
2.738160916e+03  2.4883831e-01  5.60300e-04  2.48838e-01
2.738121800e+03  2.4759382e-01  5.32858e-04  2.47594e-01
2.738082685e+03  2.0341345e-01  4.97886e-04  2.03413e-01
2.738043570e+03  2.4875429e-01  5.41100e-04  2.48754e-01
2.738004456e+03  2.4959446e-01  5.25620e-04  2.49594e-01
2.737965342e+03  2.4958945e-01  5.12066e-04  2.49589e-01
2.737926229e+03  2.4932895e-01  5.06858e-04  2.49329e-01
2.737887116e+03  2.4934748e-01  5.02493e-04  2.49347e-01
2.737848004e+03  2.4936889e-01  5.00592e-04  2.49369e-01
2.737808892e+03  2.4943462e-01  4.99676e-04  2.49435e-01
2.737769781e+03  2.4936614e-01  4.99178e-04  2.49366e-01
2.737730671e+03  2.4927239e-01  4.99973e-04  2.49272e-01
2.737691561e+03  2.4927749e-01  4.98639e-04  2.49277e-01
2.737652452e+03  2.4934766e-01  4.98388e-04  2.49348e-01
2.737613343e+03  2.4929501e-01  5.00693e-04  2.49295e-01
2.737574235e+03  2.4924972e-01  5.02722e-04  2.49250e-01
2.737535127e+03  2.4914248e-01  4.98100e-04  2.49142e-01
2.737496020e+03  2.4898987e-01  4.98711e-04  2.48990e-01
2.737456913e+03  2.4880866e-01  5.00752e-04  2.48809e-01
2.737417807e+03  2.3888608e-01  4.92648e-04  2.38886e-01
2.737378702e+03  2.1566584e-01  4.75764e-04  2.15666e-01
2.737339597e+03  2.4870404e-01  5.04097e-04  2.48704e-01
2.737300493e+03  2.4793658e-01  5.01922e-04  2.47937e-01
2.737261389e+03  2.3842957e-01  5.06029e-04  2.38430e-01
2.737222286e+03  2.4865071e-01  5.16887e-04  2.48651e-01
2.737183183e+03  2.4882190e-01  5.56450e-04  2.48822e-01
2.737144081e+03  2.4886368e-01  5.43227e-04  2.48864e-01
2.737104980e+03  2.4894580e-01  5.49414e-04  2.48946e-01
2.737065879e+03  2.4903222e-01  5.34058e-04  2.49032e-01
2.737026778e+03  2.4909271e-01  5.19500e-04  2.49093e-01
2.736987679e+03  2.4897025e-01  5.05985e-04  2.48970e-01
2.736948579e+03  2.4894537e-01  5.01592e-04  2.48945e-01
2.736909481e+03  2.4891544e-01  5.01613e-04  2.48915e-01
2.736870382e+03  2.4897705e-01  4.99217e-04  2.48977e-01
2.736831285e+03  2.4872565e-01  4.98309e-04  2.48726e-01
2.736792188e+03  2.4901726e-01  4.99653e-04  2.49017e-01
2.736753091e+03  2.4890909e-01  4.98017e-04  2.48909e-01
2.736713995e+03  2.0880099e-01  4.68032e-04  2.08801e-01
2.736674900e+03  2.4889548e-01  5.02317e-04  2.48895e-01
2.736635805e+03  2.4915110e-01  5.01679e-04  2.49151e-01
2.736596711e+03  2.4912880e-01  4.98071e-04  2.49129e-01
2.736557617e+03  2.4879833e-01  4.99459e-04  2.48798e-01
2.736518524e+03  2.4903992e-01  5.00647e-04  2.49040e-01
2.736479432e+03  2.4908148e-01  4.97455e-04  2.49081e-01
2.736440340e+03  2.4884271e-01  4.96988e-04  2.48843e-01
2.736401248e+03  2.4862965e-01  4.97009e-04  2.48630e-01
2.736362157e+03  2.4904861e-01  4.97941e-04  2.49049e-01
2.736323067e+03  2.4913022e-01  4.99280e-04  2.49130e-01
2.736283977e+03  2.4532112e-01  4.98409e-04  2.45321e-01
2.736244888e+03  2.4898938e-01  5.00490e-04  2.48989e-01
2.736205799e+03  2.4910153e-01  5.04750e-04  2.49102e-01
2.736166711e+03  2.4903754e-01  5.10659e-04  2.49038e-01
2.736127624e+03  2.4900014e-01  5.25189e-04  2.49000e-01
2.736088537e+03  2.4895986e-01  5.40187e-04  2.48960e-01
2.736049450e+03  2.3352975e-01  5.40711e-04  2.33530e-01
2.736010365e+03  2.2631907e-01  4.98619e-04  2.26319e-01
2.735971279e+03  2.4886882e-01  5.05685e-04  2.48869e-01
2.735932194e+03  2.4889216e-01  5.02421e-04  2.48892e-01
2.735893110e+03  2.4887939e-01  5.00566e-04  2.48879e-01
2.735854027e+03  2.4718635e-01  4.99277e-04  2.47186e-01
2.735814944e+03  2.4837131e-01  4.99971e-04  2.48371e-01
2.735775861e+03  2.4837350e-01  5.00788e-04  2.48373e-01
2.735736779e+03  2.4868369e-01  5.00597e-04  2.48684e-01
2.735697698e+03  2.4869973e-01  5.03594e-04  2.48700e-01
2.735658617e+03  2.4869218e-01  5.03367e-04  2.48692e-01
2.735619537e+03  2.4826890e-01  5.01455e-04  2.48269e-01
2.735580457e+03  2.4779520e-01  4.97940e-04  2.47795e-01
2.735541378e+03  2.4823747e-01  4.97693e-04  2.48237e-01
2.735502299e+03  2.4849259e-01  4.97731e-04  2.48493e-01
2.735463221e+03  2.4846684e-01  4.99342e-04  2.48467e-01
2.735424144e+03  2.4839607e-01  5.00500e-04  2.48396e-01
2.735385067e+03  2.4816778e-01  5.01617e-04  2.48168e-01
2.735345990e+03  2.1321012e-01  4.70557e-04  2.13210e-01
2.735306914e+03  2.4831534e-01  4.96583e-04  2.48315e-01
2.735267839e+03  2.4838164e-01  4.96264e-04  2.48382e-01
2.735228765e+03  2.4834519e-01  4.97602e-04  2.48345e-01
2.735189690e+03  2.4837141e-01  4.97638e-04  2.48371e-01
2.735150617e+03  2.4850281e-01  4.97199e-04  2.48503e-01
2.735111544e+03  2.4854468e-01  4.99438e-04  2.48545e-01
2.735072471e+03  2.4833584e-01  4.96900e-04  2.48336e-01
2.735033399e+03  2.4807371e-01  4.99742e-04  2.48074e-01
2.734994328e+03  2.4862220e-01  4.98329e-04  2.48622e-01
2.734955257e+03  2.4853274e-01  4.98023e-04  2.48533e-01
2.734916187e+03  2.4854245e-01  5.05218e-04  2.48542e-01
2.734877117e+03  2.4832303e-01  4.99465e-04  2.48323e-01
2.734838048e+03  2.4852192e-01  4.96548e-04  2.48522e-01
2.734798980e+03  2.4856432e-01  4.95981e-04  2.48564e-01
2.734759912e+03  2.4857686e-01  4.95876e-04  2.48577e-01
2.734720844e+03  2.4845854e-01  4.96249e-04  2.48459e-01
2.734681777e+03  2.1615220e-01  4.71313e-04  2.16152e-01
2.734642711e+03  2.4791085e-01  4.96288e-04  2.47911e-01
2.734603645e+03  2.4823734e-01  4.98441e-04  2.48237e-01
2.734564580e+03  2.4820264e-01  4.97545e-04  2.48203e-01
2.734525515e+03  2.4823392e-01  5.01799e-04  2.48234e-01
2.734486451e+03  2.4819306e-01  5.03937e-04  2.48193e-01
2.734447388e+03  2.4818876e-01  5.11508e-04  2.48189e-01
2.734408325e+03  2.4814385e-01  5.05299e-04  2.48144e-01
2.734369262e+03  2.4813617e-01  4.97755e-04  2.48136e-01
2.734330201e+03  2.4810593e-01  4.96728e-04  2.48106e-01
2.734291139e+03  2.4779801e-01  4.95791e-04  2.47798e-01
2.734252078e+03  2.4808462e-01  4.95606e-04  2.48085e-01
2.734213018e+03  2.4806570e-01  4.95325e-04  2.48066e-01
2.734173959e+03  2.4805130e-01  4.95366e-04  2.48051e-01
2.734134900e+03  2.4791791e-01  4.95208e-04  2.47918e-01
2.734095841e+03  2.4810540e-01  4.95733e-04  2.48105e-01
2.734056783e+03  2.4807417e-01  4.95470e-04  2.48074e-01
2.734017726e+03  2.4552541e-01  4.93874e-04  2.45525e-01
2.733978669e+03  2.2026753e-01  4.76237e-04  2.20268e-01
2.733939613e+03  2.4611720e-01  4.99891e-04  2.46117e-01
2.733900557e+03  2.4651048e-01  5.02116e-04  2.46510e-01
2.733861502e+03  2.4650449e-01  5.02932e-04  2.46504e-01
2.733822447e+03  2.4587390e-01  5.02799e-04  2.45874e-01
2.733783393e+03  2.4702810e-01  5.13308e-04  2.47028e-01
2.733744340e+03  2.4713411e-01  5.05854e-04  2.47134e-01
2.733705287e+03  2.4443748e-01  4.99823e-04  2.44437e-01
2.733666234e+03  2.4466254e-01  5.00676e-04  2.44663e-01
2.733627182e+03  2.4622119e-01  4.97258e-04  2.46221e-01
2.733588131e+03  2.4620094e-01  4.99222e-04  2.46201e-01
2.733549081e+03  2.4524359e-01  4.96359e-04  2.45244e-01
2.733510030e+03  2.4376733e-01  4.93003e-04  2.43767e-01
2.733470981e+03  2.3902323e-01  4.90974e-04  2.39023e-01
2.733431932e+03  2.2449389e-01  4.77845e-04  2.24494e-01
2.733392883e+03  2.1055251e-01  4.66688e-04  2.10553e-01
2.733353835e+03  2.2438735e-01  4.78054e-04  2.24387e-01
2.733314788e+03  2.1263809e-01  4.68535e-04  2.12638e-01
2.733275741e+03  2.4275716e-01  4.92161e-04  2.42757e-01
2.733236695e+03  2.4371570e-01  4.93122e-04  2.43716e-01
2.733197649e+03  2.4575309e-01  4.97033e-04  2.45753e-01
2.733158604e+03  2.4688261e-01  5.04451e-04  2.46883e-01
2.733119560e+03  2.4719227e-01  5.00402e-04  2.47192e-01
2.733080516e+03  2.4720900e-01  4.99444e-04  2.47209e-01
2.733041472e+03  2.4732418e-01  5.11600e-04  2.47324e-01
2.733002429e+03  2.4744094e-01  5.08187e-04  2.47441e-01
2.732963387e+03  2.4758097e-01  5.02149e-04  2.47581e-01
2.732924345e+03  2.4756500e-01  4.97612e-04  2.47565e-01
2.732885304e+03  2.4759817e-01  4.96422e-04  2.47598e-01
2.732846263e+03  2.4721370e-01  4.96330e-04  2.47214e-01
2.732807223e+03  2.4676037e-01  4.96697e-04  2.46760e-01
2.732768184e+03  2.4699100e-01  4.99430e-04  2.46991e-01
2.732729145e+03  2.4755345e-01  5.15326e-04  2.47553e-01
2.732690106e+03  2.4749822e-01  5.19014e-04  2.47498e-01
2.732651068e+03  2.2320816e-01  4.82784e-04  2.23208e-01
2.732612031e+03  2.4711836e-01  4.99550e-04  2.47118e-01
2.732572994e+03  2.4723562e-01  5.01047e-04  2.47236e-01
2.732533958e+03  2.4724656e-01  5.07881e-04  2.47247e-01
2.732494922e+03  2.4682289e-01  5.20771e-04  2.46823e-01
2.732455887e+03  2.4712113e-01  5.12183e-04  2.47121e-01
2.732416853e+03  2.4754057e-01  5.02830e-04  2.47541e-01
2.732377819e+03  2.4759540e-01  4.99271e-04  2.47595e-01
2.732338785e+03  2.4677040e-01  4.96500e-04  2.46770e-01
2.732299753e+03  2.4229176e-01  4.92228e-04  2.42292e-01
2.732260720e+03  2.4150748e-01  4.92586e-04  2.41507e-01
2.732221689e+03  2.4432755e-01  4.93202e-04  2.44328e-01
2.732182657e+03  2.4496012e-01  4.93230e-04  2.44960e-01
2.732143627e+03  2.4688276e-01  4.94624e-04  2.46883e-01
2.732104597e+03  2.4725199e-01  4.94835e-04  2.47252e-01
2.732065567e+03  2.4725375e-01  4.94956e-04  2.47254e-01
2.732026538e+03  2.4608778e-01  4.93850e-04  2.46088e-01
2.731987510e+03  2.2391955e-01  4.77304e-04  2.23920e-01
2.731948482e+03  2.4586652e-01  4.93899e-04  2.45867e-01
2.731909455e+03  2.4701520e-01  4.94801e-04  2.47015e-01
2.731870428e+03  2.4709056e-01  4.95107e-04  2.47091e-01
2.731831402e+03  2.4739483e-01  4.97756e-04  2.47395e-01
2.731792376e+03  2.4753789e-01  4.98534e-04  2.47538e-01
2.731753351e+03  2.4750528e-01  4.96985e-04  2.47505e-01
2.731714327e+03  2.4733916e-01  4.95297e-04  2.47339e-01
2.731675303e+03  2.4641979e-01  4.94606e-04  2.46420e-01
2.731636279e+03  2.4556914e-01  4.93941e-04  2.45569e-01
2.731597257e+03  2.4619475e-01  4.94591e-04  2.46195e-01
2.731558234e+03  2.4720016e-01  4.96328e-04  2.47200e-01
2.731519213e+03  2.4738464e-01  4.97245e-04  2.47385e-01
2.731480191e+03  2.4726772e-01  5.03739e-04  2.47268e-01
2.731441171e+03  2.4714468e-01  5.01687e-04  2.47145e-01
2.731402151e+03  2.4656973e-01  4.96818e-04  2.46570e-01
2.731363131e+03  2.4590282e-01  4.95620e-04  2.45903e-01
2.731324112e+03  2.2672491e-01  4.81421e-04  2.26725e-01
2.731285094e+03  2.4587498e-01  4.97106e-04  2.45875e-01
2.731246076e+03  2.4689352e-01  4.99291e-04  2.46894e-01
2.731207059e+03  2.4699584e-01  4.98797e-04  2.46996e-01
2.731168042e+03  2.4695846e-01  4.99988e-04  2.46958e-01
2.731129026e+03  2.4687940e-01  5.02166e-04  2.46879e-01
2.731090011e+03  2.2894197e-01  4.92107e-04  2.28942e-01
2.731050996e+03  2.4613901e-01  5.08260e-04  2.46139e-01
2.731011981e+03  2.4715831e-01  5.18939e-04  2.47158e-01
2.730972967e+03  2.4721730e-01  5.41194e-04  2.47217e-01
2.730933954e+03  2.4723842e-01  5.70123e-04  2.47238e-01
2.730894941e+03  2.4722947e-01  5.55589e-04  2.47229e-01
2.730855929e+03  2.4713341e-01  5.26101e-04  2.47133e-01
2.730816917e+03  2.4704945e-01  5.11338e-04  2.47049e-01
2.730777906e+03  2.4668098e-01  5.04278e-04  2.46681e-01
2.730738896e+03  2.4539301e-01  4.99922e-04  2.45393e-01
2.730699886e+03  2.4516554e-01  4.98337e-04  2.45166e-01
2.730660876e+03  2.3018272e-01  4.87186e-04  2.30183e-01
2.730621867e+03  2.4677032e-01  5.03344e-04  2.46770e-01
2.730582859e+03  2.4702379e-01  4.98400e-04  2.47024e-01
2.730543851e+03  2.4647336e-01  4.96448e-04  2.46473e-01
2.730504844e+03  2.4362565e-01  4.94608e-04  2.43626e-01
2.730465837e+03  2.4438952e-01  4.94551e-04  2.44390e-01
2.730426831e+03  2.4685950e-01  4.95975e-04  2.46860e-01
2.730387826e+03  2.4693862e-01  4.96075e-04  2.46939e-01
2.730348821e+03  2.4619424e-01  4.96154e-04  2.46194e-01
2.730309816e+03  2.4679251e-01  4.99417e-04  2.46793e-01
2.730270812e+03  2.4683871e-01  5.00989e-04  2.46839e-01
2.730231809e+03  2.4654725e-01  4.96694e-04  2.46547e-01
2.730192806e+03  2.4589948e-01  4.96911e-04  2.45899e-01
2.730153804e+03  2.4454645e-01  4.95741e-04  2.44546e-01
2.730114802e+03  2.4302459e-01  4.98832e-04  2.43025e-01
2.730075801e+03  2.4023477e-01  4.94784e-04  2.40235e-01
2.730036801e+03  2.4400469e-01  4.96611e-04  2.44005e-01
2.729997801e+03  2.3190955e-01  4.88924e-04  2.31910e-01
2.729958801e+03  2.4632430e-01  5.04379e-04  2.46324e-01
2.729919803e+03  2.4660669e-01  5.13216e-04  2.46607e-01
2.729880804e+03  2.4629963e-01  5.15478e-04  2.46300e-01
2.729841807e+03  2.4057030e-01  5.03363e-04  2.40570e-01
2.729802809e+03  2.4670181e-01  5.04640e-04  2.46702e-01
2.729763813e+03  2.4659597e-01  5.06907e-04  2.46596e-01
2.729724817e+03  2.4676018e-01  5.14952e-04  2.46760e-01
2.729685821e+03  2.4675090e-01  5.32819e-04  2.46751e-01
2.729646826e+03  2.4688905e-01  5.35563e-04  2.46889e-01
2.729607832e+03  2.4623621e-01  5.61900e-04  2.46236e-01
2.729568838e+03  2.4665743e-01  5.89713e-04  2.46657e-01
2.729529845e+03  2.4667592e-01  5.24405e-04  2.46676e-01
2.729490852e+03  2.4658807e-01  5.05216e-04  2.46588e-01
2.729451860e+03  2.4647694e-01  5.01119e-04  2.46477e-01
2.729412868e+03  2.4646217e-01  5.02627e-04  2.46462e-01
2.729373877e+03  2.4646343e-01  5.15437e-04  2.46463e-01
2.729334887e+03  2.3424865e-01  5.21788e-04  2.34249e-01
2.729295897e+03  2.4620250e-01  5.02127e-04  2.46202e-01
2.729256907e+03  2.4621912e-01  4.97629e-04  2.46219e-01
2.729217919e+03  2.4620509e-01  4.96278e-04  2.46205e-01
2.729178930e+03  2.4579676e-01  4.95958e-04  2.45797e-01
2.729139943e+03  2.4590258e-01  4.95250e-04  2.45903e-01
2.729100955e+03  2.4574042e-01  4.94901e-04  2.45740e-01
2.729061969e+03  2.4535945e-01  4.94962e-04  2.45359e-01
2.729022983e+03  2.4459003e-01  4.95741e-04  2.44590e-01
2.728983997e+03  2.4413283e-01  4.95695e-04  2.44133e-01
2.728945012e+03  2.4383864e-01  4.94188e-04  2.43839e-01
2.728906028e+03  2.4374619e-01  4.93204e-04  2.43746e-01
2.728867044e+03  2.4390746e-01  4.93013e-04  2.43907e-01
2.728828061e+03  2.4402022e-01  4.92784e-04  2.44020e-01
2.728789078e+03  2.4524249e-01  4.93843e-04  2.45242e-01
2.728750096e+03  2.4549289e-01  4.94666e-04  2.45493e-01
2.728711114e+03  2.4568819e-01  4.96020e-04  2.45688e-01
2.728672133e+03  2.3556544e-01  4.92885e-04  2.35565e-01
2.728633153e+03  2.4594349e-01  5.01551e-04  2.45943e-01
2.728594173e+03  2.4607067e-01  4.98370e-04  2.46071e-01
2.728555194e+03  2.4614924e-01  4.95576e-04  2.46149e-01
2.728516215e+03  2.4615349e-01  4.95536e-04  2.46153e-01
2.728477237e+03  2.4620369e-01  4.96194e-04  2.46204e-01
2.728438259e+03  2.4627858e-01  4.97034e-04  2.46279e-01
2.728399282e+03  2.4626243e-01  5.07659e-04  2.46262e-01
2.728360305e+03  2.4623127e-01  5.13088e-04  2.46231e-01
2.728321329e+03  2.4625037e-01  4.98089e-04  2.46250e-01
2.728282354e+03  2.4624916e-01  4.95752e-04  2.46249e-01
2.728243379e+03  2.4600442e-01  4.95466e-04  2.46004e-01
2.728204404e+03  2.4427246e-01  4.94386e-04  2.44272e-01
2.728165431e+03  2.4624784e-01  4.95933e-04  2.46248e-01
2.728126457e+03  2.4630265e-01  4.97246e-04  2.46303e-01
2.728087485e+03  2.4550946e-01  4.99426e-04  2.45509e-01
2.728048513e+03  2.4621335e-01  5.02034e-04  2.46213e-01
2.728009541e+03  2.3736831e-01  4.92907e-04  2.37368e-01
2.727970570e+03  2.4602842e-01  4.97176e-04  2.46028e-01
2.727931600e+03  2.4601433e-01  4.96439e-04  2.46014e-01
2.727892630e+03  2.4587597e-01  4.96861e-04  2.45876e-01
2.727853660e+03  2.4496553e-01  4.96896e-04  2.44966e-01
2.727814692e+03  2.4444763e-01  4.95038e-04  2.44448e-01
2.727775723e+03  2.4495931e-01  4.94674e-04  2.44959e-01
2.727736756e+03  2.4547402e-01  4.94773e-04  2.45474e-01
2.727697789e+03  2.4571032e-01  4.95212e-04  2.45710e-01
2.727658822e+03  2.4614354e-01  4.96571e-04  2.46144e-01
2.727619856e+03  2.4614407e-01  4.95980e-04  2.46144e-01
2.727580891e+03  2.4612618e-01  4.96271e-04  2.46126e-01
2.727541926e+03  2.4593269e-01  4.97503e-04  2.45933e-01
2.727502961e+03  2.4506774e-01  4.96887e-04  2.45068e-01
2.727463998e+03  2.4521092e-01  4.96734e-04  2.45211e-01
2.727425034e+03  2.4581305e-01  4.96575e-04  2.45813e-01
2.727386072e+03  2.4542349e-01  4.96450e-04  2.45423e-01
2.727347110e+03  2.3769327e-01  4.91267e-04  2.37693e-01
2.727308148e+03  2.4529218e-01  4.99130e-04  2.45292e-01
2.727269187e+03  2.4475755e-01  5.10747e-04  2.44758e-01
2.727230227e+03  2.4454268e-01  5.05775e-04  2.44543e-01
2.727191267e+03  2.4509741e-01  5.00714e-04  2.45097e-01
2.727152307e+03  2.4524998e-01  5.01203e-04  2.45250e-01
2.727113349e+03  2.4443672e-01  5.02841e-04  2.44437e-01
2.727074391e+03  2.4426596e-01  5.05674e-04  2.44266e-01
2.727035433e+03  2.4517333e-01  5.10577e-04  2.45173e-01
2.726996476e+03  2.4522107e-01  5.21868e-04  2.45221e-01
2.726957519e+03  2.4499864e-01  5.61616e-04  2.44999e-01
2.726918563e+03  2.4452555e-01  8.18035e-04  2.44526e-01
2.726879608e+03  2.4421668e-01  6.49727e-04  2.44217e-01
2.726840653e+03  2.4465259e-01  5.69106e-04  2.44653e-01
2.726801699e+03  2.4406398e-01  6.27716e-04  2.44064e-01
2.726762745e+03  2.4368715e-01  5.91034e-04  2.43687e-01
2.726723792e+03  2.3877841e-01  6.58485e-04  2.38778e-01
2.726684839e+03  2.4419796e-01  1.16340e-03  2.44198e-01
2.726645887e+03  2.3958655e-01  1.85335e-03  2.39587e-01
2.726606935e+03  2.3416516e-01  1.69410e-03  2.34165e-01
2.726567984e+03  2.3954914e-01  9.39038e-04  2.39549e-01
2.726529034e+03  2.4257676e-01  9.10279e-04  2.42577e-01
2.726490084e+03  2.4447997e-01  6.68525e-04  2.44480e-01
2.726451135e+03  2.4449017e-01  5.84800e-04  2.44490e-01
2.726412186e+03  2.4358592e-01  5.41251e-04  2.43586e-01
2.726373238e+03  2.4461764e-01  5.29136e-04  2.44618e-01
2.726334290e+03  2.1833784e-01  5.07971e-04  2.18338e-01
2.726295343e+03  2.3814273e-01  5.47863e-04  2.38143e-01
2.726256397e+03  2.4546381e-01  5.59449e-04  2.45464e-01
2.726217451e+03  2.4548416e-01  5.82453e-04  2.45484e-01
2.726178505e+03  2.4555294e-01  6.43757e-04  2.45553e-01
2.726139561e+03  2.4543379e-01  6.60221e-04  2.45434e-01
2.726100616e+03  2.4522064e-01  5.87513e-04  2.45221e-01
2.726061673e+03  2.4024954e-01  5.37897e-04  2.40250e-01
2.726022729e+03  2.4484437e-01  5.22631e-04  2.44844e-01
2.725983787e+03  2.4373077e-01  5.13311e-04  2.43731e-01
2.725944845e+03  2.4337946e-01  5.09567e-04  2.43379e-01
2.725905903e+03  2.4463875e-01  5.10583e-04  2.44639e-01
2.725866962e+03  2.4393036e-01  5.19345e-04  2.43930e-01
2.725828022e+03  2.3099072e-01  5.68341e-04  2.30991e-01
2.725789082e+03  2.4495400e-01  5.32803e-04  2.44954e-01
2.725750143e+03  2.4548212e-01  5.26455e-04  2.45482e-01
2.725711204e+03  2.4551232e-01  5.48556e-04  2.45512e-01
2.725672266e+03  2.4547988e-01  5.65971e-04  2.45480e-01
2.725633328e+03  2.4544838e-01  5.36775e-04  2.45448e-01
2.725594391e+03  2.4533229e-01  5.15303e-04  2.45332e-01
2.725555455e+03  2.4525041e-01  5.06876e-04  2.45250e-01
2.725516519e+03  2.4518633e-01  5.06253e-04  2.45186e-01
2.725477583e+03  2.4492055e-01  5.05805e-04  2.44921e-01
2.725438648e+03  2.4073788e-01  5.12959e-04  2.40738e-01
2.725399714e+03  2.4396012e-01  5.11282e-04  2.43960e-01
2.725360780e+03  2.4510849e-01  5.01591e-04  2.45108e-01
2.725321847e+03  2.4521394e-01  5.00899e-04  2.45214e-01
2.725282915e+03  2.4517081e-01  5.00447e-04  2.45171e-01
2.725243983e+03  2.4506322e-01  4.96888e-04  2.45063e-01
2.725205051e+03  2.4495846e-01  4.95997e-04  2.44958e-01
2.725166120e+03  2.4470534e-01  4.95145e-04  2.44705e-01
2.725127190e+03  2.4447480e-01  4.95108e-04  2.44475e-01
2.725088260e+03  2.4292671e-01  4.95696e-04  2.42927e-01
2.725049331e+03  2.4432652e-01  5.00303e-04  2.44327e-01
2.725010402e+03  2.4432087e-01  4.95636e-04  2.44321e-01
2.724971474e+03  2.4351860e-01  4.94380e-04  2.43519e-01
2.724932546e+03  2.4387193e-01  4.94984e-04  2.43872e-01
2.724893619e+03  2.4458079e-01  4.96513e-04  2.44581e-01
2.724854693e+03  2.4465568e-01  4.99864e-04  2.44656e-01
2.724815767e+03  2.4476000e-01  5.14466e-04  2.44760e-01
2.724776841e+03  2.4171345e-01  5.03900e-04  2.41713e-01
2.724737916e+03  2.4494203e-01  4.99719e-04  2.44942e-01
2.724698992e+03  2.4499008e-01  4.97484e-04  2.44990e-01
2.724660068e+03  2.4494207e-01  4.96439e-04  2.44942e-01
2.724621145e+03  2.4469744e-01  4.96106e-04  2.44697e-01
2.724582223e+03  2.4490937e-01  4.96580e-04  2.44909e-01
2.724543301e+03  2.4463226e-01  4.97012e-04  2.44632e-01
2.724504379e+03  2.4460098e-01  4.99343e-04  2.44601e-01
2.724465458e+03  2.4464918e-01  5.06759e-04  2.44649e-01
2.724426538e+03  2.4457865e-01  5.47266e-04  2.44579e-01
2.724387618e+03  2.4427024e-01  5.20560e-04  2.44270e-01
2.724348699e+03  2.4154713e-01  5.03069e-04  2.41547e-01
2.724309780e+03  2.4419726e-01  4.99732e-04  2.44197e-01
2.724270862e+03  2.4396388e-01  4.99835e-04  2.43964e-01
2.724231944e+03  2.4357116e-01  5.03004e-04  2.43571e-01
2.724193027e+03  2.4307898e-01  5.06710e-04  2.43079e-01
2.724154111e+03  2.3957518e-01  4.98782e-04  2.39575e-01
2.724115195e+03  2.4026438e-01  4.97022e-04  2.40264e-01
2.724076279e+03  2.3644186e-01  4.94215e-04  2.36442e-01
2.724037365e+03  2.2829034e-01  4.89226e-04  2.28290e-01
2.723998450e+03  2.2085897e-01  4.85415e-04  2.20859e-01
2.723959537e+03  2.2274454e-01  4.91058e-04  2.22745e-01
2.723920623e+03  2.1629163e-01  4.90905e-04  2.16292e-01
2.723881711e+03  2.3885601e-01  5.20538e-04  2.38856e-01
2.723842799e+03  2.3462493e-01  5.44528e-04  2.34625e-01
2.723803887e+03  2.4096563e-01  6.06912e-04  2.40966e-01
2.723764976e+03  2.4271932e-01  6.27960e-04  2.42719e-01
2.723726066e+03  2.4333308e-01  5.82622e-04  2.43333e-01
2.723687156e+03  2.4362223e-01  5.59036e-04  2.43622e-01
2.723648247e+03  2.4374868e-01  5.40788e-04  2.43749e-01
2.723609338e+03  2.4193467e-01  5.23388e-04  2.41935e-01
2.723570430e+03  2.4276252e-01  5.18044e-04  2.42763e-01
2.723531522e+03  2.4161479e-01  5.17404e-04  2.41615e-01
2.723492615e+03  2.0037899e-01  4.91249e-04  2.00379e-01
2.723453709e+03  2.4281423e-01  5.38430e-04  2.42814e-01
2.723414803e+03  2.4287883e-01  5.71860e-04  2.42879e-01
2.723375898e+03  2.4284529e-01  6.51104e-04  2.42845e-01
2.723336993e+03  2.4296051e-01  7.54622e-04  2.42961e-01
2.723298089e+03  2.4308533e-01  6.80896e-04  2.43085e-01
2.723259185e+03  2.4312909e-01  5.85367e-04  2.43129e-01
2.723220282e+03  2.4312718e-01  5.42806e-04  2.43127e-01
2.723181379e+03  2.4318258e-01  5.24026e-04  2.43183e-01
2.723142477e+03  2.4335494e-01  5.14757e-04  2.43355e-01
2.723103576e+03  2.4368722e-01  5.10200e-04  2.43687e-01
2.723064675e+03  2.4351522e-01  5.07891e-04  2.43515e-01
2.723025774e+03  2.4415050e-01  5.08887e-04  2.44150e-01
2.722986875e+03  2.4419400e-01  5.08072e-04  2.44194e-01
2.722947975e+03  2.4394449e-01  5.09257e-04  2.43944e-01
2.722909077e+03  2.4395229e-01  5.13054e-04  2.43952e-01
2.722870178e+03  2.4236064e-01  5.14473e-04  2.42361e-01
2.722831281e+03  2.0262646e-01  4.87456e-04  2.02626e-01
2.722792384e+03  2.4323848e-01  5.30764e-04  2.43238e-01
2.722753487e+03  2.4431986e-01  5.58203e-04  2.44320e-01
2.722714591e+03  2.4434888e-01  6.21635e-04  2.44349e-01
2.722675696e+03  2.4432054e-01  7.43785e-04  2.44321e-01
2.722636801e+03  2.4437187e-01  7.27721e-04  2.44372e-01
2.722597907e+03  2.4440774e-01  6.10120e-04  2.44408e-01
2.722559013e+03  2.4439856e-01  5.55644e-04  2.44399e-01
2.722520120e+03  2.4418786e-01  5.29363e-04  2.44188e-01
2.722481228e+03  2.4420819e-01  5.18050e-04  2.44208e-01
2.722442336e+03  2.4419394e-01  5.14775e-04  2.44194e-01
2.722403444e+03  2.4418433e-01  5.09393e-04  2.44184e-01
2.722364553e+03  2.4411231e-01  5.07127e-04  2.44112e-01
2.722325663e+03  2.4385126e-01  5.06008e-04  2.43851e-01
2.722286773e+03  2.4356260e-01  5.05700e-04  2.43563e-01
2.722247884e+03  2.4225698e-01  5.06318e-04  2.42257e-01
2.722208995e+03  2.4370687e-01  5.11740e-04  2.43707e-01
2.722170107e+03  2.4397461e-01  5.11426e-04  2.43975e-01
2.722131219e+03  2.4397018e-01  5.16396e-04  2.43970e-01
2.722092332e+03  2.1159444e-01  4.98940e-04  2.11594e-01
2.722053446e+03  2.2375644e-01  5.22617e-04  2.23756e-01
2.722014560e+03  2.3372851e-01  5.63355e-04  2.33729e-01
2.721975674e+03  2.4415006e-01  6.58638e-04  2.44150e-01
2.721936790e+03  2.4415488e-01  8.58765e-04  2.44155e-01
2.721897905e+03  2.4416700e-01  9.29912e-04  2.44167e-01
2.721859022e+03  2.4029230e-01  8.22242e-04  2.40292e-01
2.721820139e+03  2.4391234e-01  6.47093e-04  2.43912e-01
2.721781256e+03  2.4406340e-01  5.73187e-04  2.44063e-01
2.721742374e+03  2.4411315e-01  5.47644e-04  2.44113e-01
2.721703492e+03  2.4409939e-01  5.40400e-04  2.44099e-01
2.721664612e+03  2.4414063e-01  5.26708e-04  2.44141e-01
2.721625731e+03  2.4317631e-01  5.14197e-04  2.43176e-01
2.721586851e+03  2.4417526e-01  5.09574e-04  2.44175e-01
2.721547972e+03  2.4413082e-01  5.06264e-04  2.44131e-01
2.721509093e+03  2.4403497e-01  5.09471e-04  2.44035e-01
2.721470215e+03  2.4402627e-01  5.06226e-04  2.44026e-01
2.721431338e+03  2.4382037e-01  5.02243e-04  2.43820e-01
2.721392461e+03  2.4378456e-01  5.03070e-04  2.43785e-01
2.721353584e+03  2.4134882e-01  5.00534e-04  2.41349e-01
2.721314708e+03  2.4392105e-01  5.02975e-04  2.43921e-01
2.721275833e+03  2.4400533e-01  5.08578e-04  2.44005e-01
2.721236958e+03  2.4398840e-01  5.19326e-04  2.43988e-01
2.721198084e+03  2.4402123e-01  5.08218e-04  2.44021e-01
2.721159210e+03  2.4400173e-01  5.08831e-04  2.44002e-01
2.721120337e+03  2.4383778e-01  5.11202e-04  2.43838e-01
2.721081464e+03  2.2673171e-01  5.02508e-04  2.26732e-01
2.721042592e+03  2.4325790e-01  5.24185e-04  2.43258e-01
2.721003721e+03  2.1077771e-01  5.17158e-04  2.10778e-01
2.720964850e+03  2.4195106e-01  5.84089e-04  2.41951e-01
2.720925979e+03  2.4326958e-01  6.55473e-04  2.43270e-01
2.720887110e+03  2.4367531e-01  6.78044e-04  2.43675e-01
2.720848240e+03  2.4382444e-01  6.98396e-04  2.43824e-01
2.720809372e+03  2.4381020e-01  7.00116e-04  2.43810e-01
2.720770504e+03  2.4374495e-01  6.35182e-04  2.43745e-01
2.720731636e+03  2.3666565e-01  5.61327e-04  2.36666e-01
2.720692769e+03  2.3347861e-01  5.41589e-04  2.33479e-01
2.720653902e+03  2.2013507e-01  5.33129e-04  2.20135e-01
2.720615037e+03  2.4067556e-01  5.73779e-04  2.40676e-01
2.720576171e+03  2.4360902e-01  6.41166e-04  2.43609e-01
2.720537306e+03  2.4366553e-01  6.97025e-04  2.43666e-01
2.720498442e+03  2.4260041e-01  6.95747e-04  2.42600e-01
2.720459578e+03  2.4334354e-01  6.37755e-04  2.43344e-01
2.720420715e+03  2.4361517e-01  5.74062e-04  2.43615e-01
2.720381853e+03  2.4296307e-01  5.45803e-04  2.42963e-01
2.720342991e+03  2.4348287e-01  5.40534e-04  2.43483e-01
2.720304129e+03  2.1958474e-01  5.19187e-04  2.19585e-01
2.720265268e+03  2.4072696e-01  5.33158e-04  2.40727e-01
2.720226408e+03  2.4291509e-01  5.47954e-04  2.42915e-01
2.720187548e+03  2.4299521e-01  5.98839e-04  2.42995e-01
2.720148689e+03  2.3456504e-01  7.48373e-04  2.34565e-01
2.720109830e+03  2.4304907e-01  8.04762e-04  2.43049e-01
2.720070972e+03  2.4293522e-01  6.28540e-04  2.42935e-01
2.720032114e+03  2.4205477e-01  5.74991e-04  2.42055e-01
2.719993257e+03  2.4294759e-01  5.83164e-04  2.42948e-01
2.719954401e+03  2.4276642e-01  5.65691e-04  2.42766e-01
2.719915545e+03  2.4229151e-01  5.34140e-04  2.42292e-01
2.719876689e+03  2.3912979e-01  5.17038e-04  2.39130e-01
2.719837835e+03  2.4129649e-01  5.08957e-04  2.41296e-01
2.719798980e+03  2.3705004e-01  5.00607e-04  2.37050e-01
2.719760127e+03  2.3777876e-01  4.99048e-04  2.37779e-01
2.719721273e+03  2.3504890e-01  4.98056e-04  2.35049e-01
2.719682421e+03  2.2561388e-01  4.94283e-04  2.25614e-01
2.719643569e+03  2.1285302e-01  4.95048e-04  2.12853e-01
2.719604717e+03  2.1720762e-01  4.97502e-04  2.17208e-01
2.719565866e+03  2.2891921e-01  4.95148e-04  2.28919e-01
2.719527016e+03  2.3410846e-01  4.93616e-04  2.34108e-01
2.719488166e+03  2.3482288e-01  4.93452e-04  2.34823e-01
2.719449317e+03  2.3761670e-01  4.95382e-04  2.37617e-01
2.719410468e+03  2.4031896e-01  4.93992e-04  2.40319e-01
2.719371620e+03  2.4134548e-01  4.93816e-04  2.41345e-01
2.719332772e+03  2.4181246e-01  4.93833e-04  2.41812e-01
2.719293925e+03  2.4185706e-01  4.93726e-04  2.41857e-01
2.719255079e+03  2.4134790e-01  4.93510e-04  2.41348e-01
2.719216233e+03  2.4236527e-01  4.95078e-04  2.42365e-01
2.719177387e+03  2.4216623e-01  4.96003e-04  2.42166e-01
2.719138543e+03  2.4055642e-01  4.97982e-04  2.40556e-01
2.719099698e+03  2.4062502e-01  5.00112e-04  2.40625e-01
2.719060855e+03  2.4235890e-01  4.98638e-04  2.42359e-01
2.719022011e+03  2.4233455e-01  4.96651e-04  2.42335e-01
2.718983169e+03  2.4211936e-01  4.96050e-04  2.42119e-01
2.718944327e+03  2.4048386e-01  4.95163e-04  2.40484e-01
2.718905485e+03  2.4127427e-01  4.97082e-04  2.41274e-01
2.718866644e+03  2.4138959e-01  4.99923e-04  2.41390e-01
2.718827804e+03  2.3387739e-01  4.99931e-04  2.33877e-01
2.718788964e+03  2.3499658e-01  5.10817e-04  2.34997e-01
2.718750125e+03  2.4157918e-01  5.28510e-04  2.41579e-01
2.718711286e+03  2.3300321e-01  5.51863e-04  2.33003e-01
2.718672448e+03  2.4085800e-01  6.31390e-04  2.40858e-01
2.718633610e+03  2.4048719e-01  6.25995e-04  2.40487e-01
2.718594773e+03  2.3955909e-01  5.72875e-04  2.39559e-01
2.718555937e+03  2.3895431e-01  5.72253e-04  2.38954e-01
2.718517101e+03  2.3720249e-01  5.49078e-04  2.37202e-01
2.718478265e+03  2.3494533e-01  5.19395e-04  2.34945e-01
2.718439430e+03  2.3023070e-01  5.01555e-04  2.30231e-01
2.718400596e+03  2.2023863e-01  4.86913e-04  2.20239e-01
2.718361762e+03  2.0193088e-01  4.68004e-04  2.01931e-01
2.718322929e+03  1.9598172e-01  4.61095e-04  1.95982e-01
2.718284097e+03  2.0681574e-01  4.68444e-04  2.06816e-01
2.718245264e+03  2.2056221e-01  4.78985e-04  2.20562e-01
2.718206433e+03  2.2826700e-01  4.86596e-04  2.28267e-01
2.718167602e+03  2.3252602e-01  4.89301e-04  2.32526e-01
2.718128772e+03  2.3542615e-01  4.95572e-04  2.35426e-01
2.718089942e+03  2.3711637e-01  4.96164e-04  2.37116e-01
2.718051112e+03  2.3812922e-01  5.07626e-04  2.38129e-01
2.718012284e+03  2.3897806e-01  5.00176e-04  2.38978e-01
2.717973455e+03  2.3955107e-01  4.96928e-04  2.39551e-01
2.717934628e+03  2.4012447e-01  4.97679e-04  2.40124e-01
2.717895801e+03  2.3169326e-01  4.90778e-04  2.31693e-01
2.717856974e+03  2.4104826e-01  5.01156e-04  2.41048e-01
2.717818148e+03  2.4127283e-01  5.11306e-04  2.41273e-01
2.717779323e+03  2.4141870e-01  5.47861e-04  2.41419e-01
2.717740498e+03  2.4109328e-01  6.36545e-04  2.41093e-01
2.717701674e+03  2.4009457e-01  5.55012e-04  2.40095e-01
2.717662850e+03  2.4064372e-01  5.12619e-04  2.40644e-01
2.717624027e+03  2.3630398e-01  4.98052e-04  2.36304e-01
2.717585204e+03  2.4065701e-01  4.98323e-04  2.40657e-01
2.717546382e+03  2.4038410e-01  4.96275e-04  2.40384e-01
2.717507560e+03  2.4165427e-01  4.98113e-04  2.41654e-01
2.717468739e+03  2.4206690e-01  5.02613e-04  2.42067e-01
2.717429919e+03  2.4208710e-01  5.09322e-04  2.42087e-01
2.717391099e+03  2.4195127e-01  5.01277e-04  2.41951e-01
2.717352280e+03  2.4149721e-01  5.01979e-04  2.41497e-01
2.717313461e+03  2.4148548e-01  5.31349e-04  2.41485e-01
2.717274643e+03  2.4139598e-01  5.27461e-04  2.41396e-01
2.717235825e+03  2.4193840e-01  5.24188e-04  2.41938e-01
2.717197008e+03  2.4198788e-01  5.43980e-04  2.41988e-01
2.717158192e+03  2.4139807e-01  5.07404e-04  2.41398e-01
2.717119376e+03  2.4046266e-01  5.00394e-04  2.40463e-01
2.717080560e+03  2.3808549e-01  4.95432e-04  2.38085e-01
2.717041745e+03  2.4158762e-01  4.98282e-04  2.41588e-01
2.717002931e+03  2.4035944e-01  4.99536e-04  2.40359e-01
2.716964117e+03  2.3753013e-01  5.04884e-04  2.37530e-01
2.716925304e+03  2.4188690e-01  5.25016e-04  2.41887e-01
2.716886491e+03  2.3770401e-01  5.25174e-04  2.37704e-01
2.716847679e+03  2.4104423e-01  5.23607e-04  2.41044e-01
2.716808868e+03  2.4049397e-01  5.32595e-04  2.40494e-01
2.716770057e+03  2.4151763e-01  5.18212e-04  2.41518e-01
2.716731246e+03  2.4179942e-01  5.03597e-04  2.41799e-01
2.716692436e+03  2.4181571e-01  4.98450e-04  2.41816e-01
2.716653627e+03  2.4198181e-01  4.95949e-04  2.41982e-01
2.716614818e+03  2.4199458e-01  4.94931e-04  2.41995e-01
2.716576010e+03  2.4185003e-01  4.94546e-04  2.41850e-01
2.716537202e+03  2.4185201e-01  4.94981e-04  2.41852e-01
2.716498395e+03  2.4181111e-01  4.95707e-04  2.41811e-01
2.716459589e+03  2.4161113e-01  4.96517e-04  2.41611e-01
2.716420783e+03  2.2929207e-01  4.89367e-04  2.29292e-01
2.716381977e+03  2.4149769e-01  5.03908e-04  2.41498e-01
2.716343172e+03  2.4145332e-01  5.12621e-04  2.41453e-01
2.716304368e+03  2.4138591e-01  5.35851e-04  2.41386e-01
2.716265564e+03  2.4127338e-01  5.62828e-04  2.41273e-01
2.716226761e+03  2.4108968e-01  5.39600e-04  2.41090e-01
2.716187958e+03  2.4089354e-01  5.15028e-04  2.40894e-01
2.716149156e+03  2.3513125e-01  5.01130e-04  2.35131e-01
2.716110354e+03  2.3417512e-01  4.97694e-04  2.34175e-01
2.716071553e+03  2.3985340e-01  5.02627e-04  2.39853e-01
2.716032753e+03  2.3931414e-01  5.08723e-04  2.39314e-01
2.715993953e+03  2.3895084e-01  5.32078e-04  2.38951e-01
2.715955154e+03  2.3798676e-01  5.74136e-04  2.37987e-01
2.715916355e+03  2.3671495e-01  5.36094e-04  2.36715e-01
2.715877557e+03  2.3495200e-01  5.06008e-04  2.34952e-01
2.715838759e+03  2.3272901e-01  4.96727e-04  2.32729e-01
2.715799962e+03  2.2921581e-01  4.89971e-04  2.29216e-01
2.715761165e+03  2.2317874e-01  4.82412e-04  2.23179e-01
2.715722369e+03  2.1132670e-01  4.71551e-04  2.11327e-01
2.715683574e+03  1.9523095e-01  4.58386e-04  1.95231e-01
2.715644779e+03  1.9108410e-01  4.55568e-04  1.91084e-01
2.715605984e+03  2.0467503e-01  4.67160e-04  2.04675e-01
2.715567191e+03  2.1398815e-01  4.77045e-04  2.13988e-01
2.715528397e+03  2.2472284e-01  4.85028e-04  2.24723e-01
2.715489605e+03  2.2934705e-01  4.91479e-04  2.29347e-01
2.715450812e+03  2.3266999e-01  5.01872e-04  2.32670e-01
2.715412021e+03  2.3079283e-01  5.14078e-04  2.30793e-01
2.715373230e+03  2.3610428e-01  5.13561e-04  2.36104e-01
2.715334439e+03  2.3751006e-01  5.02959e-04  2.37510e-01
2.715295649e+03  2.3811941e-01  4.96174e-04  2.38119e-01
2.715256860e+03  2.3852471e-01  4.94897e-04  2.38525e-01
2.715218071e+03  2.3792723e-01  4.95432e-04  2.37927e-01
2.715179283e+03  2.3966682e-01  4.97836e-04  2.39667e-01
2.715140495e+03  2.3041795e-01  4.94269e-04  2.30418e-01
2.715101708e+03  2.3249292e-01  5.06644e-04  2.32493e-01
2.715062921e+03  2.4026789e-01  5.27207e-04  2.40268e-01
2.715024135e+03  2.3937043e-01  5.32781e-04  2.39370e-01
2.714985350e+03  2.3992030e-01  5.58481e-04  2.39920e-01
2.714946565e+03  2.4072707e-01  5.69492e-04  2.40727e-01
2.714907780e+03  2.4056485e-01  5.41383e-04  2.40565e-01
2.714868997e+03  2.4038441e-01  5.42333e-04  2.40384e-01
2.714830213e+03  2.4017476e-01  5.55786e-04  2.40175e-01
2.714791431e+03  2.3888127e-01  5.30483e-04  2.38881e-01
2.714752648e+03  2.3586455e-01  5.86791e-04  2.35865e-01
2.714713867e+03  2.3617295e-01  5.19605e-04  2.36173e-01
2.714675086e+03  2.3392457e-01  4.96805e-04  2.33925e-01
2.714636305e+03  2.4068781e-01  4.97617e-04  2.40688e-01
2.714597525e+03  2.4087980e-01  4.98351e-04  2.40880e-01
2.714558746e+03  2.4127176e-01  5.04201e-04  2.41272e-01
2.714519967e+03  2.4136372e-01  5.10372e-04  2.41364e-01
2.714481189e+03  2.4143205e-01  5.01770e-04  2.41432e-01
2.714442411e+03  2.4137610e-01  5.04765e-04  2.41376e-01
2.714403634e+03  2.4087186e-01  5.01167e-04  2.40872e-01
2.714364857e+03  2.4100184e-01  4.95928e-04  2.41002e-01
2.714326081e+03  2.4119838e-01  4.96824e-04  2.41198e-01
2.714287305e+03  2.4139773e-01  4.93834e-04  2.41398e-01
2.714248530e+03  2.4129246e-01  4.96862e-04  2.41292e-01
2.714209756e+03  2.4128060e-01  5.09065e-04  2.41281e-01
2.714170982e+03  2.4130205e-01  4.96801e-04  2.41302e-01
2.714132209e+03  2.4131226e-01  4.93186e-04  2.41312e-01
2.714093436e+03  2.4119853e-01  4.91745e-04  2.41199e-01
2.714054664e+03  2.4022132e-01  4.90788e-04  2.40221e-01
2.714015892e+03  2.3825009e-01  4.89955e-04  2.38250e-01
2.713977121e+03  2.4022344e-01  4.92306e-04  2.40223e-01
2.713938351e+03  2.3877922e-01  4.94270e-04  2.38779e-01
2.713899581e+03  2.3838564e-01  5.05663e-04  2.38386e-01
2.713860811e+03  2.4074956e-01  5.20626e-04  2.40750e-01
2.713822042e+03  2.4078444e-01  5.03089e-04  2.40784e-01
2.713783274e+03  2.3989494e-01  4.93994e-04  2.39895e-01
2.713744506e+03  2.4017022e-01  4.92196e-04  2.40170e-01
2.713705739e+03  2.4109825e-01  4.94282e-04  2.41098e-01
2.713666972e+03  2.4130975e-01  5.05863e-04  2.41310e-01
2.713628206e+03  2.4137306e-01  4.96742e-04  2.41373e-01
2.713589441e+03  2.4142207e-01  4.92311e-04  2.41422e-01
2.713550676e+03  2.4136345e-01  4.91120e-04  2.41363e-01
2.713511911e+03  2.4136435e-01  4.90483e-04  2.41364e-01
2.713473147e+03  2.4138341e-01  4.90468e-04  2.41383e-01
2.713434384e+03  2.4138332e-01  4.90321e-04  2.41383e-01
2.713395621e+03  2.4121008e-01  4.90562e-04  2.41210e-01
2.713356859e+03  2.4082441e-01  4.90343e-04  2.40824e-01
2.713318097e+03  2.4136702e-01  4.91014e-04  2.41367e-01
2.713279336e+03  2.4136711e-01  4.92539e-04  2.41367e-01
2.713240575e+03  2.4133848e-01  4.95390e-04  2.41338e-01
2.713201815e+03  2.4117656e-01  4.98042e-04  2.41177e-01
2.713163056e+03  2.3668062e-01  4.90914e-04  2.36681e-01
2.713124297e+03  2.4109776e-01  4.91668e-04  2.41098e-01
2.713085539e+03  2.4074445e-01  4.91023e-04  2.40744e-01
2.713046781e+03  2.4064618e-01  4.91550e-04  2.40646e-01
2.713008024e+03  2.3999640e-01  4.90358e-04  2.39996e-01
2.712969267e+03  2.4041117e-01  4.91187e-04  2.40411e-01
2.712930511e+03  2.4071908e-01  4.93762e-04  2.40719e-01
2.712891755e+03  2.3994750e-01  4.90743e-04  2.39948e-01
2.712853000e+03  2.4070611e-01  4.91214e-04  2.40706e-01
2.712814246e+03  2.4080179e-01  4.93026e-04  2.40802e-01
2.712775492e+03  2.4087246e-01  4.98491e-04  2.40872e-01
2.712736738e+03  2.4091980e-01  5.11916e-04  2.40920e-01
2.712697985e+03  2.4095593e-01  5.00451e-04  2.40956e-01
2.712659233e+03  2.4092575e-01  4.94134e-04  2.40926e-01
2.712620481e+03  2.4087338e-01  4.92362e-04  2.40873e-01
2.712581730e+03  2.4077160e-01  4.91854e-04  2.40772e-01
2.712542980e+03  2.4068909e-01  4.92168e-04  2.40689e-01
2.712504230e+03  2.4058032e-01  4.92660e-04  2.40580e-01
2.712465480e+03  2.4034892e-01  4.93378e-04  2.40349e-01
2.712426731e+03  2.3559306e-01  4.90953e-04  2.35593e-01
2.712387983e+03  2.4015952e-01  4.98071e-04  2.40160e-01
2.712349235e+03  2.4032829e-01  5.02529e-04  2.40328e-01
2.712310488e+03  2.4016216e-01  5.12866e-04  2.40162e-01
2.712271741e+03  2.4052337e-01  5.57813e-04  2.40523e-01
2.712232995e+03  2.4057200e-01  5.32577e-04  2.40572e-01
2.712194249e+03  2.4068857e-01  5.55552e-04  2.40689e-01
2.712155504e+03  2.4076982e-01  7.98689e-04  2.40770e-01
2.712116759e+03  2.4077598e-01  9.02747e-04  2.40776e-01
2.712078015e+03  2.4072380e-01  7.91080e-04  2.40724e-01
2.712039272e+03  2.4068629e-01  8.18125e-04  2.40686e-01
2.712000529e+03  2.4063583e-01  6.53522e-04  2.40636e-01
2.711961787e+03  2.4039130e-01  5.43140e-04  2.40391e-01
2.711923045e+03  2.4033858e-01  5.28568e-04  2.40339e-01
2.711884304e+03  2.4048530e-01  5.13379e-04  2.40485e-01
2.711845563e+03  2.4036300e-01  5.15427e-04  2.40363e-01
2.711806823e+03  2.4051582e-01  5.43021e-04  2.40516e-01
2.711768084e+03  2.4021919e-01  7.09545e-04  2.40219e-01
2.711729345e+03  2.4061887e-01  5.80532e-04  2.40619e-01
2.711690606e+03  2.3567506e-01  5.22155e-04  2.35675e-01
2.711651868e+03  2.4020414e-01  5.15259e-04  2.40204e-01
2.711613131e+03  2.4019738e-01  5.19092e-04  2.40197e-01
2.711574394e+03  2.4035773e-01  5.29633e-04  2.40358e-01
2.711535658e+03  2.4057097e-01  5.24932e-04  2.40571e-01
2.711496922e+03  2.4066951e-01  5.27421e-04  2.40670e-01
2.711458187e+03  2.4060850e-01  5.28973e-04  2.40609e-01
2.711419453e+03  2.4061597e-01  5.39262e-04  2.40616e-01
2.711380719e+03  2.4059626e-01  5.79165e-04  2.40596e-01
2.711341985e+03  2.4045833e-01  7.90290e-04  2.40458e-01
2.711303252e+03  2.4060491e-01  7.56803e-04  2.40605e-01
2.711264520e+03  2.4059333e-01  7.58749e-04  2.40593e-01
2.711225788e+03  2.4065903e-01  6.09944e-04  2.40659e-01
2.711187057e+03  2.4044781e-01  5.25487e-04  2.40448e-01
2.711148326e+03  2.4057759e-01  5.07734e-04  2.40578e-01
2.711109596e+03  2.3677010e-01  4.99190e-04  2.36770e-01
2.711070866e+03  2.4052395e-01  5.01185e-04  2.40524e-01
2.711032137e+03  2.4051227e-01  5.04934e-04  2.40512e-01
2.710993409e+03  2.4049609e-01  5.18104e-04  2.40496e-01
2.710954681e+03  2.3599069e-01  5.56589e-04  2.35991e-01
2.710915954e+03  2.4047390e-01  5.17865e-04  2.40474e-01
2.710877227e+03  2.4038052e-01  5.01188e-04  2.40381e-01
2.710838501e+03  2.4042336e-01  4.96121e-04  2.40423e-01
2.710799775e+03  2.4016553e-01  4.93239e-04  2.40166e-01
2.710761050e+03  2.4038521e-01  4.92207e-04  2.40385e-01
2.710722325e+03  2.4036362e-01  4.91672e-04  2.40364e-01
2.710683601e+03  2.4038265e-01  4.91756e-04  2.40383e-01
2.710644878e+03  2.3889149e-01  4.90533e-04  2.38891e-01
2.710606155e+03  2.4034129e-01  4.92075e-04  2.40341e-01
2.710567432e+03  2.4034979e-01  4.93419e-04  2.40350e-01
2.710528710e+03  2.3895666e-01  4.96051e-04  2.38957e-01
2.710489989e+03  2.3991865e-01  5.02163e-04  2.39919e-01
2.710451268e+03  2.4015114e-01  5.01039e-04  2.40151e-01
2.710412548e+03  2.4003509e-01  4.98573e-04  2.40035e-01
2.710373829e+03  2.3997329e-01  5.00722e-04  2.39973e-01
2.710335109e+03  2.3974876e-01  5.03489e-04  2.39749e-01
2.710296391e+03  2.3973813e-01  4.97203e-04  2.39738e-01
2.710257673e+03  2.4009167e-01  4.92728e-04  2.40092e-01
2.710218956e+03  2.3581117e-01  4.87732e-04  2.35811e-01
2.710180239e+03  2.3936939e-01  4.89838e-04  2.39369e-01
2.710141522e+03  2.4025824e-01  4.90886e-04  2.40258e-01
2.710102807e+03  2.4024017e-01  4.91394e-04  2.40240e-01
2.710064091e+03  2.4025564e-01  4.94033e-04  2.40256e-01
2.710025377e+03  2.4000272e-01  4.95555e-04  2.40003e-01
2.709986663e+03  2.4023514e-01  4.92982e-04  2.40235e-01
2.709947949e+03  2.4025585e-01  4.91715e-04  2.40256e-01
2.709909236e+03  2.4025005e-01  4.94352e-04  2.40250e-01
2.709870524e+03  2.4020303e-01  4.91171e-04  2.40203e-01
2.709831812e+03  2.4012148e-01  4.89907e-04  2.40121e-01
2.709793100e+03  2.4011244e-01  4.89384e-04  2.40112e-01
2.709754390e+03  2.4000062e-01  4.89362e-04  2.40001e-01
2.709715679e+03  2.3994988e-01  4.89920e-04  2.39950e-01
2.709676970e+03  2.3996992e-01  4.89490e-04  2.39970e-01
2.709638261e+03  2.4001183e-01  4.89668e-04  2.40012e-01
2.709599552e+03  2.3999866e-01  4.90153e-04  2.39999e-01
2.709560844e+03  2.3985600e-01  4.90823e-04  2.39856e-01
2.709522137e+03  2.3900833e-01  4.92257e-04  2.39008e-01
2.709483430e+03  2.2972824e-01  4.86538e-04  2.29728e-01
2.709444723e+03  2.3936063e-01  4.97848e-04  2.39361e-01
2.709406018e+03  2.3973128e-01  5.11557e-04  2.39731e-01
2.709367312e+03  2.3984280e-01  5.16879e-04  2.39843e-01
2.709328608e+03  2.3983547e-01  5.21078e-04  2.39835e-01
2.709289904e+03  2.3954294e-01  5.08440e-04  2.39543e-01
2.709251200e+03  2.3976006e-01  4.99622e-04  2.39760e-01
2.709212497e+03  2.3986473e-01  4.95661e-04  2.39865e-01
2.709173794e+03  2.3977907e-01  4.95103e-04  2.39779e-01
2.709135092e+03  2.3979330e-01  4.98012e-04  2.39793e-01
2.709096391e+03  2.3974540e-01  5.10149e-04  2.39745e-01
2.709057690e+03  2.3960904e-01  5.71686e-04  2.39609e-01
2.709018990e+03  2.3965930e-01  5.33673e-04  2.39659e-01
2.708980290e+03  2.3955657e-01  5.00036e-04  2.39557e-01
2.708941591e+03  2.3935771e-01  4.94907e-04  2.39358e-01
2.708902893e+03  2.3944000e-01  4.94240e-04  2.39440e-01
2.708864194e+03  2.3945935e-01  4.95099e-04  2.39459e-01
2.708825497e+03  2.3955010e-01  5.00467e-04  2.39550e-01
2.708786800e+03  2.3953470e-01  4.96300e-04  2.39535e-01
2.708748104e+03  2.3542405e-01  4.99574e-04  2.35424e-01
2.708709408e+03  2.3871196e-01  5.08719e-04  2.38712e-01
2.708670712e+03  2.3863463e-01  4.94843e-04  2.38635e-01
2.708632018e+03  2.3913991e-01  4.91957e-04  2.39140e-01
2.708593324e+03  2.3931018e-01  4.91203e-04  2.39310e-01
2.708554630e+03  2.3931529e-01  4.91128e-04  2.39315e-01
2.708515937e+03  2.3912322e-01  4.90877e-04  2.39123e-01
2.708477244e+03  2.3932132e-01  4.91676e-04  2.39321e-01
2.708438552e+03  2.3928770e-01  4.93079e-04  2.39288e-01
2.708399861e+03  2.3918198e-01  4.94387e-04  2.39182e-01
2.708361170e+03  2.3868204e-01  4.96752e-04  2.38682e-01
2.708322480e+03  2.1245435e-01  4.81015e-04  2.12454e-01
2.708283790e+03  2.3866458e-01  5.10344e-04  2.38665e-01
2.708245101e+03  2.3906642e-01  5.30555e-04  2.39066e-01
2.708206412e+03  2.3943349e-01  5.74060e-04  2.39433e-01
2.708167724e+03  2.3947953e-01  6.11189e-04  2.39480e-01
2.708129036e+03  2.3949567e-01  5.68253e-04  2.39496e-01
2.708090349e+03  2.3918786e-01  5.28012e-04  2.39188e-01
2.708051663e+03  2.3945749e-01  5.09659e-04  2.39457e-01
2.708012977e+03  2.3590381e-01  4.98873e-04  2.35904e-01
2.707974292e+03  2.3929403e-01  4.97926e-04  2.39294e-01
2.707935607e+03  2.3942304e-01  4.98130e-04  2.39423e-01
2.707896923e+03  2.3894304e-01  4.95088e-04  2.38943e-01
2.707858239e+03  2.3835459e-01  4.91946e-04  2.38355e-01
2.707819556e+03  2.3839744e-01  4.90931e-04  2.38397e-01
2.707780873e+03  2.3892663e-01  4.91479e-04  2.38927e-01
2.707742191e+03  2.3906373e-01  4.92122e-04  2.39064e-01
2.707703510e+03  2.3928272e-01  4.92207e-04  2.39283e-01
2.707664829e+03  2.3929971e-01  4.94338e-04  2.39300e-01
2.707626148e+03  2.3935511e-01  4.97152e-04  2.39355e-01
2.707587469e+03  2.3938196e-01  4.92083e-04  2.39382e-01
2.707548789e+03  2.3943394e-01  4.89835e-04  2.39434e-01
2.707510111e+03  2.3937088e-01  4.89231e-04  2.39371e-01
2.707471432e+03  2.3878643e-01  4.88608e-04  2.38786e-01
2.707432755e+03  2.3773208e-01  4.87748e-04  2.37732e-01
2.707394078e+03  2.3857570e-01  4.88928e-04  2.38576e-01
2.707355401e+03  2.3926113e-01  4.89699e-04  2.39261e-01
2.707316725e+03  2.3877215e-01  4.91829e-04  2.38772e-01
2.707278050e+03  2.3495138e-01  4.89149e-04  2.34951e-01
2.707239375e+03  2.3513299e-01  4.88005e-04  2.35133e-01
2.707200701e+03  2.3781853e-01  4.91374e-04  2.37819e-01
2.707162027e+03  2.3923309e-01  4.98235e-04  2.39233e-01
2.707123354e+03  2.3859886e-01  5.02945e-04  2.38599e-01
2.707084681e+03  2.3841305e-01  5.05425e-04  2.38413e-01
2.707046009e+03  2.3914258e-01  5.03607e-04  2.39143e-01
2.707007338e+03  2.3902269e-01  4.99702e-04  2.39023e-01
2.706968667e+03  2.3910403e-01  4.96478e-04  2.39104e-01
2.706929996e+03  2.3899255e-01  4.94844e-04  2.38993e-01
2.706891326e+03  2.3802154e-01  4.91351e-04  2.38022e-01
2.706852657e+03  2.3764823e-01  4.89447e-04  2.37648e-01
2.706813988e+03  2.3872115e-01  4.89308e-04  2.38721e-01
2.706775320e+03  2.3874697e-01  4.89334e-04  2.38747e-01
2.706736652e+03  2.3752681e-01  4.88133e-04  2.37527e-01
2.706697985e+03  2.3772924e-01  4.87667e-04  2.37729e-01
2.706659319e+03  2.3883469e-01  4.88614e-04  2.38835e-01
2.706620653e+03  2.3899580e-01  4.88539e-04  2.38996e-01
2.706581987e+03  2.3890130e-01  4.88837e-04  2.38901e-01
2.706543322e+03  2.3878182e-01  4.89111e-04  2.38782e-01
2.706504658e+03  2.3595984e-01  4.87663e-04  2.35960e-01
2.706465994e+03  2.3888074e-01  4.90962e-04  2.38881e-01
2.706427331e+03  2.3890163e-01  4.97368e-04  2.38902e-01
2.706388668e+03  2.3622725e-01  4.99151e-04  2.36227e-01
2.706350006e+03  2.3177651e-01  4.95553e-04  2.31777e-01
2.706311344e+03  2.3803618e-01  5.01817e-04  2.38036e-01
2.706272683e+03  2.3762212e-01  5.04600e-04  2.37622e-01
2.706234023e+03  2.3816078e-01  5.18520e-04  2.38161e-01
2.706195363e+03  2.3890849e-01  5.25792e-04  2.38908e-01
2.706156704e+03  2.3894498e-01  5.11937e-04  2.38945e-01
2.706118045e+03  2.3878595e-01  4.99706e-04  2.38786e-01
2.706079386e+03  2.3828418e-01  4.94429e-04  2.38284e-01
2.706040729e+03  2.3824773e-01  4.91634e-04  2.38248e-01
2.706002072e+03  2.3873378e-01  4.90232e-04  2.38734e-01
2.705963415e+03  2.3873964e-01  4.89781e-04  2.38740e-01
2.705924759e+03  2.3877859e-01  4.88929e-04  2.38779e-01
2.705886103e+03  2.3881913e-01  4.88474e-04  2.38819e-01
2.705847448e+03  2.3879156e-01  4.88256e-04  2.38792e-01
2.705808794e+03  2.3868968e-01  4.88092e-04  2.38690e-01
2.705770140e+03  2.3613542e-01  4.86146e-04  2.36135e-01
2.705731487e+03  2.3866306e-01  4.88755e-04  2.38663e-01
2.705692834e+03  2.3864563e-01  4.87779e-04  2.38646e-01
2.705654182e+03  2.3854798e-01  4.87513e-04  2.38548e-01
2.705615530e+03  2.3862382e-01  4.88728e-04  2.38624e-01
2.705576879e+03  2.3858672e-01  4.89196e-04  2.38587e-01
2.705538229e+03  2.3856355e-01  4.88539e-04  2.38564e-01
2.705499579e+03  2.3849837e-01  4.89023e-04  2.38498e-01
2.705460929e+03  2.3824220e-01  4.88274e-04  2.38242e-01
2.705422280e+03  2.3798936e-01  4.87168e-04  2.37989e-01
2.705383632e+03  2.3699519e-01  4.86112e-04  2.36995e-01
2.705344984e+03  2.3739499e-01  4.86582e-04  2.37395e-01
2.705306337e+03  2.3739811e-01  4.86227e-04  2.37398e-01
2.705267690e+03  2.3681160e-01  4.85804e-04  2.36812e-01
2.705229044e+03  2.3583364e-01  4.85395e-04  2.35834e-01
2.705190399e+03  2.3566470e-01  4.85337e-04  2.35665e-01
2.705151753e+03  2.3677074e-01  4.87737e-04  2.36771e-01
2.705113109e+03  2.3725964e-01  4.87854e-04  2.37260e-01
2.705074465e+03  2.3732890e-01  4.87043e-04  2.37329e-01
2.705035822e+03  2.3515311e-01  4.85483e-04  2.35153e-01
2.704997179e+03  2.3690128e-01  4.86578e-04  2.36901e-01
2.704958537e+03  2.3597860e-01  4.86094e-04  2.35979e-01
2.704919895e+03  2.3604845e-01  4.86667e-04  2.36048e-01
2.704881254e+03  2.3584453e-01  4.87567e-04  2.35845e-01
2.704842613e+03  2.3341353e-01  4.87882e-04  2.33414e-01
2.704803973e+03  2.2649228e-01  4.87618e-04  2.26492e-01
2.704765334e+03  2.1912538e-01  5.01669e-04  2.19125e-01
2.704726695e+03  2.2630053e-01  5.79537e-04  2.26301e-01
2.704688056e+03  2.3324399e-01  5.15572e-04  2.33244e-01
2.704649418e+03  2.3535571e-01  5.08252e-04  2.35356e-01
2.704610781e+03  2.3477219e-01  5.60261e-04  2.34772e-01
2.704572144e+03  2.3501655e-01  5.35271e-04  2.35017e-01
2.704533508e+03  2.3279935e-01  5.33537e-04  2.32799e-01
2.704494873e+03  2.2656275e-01  4.94051e-04  2.26563e-01
2.704456237e+03  2.1625856e-01  4.81565e-04  2.16259e-01
2.704417603e+03  2.1937375e-01  4.79638e-04  2.19374e-01
2.704378969e+03  2.2975131e-01  4.84714e-04  2.29751e-01
2.704340335e+03  2.3383880e-01  4.86843e-04  2.33839e-01
2.704301703e+03  2.3344529e-01  4.87426e-04  2.33445e-01
2.704263070e+03  2.3560571e-01  4.87470e-04  2.35606e-01
2.704224438e+03  2.3570535e-01  4.87335e-04  2.35705e-01
2.704185807e+03  2.3531022e-01  4.86267e-04  2.35310e-01
2.704147177e+03  2.3444275e-01  4.86357e-04  2.34443e-01
2.704108546e+03  2.3242103e-01  4.89875e-04  2.32421e-01
2.704069917e+03  2.2663244e-01  4.80440e-04  2.26632e-01
2.704031288e+03  2.1455774e-01  4.69817e-04  2.14558e-01
2.703992659e+03  2.1272252e-01  4.67640e-04  2.12723e-01
2.703954031e+03  2.2075723e-01  4.73637e-04  2.20757e-01
2.703915404e+03  2.1910567e-01  4.72368e-04  2.19106e-01
2.703876777e+03  2.0409318e-01  4.61179e-04  2.04093e-01
2.703838151e+03  1.9406195e-01  4.53083e-04  1.94062e-01
2.703799525e+03  2.1190649e-01  4.66819e-04  2.11906e-01
2.703760900e+03  2.2615086e-01  4.77695e-04  2.26151e-01
2.703722276e+03  2.3148461e-01  4.82337e-04  2.31485e-01
2.703683652e+03  2.3394163e-01  4.84014e-04  2.33942e-01
2.703645028e+03  2.3528106e-01  4.85638e-04  2.35281e-01
2.703606405e+03  2.3605394e-01  4.88116e-04  2.36054e-01
2.703567783e+03  2.3549044e-01  4.91491e-04  2.35490e-01
2.703529161e+03  2.3686934e-01  4.86917e-04  2.36869e-01
2.703490540e+03  2.3708799e-01  4.86121e-04  2.37088e-01
2.703451919e+03  2.3663938e-01  4.85648e-04  2.36639e-01
2.703413299e+03  2.3598618e-01  4.85614e-04  2.35986e-01
2.703374679e+03  2.3688373e-01  4.87240e-04  2.36884e-01
2.703336060e+03  2.3742020e-01  4.91924e-04  2.37420e-01
2.703297441e+03  2.3757818e-01  4.90002e-04  2.37578e-01
2.703258823e+03  2.3718670e-01  4.90004e-04  2.37187e-01
2.703220206e+03  2.3767593e-01  4.88048e-04  2.37676e-01
2.703181589e+03  2.3763662e-01  4.88114e-04  2.37637e-01
2.703142973e+03  2.3770789e-01  4.89214e-04  2.37708e-01
2.703104357e+03  2.3764774e-01  4.91998e-04  2.37648e-01
2.703065742e+03  2.3752565e-01  4.93288e-04  2.37526e-01
2.703027127e+03  2.3754971e-01  4.89547e-04  2.37550e-01
2.702988513e+03  2.3775023e-01  4.88013e-04  2.37750e-01
2.702949899e+03  2.3780061e-01  4.88501e-04  2.37801e-01
2.702911286e+03  2.3779595e-01  4.89498e-04  2.37796e-01
2.702872674e+03  2.3776035e-01  4.90465e-04  2.37760e-01
2.702834062e+03  2.3718676e-01  4.97231e-04  2.37187e-01
2.702795451e+03  2.3774594e-01  5.06339e-04  2.37746e-01
2.702756840e+03  2.3775621e-01  4.93799e-04  2.37756e-01
2.702718230e+03  2.3776060e-01  4.97897e-04  2.37761e-01
2.702679620e+03  2.3775077e-01  4.99076e-04  2.37751e-01
2.702641011e+03  2.3765420e-01  5.04770e-04  2.37654e-01
2.702602402e+03  2.3753371e-01  4.91294e-04  2.37534e-01
2.702563794e+03  2.3692713e-01  4.87552e-04  2.36927e-01
2.702525187e+03  2.3578487e-01  4.85988e-04  2.35785e-01
2.702486580e+03  2.3644875e-01  4.87591e-04  2.36449e-01
2.702447973e+03  2.3696804e-01  4.88753e-04  2.36968e-01
2.702409367e+03  2.3651608e-01  4.92300e-04  2.36516e-01
2.702370762e+03  2.3577568e-01  4.88142e-04  2.35776e-01
2.702332157e+03  2.3514913e-01  4.87103e-04  2.35149e-01
2.702293553e+03  2.3432895e-01  4.86086e-04  2.34329e-01
2.702254949e+03  2.3625767e-01  4.88689e-04  2.36258e-01
2.702216346e+03  2.3617800e-01  4.91849e-04  2.36178e-01
2.702177744e+03  2.3618647e-01  5.00513e-04  2.36186e-01
2.702139142e+03  2.3719816e-01  5.10272e-04  2.37198e-01
2.702100540e+03  2.3739600e-01  5.08334e-04  2.37396e-01
2.702061939e+03  2.3741971e-01  4.98331e-04  2.37420e-01
2.702023339e+03  2.3739422e-01  4.97377e-04  2.37394e-01
2.701984739e+03  2.3724242e-01  4.90577e-04  2.37242e-01
2.701946140e+03  2.3731287e-01  4.90741e-04  2.37313e-01
2.701907541e+03  2.3742247e-01  5.00859e-04  2.37422e-01
2.701868943e+03  2.3744519e-01  4.91374e-04  2.37445e-01
2.701830346e+03  2.3749717e-01  4.87621e-04  2.37497e-01
2.701791749e+03  2.3751016e-01  4.87215e-04  2.37510e-01
2.701753152e+03  2.3749099e-01  4.87212e-04  2.37491e-01
2.701714556e+03  2.3749414e-01  4.86780e-04  2.37494e-01
2.701675961e+03  2.3739318e-01  4.87166e-04  2.37393e-01
2.701637366e+03  2.3743414e-01  4.87536e-04  2.37434e-01
2.701598772e+03  2.3730264e-01  4.87288e-04  2.37303e-01
2.701560178e+03  2.3727961e-01  4.86414e-04  2.37280e-01
2.701521585e+03  2.3736641e-01  4.87221e-04  2.37366e-01
2.701482992e+03  2.3737511e-01  4.86464e-04  2.37375e-01
2.701444400e+03  2.3723641e-01  4.85579e-04  2.37236e-01
2.701405809e+03  2.3728189e-01  4.85546e-04  2.37282e-01
2.701367218e+03  2.3676897e-01  4.85246e-04  2.36769e-01
2.701328627e+03  2.3740664e-01  4.85977e-04  2.37407e-01
2.701290038e+03  2.3745905e-01  4.86219e-04  2.37459e-01
2.701251448e+03  2.3737872e-01  4.86056e-04  2.37379e-01
2.701212860e+03  2.3736752e-01  4.85598e-04  2.37368e-01
2.701174271e+03  2.3730460e-01  4.85435e-04  2.37305e-01
2.701135684e+03  2.3732059e-01  4.85442e-04  2.37321e-01
2.701097097e+03  2.3731782e-01  4.85464e-04  2.37318e-01
2.701058510e+03  2.3734517e-01  4.85957e-04  2.37345e-01
2.701019924e+03  2.3736934e-01  4.85669e-04  2.37369e-01
2.700981339e+03  2.3737623e-01  4.85634e-04  2.37376e-01
2.700942754e+03  2.3730918e-01  4.85896e-04  2.37309e-01
2.700904169e+03  2.3719996e-01  4.86407e-04  2.37200e-01
2.700865586e+03  2.3715907e-01  4.86839e-04  2.37159e-01
2.700827002e+03  2.3713918e-01  4.85760e-04  2.37139e-01
2.700788420e+03  2.3714978e-01  4.85399e-04  2.37150e-01
2.700749837e+03  2.3714960e-01  4.85356e-04  2.37150e-01
2.700711256e+03  2.3711979e-01  4.85347e-04  2.37120e-01
2.700672675e+03  2.3701801e-01  4.85439e-04  2.37018e-01
2.700634094e+03  2.3565558e-01  4.84829e-04  2.35656e-01
2.700595514e+03  2.3669536e-01  4.86555e-04  2.36695e-01
2.700556935e+03  2.3683613e-01  4.85565e-04  2.36836e-01
2.700518356e+03  2.3696013e-01  4.85573e-04  2.36960e-01
2.700479778e+03  2.3698376e-01  4.85534e-04  2.36984e-01
2.700441200e+03  2.3694976e-01  4.85730e-04  2.36950e-01
2.700402623e+03  2.3690659e-01  4.87799e-04  2.36907e-01
2.700364046e+03  2.3697189e-01  4.89992e-04  2.36972e-01
2.700325470e+03  2.3704401e-01  4.86664e-04  2.37044e-01
2.700286895e+03  2.3695718e-01  4.86345e-04  2.36957e-01
2.700248320e+03  2.3700844e-01  4.85583e-04  2.37008e-01
2.700209745e+03  2.3706407e-01  4.85760e-04  2.37064e-01
2.700171171e+03  2.3701643e-01  4.86070e-04  2.37016e-01
2.700132598e+03  2.3687869e-01  4.85332e-04  2.36879e-01
2.700094025e+03  2.3693989e-01  4.85318e-04  2.36940e-01
2.700055453e+03  2.3692809e-01  4.85215e-04  2.36928e-01
2.700016882e+03  2.3684980e-01  4.85257e-04  2.36850e-01