# ------------------------------------------------------------------------
# Radiance spectrum
# NASA-GSFC Planetary Spectrum Generator (PSG) (Villanueva et al. 2018, 2022)
# Synthesized on Fri Aug 15 21:14:23 2025
# Doppler velocities [km/s] (vobs,vrot+vorb,vwidth,vrfl,vstr): -17.63700,-0.00000,0.01000,-1.06846,0.00000
# ------------------------------------------------------------------------
# Spectra synthesized with the Planetary and Universal Model of Atmospheric Scattering (PUMAS, Villanueva et al. 2018, 2022)
# Single scattering radiative transfer method
# Radiative transfer took 0.191 seconds
# ------------------------------------------------------------------------
# Spectral unit: Frequency[cm-1]
# Radiance unit: Spectral radiance [W/sr/m2/um]
# Wave/freq Total Noise Mars
2.740000000e+03  2.5840411e-01  5.08202e-04  2.58404e-01
2.739960858e+03  2.5789106e-01  5.05096e-04  2.57891e-01
2.739921716e+03  2.5803563e-01  5.04432e-04  2.58036e-01
2.739882575e+03  2.5748714e-01  5.03663e-04  2.57487e-01
2.739843434e+03  2.5732727e-01  5.03534e-04  2.57327e-01
2.739804294e+03  2.5791369e-01  5.04076e-04  2.57914e-01
2.739765155e+03  2.5609677e-01  5.03011e-04  2.56097e-01
2.739726016e+03  2.5822625e-01  5.04984e-04  2.58226e-01
2.739686877e+03  2.5903929e-01  5.06493e-04  2.59039e-01
2.739647739e+03  2.5709474e-01  5.06906e-04  2.57095e-01
2.739608602e+03  2.5908071e-01  5.12388e-04  2.59081e-01
2.739569465e+03  2.5875714e-01  5.11763e-04  2.58757e-01
2.739530329e+03  2.5898480e-01  5.11300e-04  2.58985e-01
2.739491194e+03  2.5805310e-01  5.12744e-04  2.58053e-01
2.739452059e+03  2.0932874e-01  4.74808e-04  2.09329e-01
2.739412924e+03  2.5869973e-01  5.10006e-04  2.58700e-01
2.739373790e+03  2.5900484e-01  5.10307e-04  2.59005e-01
2.739334657e+03  2.5883198e-01  5.12846e-04  2.58832e-01
2.739295524e+03  2.5767477e-01  5.33827e-04  2.57675e-01
2.739256392e+03  2.5749246e-01  5.21602e-04  2.57492e-01
2.739217260e+03  2.5778538e-01  5.12495e-04  2.57785e-01
2.739178129e+03  2.5710999e-01  5.10414e-04  2.57110e-01
2.739138999e+03  2.5833270e-01  5.12479e-04  2.58333e-01
2.739099869e+03  2.5369881e-01  5.12770e-04  2.53699e-01
2.739060739e+03  2.3450875e-01  5.03755e-04  2.34509e-01
2.739021610e+03  2.5866362e-01  5.33712e-04  2.58664e-01
2.738982482e+03  2.5883366e-01  5.56317e-04  2.58834e-01
2.738943354e+03  2.5755856e-01  6.01706e-04  2.57559e-01
2.738904227e+03  2.5827263e-01  6.21598e-04  2.58273e-01
2.738865100e+03  2.5858162e-01  5.87495e-04  2.58582e-01
2.738825974e+03  2.5829541e-01  5.99655e-04  2.58295e-01
2.738786849e+03  2.1304457e-01  5.53785e-04  2.13045e-01
2.738747724e+03  2.5516084e-01  5.43528e-04  2.55161e-01
2.738708599e+03  2.5820758e-01  5.60057e-04  2.58208e-01
2.738669476e+03  2.5809463e-01  5.33678e-04  2.58095e-01
2.738630352e+03  2.5847739e-01  5.17997e-04  2.58477e-01
2.738591229e+03  2.5846422e-01  5.13229e-04  2.58464e-01
2.738552107e+03  2.5751647e-01  5.08836e-04  2.57516e-01
2.738512986e+03  2.5642351e-01  5.06976e-04  2.56424e-01
2.738473865e+03  2.5698051e-01  5.06563e-04  2.56981e-01
2.738434744e+03  2.5785087e-01  5.06773e-04  2.57851e-01
2.738395624e+03  2.5835292e-01  5.07103e-04  2.58353e-01
2.738356505e+03  2.5863679e-01  5.07673e-04  2.58637e-01
2.738317386e+03  2.5864236e-01  5.08246e-04  2.58642e-01
2.738278268e+03  2.5869386e-01  5.09273e-04  2.58694e-01
2.738239150e+03  2.5846788e-01  5.11655e-04  2.58468e-01
2.738200033e+03  2.4868340e-01  5.13951e-04  2.48683e-01
2.738160916e+03  2.5775787e-01  5.67286e-04  2.57758e-01
2.738121800e+03  2.5651165e-01  5.39703e-04  2.56512e-01
2.738082685e+03  2.1138241e-01  5.04437e-04  2.11382e-01
2.738043570e+03  2.5767122e-01  5.47974e-04  2.57671e-01
2.738004456e+03  2.5852032e-01  5.32401e-04  2.58520e-01
2.737965342e+03  2.5851725e-01  5.18773e-04  2.58517e-01
2.737926229e+03  2.5825683e-01  5.13540e-04  2.58257e-01
2.737887116e+03  2.5827837e-01  5.09153e-04  2.58278e-01
2.737848004e+03  2.5830125e-01  5.07242e-04  2.58301e-01
2.737808892e+03  2.5836842e-01  5.06321e-04  2.58368e-01
2.737769781e+03  2.5830085e-01  5.05822e-04  2.58301e-01
2.737730671e+03  2.5820904e-01  5.06623e-04  2.58209e-01
2.737691561e+03  2.5821559e-01  5.05284e-04  2.58216e-01
2.737652452e+03  2.5828717e-01  5.05031e-04  2.58287e-01
2.737613343e+03  2.5823591e-01  5.07350e-04  2.58236e-01
2.737574235e+03  2.5819200e-01  5.09392e-04  2.58192e-01
2.737535127e+03  2.5808609e-01  5.04747e-04  2.58086e-01
2.737496020e+03  2.5793468e-01  5.05364e-04  2.57935e-01
2.737456913e+03  2.5775399e-01  5.07419e-04  2.57754e-01
2.737417807e+03  2.4766729e-01  4.99288e-04  2.47667e-01
2.737378702e+03  2.2389030e-01  4.82224e-04  2.23890e-01
2.737339597e+03  2.5765314e-01  5.10786e-04  2.57653e-01
2.737300493e+03  2.5687787e-01  5.08603e-04  2.56878e-01
2.737261389e+03  2.4723706e-01  5.12767e-04  2.47237e-01
2.737222286e+03  2.5760412e-01  5.23650e-04  2.57604e-01
2.737183183e+03  2.5777753e-01  5.63437e-04  2.57778e-01
2.737144081e+03  2.5782047e-01  5.50139e-04  2.57820e-01
2.737104980e+03  2.5790484e-01  5.56361e-04  2.57905e-01
2.737065879e+03  2.5799313e-01  5.40917e-04  2.57993e-01
2.737026778e+03  2.5805506e-01  5.26277e-04  2.58055e-01
2.736987679e+03  2.5793404e-01  5.12690e-04  2.57934e-01
2.736948579e+03  2.5791057e-01  5.08275e-04  2.57911e-01
2.736909481e+03  2.5788204e-01  5.08296e-04  2.57882e-01
2.736870382e+03  2.5794500e-01  5.05888e-04  2.57945e-01
2.736831285e+03  2.5769125e-01  5.04976e-04  2.57691e-01
2.736792188e+03  2.5798760e-01  5.06327e-04  2.57988e-01
2.736753091e+03  2.5787851e-01  5.04683e-04  2.57879e-01
2.736713995e+03  2.1695938e-01  4.74500e-04  2.16959e-01
2.736674900e+03  2.5786664e-01  5.09007e-04  2.57867e-01
2.736635805e+03  2.5812702e-01  5.08366e-04  2.58127e-01
2.736596711e+03  2.5810662e-01  5.04740e-04  2.58107e-01
2.736557617e+03  2.5777349e-01  5.06138e-04  2.57773e-01
2.736518524e+03  2.5802079e-01  5.07333e-04  2.58021e-01
2.736479432e+03  2.5806384e-01  5.04124e-04  2.58064e-01
2.736440340e+03  2.5782566e-01  5.03658e-04  2.57826e-01
2.736401248e+03  2.5761341e-01  5.03682e-04  2.57613e-01
2.736362157e+03  2.5803525e-01  5.04616e-04  2.58035e-01
2.736323067e+03  2.5811809e-01  5.05961e-04  2.58118e-01
2.736283977e+03  2.5425602e-01  5.05099e-04  2.54256e-01
2.736244888e+03  2.5797701e-01  5.07180e-04  2.57977e-01
2.736205799e+03  2.5809380e-01  5.11464e-04  2.58094e-01
2.736166711e+03  2.5803124e-01  5.17408e-04  2.58031e-01
2.736127624e+03  2.5799509e-01  5.32020e-04  2.57995e-01
2.736088537e+03  2.5795552e-01  5.47104e-04  2.57956e-01
2.736049450e+03  2.4223767e-01  5.47629e-04  2.42238e-01
2.736010365e+03  2.3485919e-01  5.05282e-04  2.34859e-01
2.735971279e+03  2.5786872e-01  5.12412e-04  2.57869e-01
2.735932194e+03  2.5789427e-01  5.09132e-04  2.57894e-01
2.735893110e+03  2.5788308e-01  5.07268e-04  2.57883e-01
2.735854027e+03  2.5616878e-01  5.05980e-04  2.56169e-01
2.735814944e+03  2.5737468e-01  5.06676e-04  2.57375e-01
2.735775861e+03  2.5737809e-01  5.07499e-04  2.57378e-01
2.735736779e+03  2.5769321e-01  5.07305e-04  2.57693e-01
2.735697698e+03  2.5771026e-01  5.10319e-04  2.57710e-01
2.735658617e+03  2.5770447e-01  5.10092e-04  2.57704e-01
2.735619537e+03  2.5728114e-01  5.08176e-04  2.57281e-01
2.735580457e+03  2.5680338e-01  5.04645e-04  2.56803e-01
2.735541378e+03  2.5725038e-01  5.04394e-04  2.57250e-01
2.735502299e+03  2.5751073e-01  5.04432e-04  2.57511e-01
2.735463221e+03  2.5748632e-01  5.06053e-04  2.57486e-01
2.735424144e+03  2.5741665e-01  5.07219e-04  2.57417e-01
2.735385067e+03  2.5718698e-01  5.08344e-04  2.57187e-01
2.735345990e+03  2.2155879e-01  4.77115e-04  2.21559e-01
2.735306914e+03  2.5733858e-01  5.03283e-04  2.57339e-01
2.735267839e+03  2.5740806e-01  5.02964e-04  2.57408e-01
2.735228765e+03  2.5737332e-01  5.04311e-04  2.57373e-01
2.735189690e+03  2.5740108e-01  5.04347e-04  2.57401e-01
2.735150617e+03  2.5753387e-01  5.03905e-04  2.57534e-01
2.735111544e+03  2.5757714e-01  5.06156e-04  2.57577e-01
2.735072471e+03  2.5736988e-01  5.03608e-04  2.57370e-01
2.735033399e+03  2.5710477e-01  5.06468e-04  2.57105e-01
2.734994328e+03  2.5765914e-01  5.05044e-04  2.57659e-01
2.734955257e+03  2.5757064e-01  5.04738e-04  2.57571e-01
2.734916187e+03  2.5758226e-01  5.11973e-04  2.57582e-01
2.734877117e+03  2.5736196e-01  5.06191e-04  2.57362e-01
2.734838048e+03  2.5756456e-01  5.03258e-04  2.57565e-01
2.734798980e+03  2.5760834e-01  5.02688e-04  2.57608e-01
2.734759912e+03  2.5762213e-01  5.02583e-04  2.57622e-01
2.734720844e+03  2.5750434e-01  5.02960e-04  2.57504e-01
2.734681777e+03  2.2459695e-01  4.77904e-04  2.24597e-01
2.734642711e+03  2.5695391e-01  5.03004e-04  2.56954e-01
2.734603645e+03  2.5728809e-01  5.05170e-04  2.57288e-01
2.734564580e+03  2.5725523e-01  5.04271e-04  2.57255e-01
2.734525515e+03  2.5728807e-01  5.08548e-04  2.57288e-01
2.734486451e+03  2.5724864e-01  5.10700e-04  2.57249e-01
2.734447388e+03  2.5724584e-01  5.18313e-04  2.57246e-01
2.734408325e+03  2.5720204e-01  5.12071e-04  2.57202e-01
2.734369262e+03  2.5719618e-01  5.04488e-04  2.57196e-01
2.734330201e+03  2.5716738e-01  5.03457e-04  2.57167e-01
2.734291139e+03  2.5685645e-01  5.02517e-04  2.56856e-01
2.734252078e+03  2.5714891e-01  5.02331e-04  2.57149e-01
2.734213018e+03  2.5713105e-01  5.02049e-04  2.57131e-01
2.734173959e+03  2.5711848e-01  5.02091e-04  2.57118e-01
2.734134900e+03  2.5698370e-01  5.01933e-04  2.56984e-01
2.734095841e+03  2.5717525e-01  5.02461e-04  2.57175e-01
2.734056783e+03  2.5714509e-01  5.02198e-04  2.57145e-01
2.734017726e+03  2.5456026e-01  5.00603e-04  2.54560e-01
2.733978669e+03  2.2883578e-01  4.82885e-04  2.28836e-01
2.733939613e+03  2.5519225e-01  5.06673e-04  2.55192e-01
2.733900557e+03  2.5558758e-01  5.08906e-04  2.55588e-01
2.733861502e+03  2.5558317e-01  5.09728e-04  2.55583e-01
2.733822447e+03  2.5495405e-01  5.09604e-04  2.54954e-01
2.733783393e+03  2.5610975e-01  5.20155e-04  2.56110e-01
2.733744340e+03  2.5621722e-01  5.12659e-04  2.56217e-01
2.733705287e+03  2.5352204e-01  5.06635e-04  2.53522e-01
2.733666234e+03  2.5374798e-01  5.07490e-04  2.53748e-01
2.733627182e+03  2.5530865e-01  5.04033e-04  2.55309e-01
2.733588131e+03  2.5528984e-01  5.06008e-04  2.55290e-01
2.733549081e+03  2.5432959e-01  5.03141e-04  2.54330e-01
2.733510030e+03  2.5285880e-01  4.99792e-04  2.52859e-01
2.733470981e+03  2.4811621e-01  4.97821e-04  2.48116e-01
2.733431932e+03  2.3358839e-01  4.84839e-04  2.33588e-01
2.733392883e+03  2.1964809e-01  4.73842e-04  2.19648e-01
2.733353835e+03  2.3347853e-01  4.85048e-04  2.33479e-01
2.733314788e+03  2.2125913e-01  4.75296e-04  2.21259e-01
2.733275741e+03  2.5185649e-01  4.98964e-04  2.51856e-01
2.733236695e+03  2.5281737e-01  4.99919e-04  2.52817e-01
2.733197649e+03  2.5485636e-01  5.03823e-04  2.54856e-01
2.733158604e+03  2.5598739e-01  5.11267e-04  2.55987e-01
2.733119560e+03  2.5629852e-01  5.07191e-04  2.56299e-01
2.733080516e+03  2.5631614e-01  5.06229e-04  2.56316e-01
2.733041472e+03  2.5643335e-01  5.18451e-04  2.56433e-01
2.733002429e+03  2.5655156e-01  5.15018e-04  2.56552e-01
2.732963387e+03  2.5669303e-01  5.08946e-04  2.56693e-01
2.732924345e+03  2.5667776e-01  5.04385e-04  2.56678e-01
2.732885304e+03  2.5671313e-01  5.03190e-04  2.56713e-01
2.732846263e+03  2.5633009e-01  5.03104e-04  2.56330e-01
2.732807223e+03  2.5587813e-01  5.03480e-04  2.55878e-01
2.732768184e+03  2.5610555e-01  5.06221e-04  2.56106e-01
2.732729145e+03  2.5667390e-01  5.22202e-04  2.56674e-01
2.732690106e+03  2.5661907e-01  5.25911e-04  2.56619e-01
2.732651068e+03  2.3190952e-01  4.89519e-04  2.31910e-01
2.732612031e+03  2.5623764e-01  5.06343e-04  2.56238e-01
2.732572994e+03  2.5635823e-01  5.07849e-04  2.56358e-01
2.732533958e+03  2.5637434e-01  5.14725e-04  2.56374e-01
2.732494922e+03  2.5595232e-01  5.27693e-04  2.55952e-01
2.732455887e+03  2.5625205e-01  5.19054e-04  2.56252e-01
2.732416853e+03  2.5667295e-01  5.09644e-04  2.56673e-01
2.732377819e+03  2.5672924e-01  5.06066e-04  2.56729e-01
2.732338785e+03  2.5590570e-01  5.03292e-04  2.55906e-01
2.732299753e+03  2.5142851e-01  4.99063e-04  2.51429e-01
2.732260720e+03  2.5064568e-01  4.99434e-04  2.50646e-01
2.732221689e+03  2.5346719e-01  5.00014e-04  2.53467e-01
2.732182657e+03  2.5410029e-01  5.00033e-04  2.54100e-01
2.732143627e+03  2.5602528e-01  5.01409e-04  2.56025e-01
2.732104597e+03  2.5639592e-01  5.01617e-04  2.56396e-01
2.732065567e+03  2.5639890e-01  5.01740e-04  2.56399e-01
2.732026538e+03  2.5522941e-01  5.00642e-04  2.55229e-01
2.731987510e+03  2.3270304e-01  4.84060e-04  2.32703e-01
2.731948482e+03  2.5501405e-01  5.00698e-04  2.55014e-01
2.731909455e+03  2.5616618e-01  5.01590e-04  2.56166e-01
2.731870428e+03  2.5623974e-01  5.01896e-04  2.56240e-01
2.731831402e+03  2.5654729e-01  5.04557e-04  2.56547e-01
2.731792376e+03  2.5669351e-01  5.05340e-04  2.56694e-01
2.731753351e+03  2.5666237e-01  5.03783e-04  2.56662e-01
2.731714327e+03  2.5649772e-01  5.02090e-04  2.56498e-01
2.731675303e+03  2.5557981e-01  5.01409e-04  2.55580e-01
2.731636279e+03  2.5473062e-01  5.00753e-04  2.54731e-01
2.731597257e+03  2.5535768e-01  5.01399e-04  2.55358e-01
2.731558234e+03  2.5636453e-01  5.03132e-04  2.56365e-01
2.731519213e+03  2.5655047e-01  5.04052e-04  2.56550e-01
2.731480191e+03  2.5643469e-01  5.10584e-04  2.56435e-01
2.731441171e+03  2.5631241e-01  5.08523e-04  2.56312e-01
2.731402151e+03  2.5573474e-01  5.03634e-04  2.55735e-01
2.731363131e+03  2.5507376e-01  5.02443e-04  2.55074e-01
2.731324112e+03  2.3558377e-01  4.88211e-04  2.35584e-01
2.731285094e+03  2.5504202e-01  5.03934e-04  2.55042e-01
2.731246076e+03  2.5606914e-01  5.06123e-04  2.56069e-01
2.731207059e+03  2.5617306e-01  5.05625e-04  2.56173e-01
2.731168042e+03  2.5613695e-01  5.06825e-04  2.56137e-01
2.731129026e+03  2.5605772e-01  5.09015e-04  2.56058e-01
2.731090011e+03  2.3784309e-01  4.98952e-04  2.37843e-01
2.731050996e+03  2.5530771e-01  5.15145e-04  2.55308e-01
2.731011981e+03  2.5634256e-01  5.25881e-04  2.56343e-01
2.730972967e+03  2.5640335e-01  5.48263e-04  2.56403e-01
2.730933954e+03  2.5642603e-01  5.77363e-04  2.56426e-01
2.730894941e+03  2.5641858e-01  5.62744e-04  2.56419e-01
2.730855929e+03  2.5632400e-01  5.33088e-04  2.56324e-01
2.730816917e+03  2.5624150e-01  5.18244e-04  2.56242e-01
2.730777906e+03  2.5587447e-01  5.11151e-04  2.55874e-01
2.730738896e+03  2.5458732e-01  5.06790e-04  2.54587e-01
2.730699886e+03  2.5436096e-01  5.05200e-04  2.54361e-01
2.730660876e+03  2.3911197e-01  4.94006e-04  2.39112e-01
2.730621867e+03  2.5596669e-01  5.10212e-04  2.55967e-01
2.730582859e+03  2.5622413e-01  5.05240e-04  2.56224e-01
2.730543851e+03  2.5567538e-01  5.03287e-04  2.55675e-01
2.730504844e+03  2.5282573e-01  5.01476e-04  2.52826e-01
2.730465837e+03  2.5359168e-01  5.01409e-04  2.53592e-01
2.730426831e+03  2.5606617e-01  5.02808e-04  2.56066e-01
2.730387826e+03  2.5614677e-01  5.02909e-04  2.56147e-01
2.730348821e+03  2.5539657e-01  5.02994e-04  2.55397e-01
2.730309816e+03  2.5600357e-01  5.06273e-04  2.56004e-01
2.730270812e+03  2.5605124e-01  5.07853e-04  2.56051e-01
2.730231809e+03  2.5576124e-01  5.03540e-04  2.55761e-01
2.730192806e+03  2.5511493e-01  5.03768e-04  2.55115e-01
2.730153804e+03  2.5376333e-01  5.02613e-04  2.53763e-01
2.730114802e+03  2.5224280e-01  5.05743e-04  2.52243e-01
2.730075801e+03  2.4940822e-01  5.01680e-04  2.49408e-01
2.730036801e+03  2.5320826e-01  5.03485e-04  2.53208e-01
2.729997801e+03  2.4090281e-01  4.95774e-04  2.40903e-01
2.729958801e+03  2.5554553e-01  5.11275e-04  2.55546e-01
2.729919803e+03  2.5583212e-01  5.20160e-04  2.55832e-01
2.729880804e+03  2.5552641e-01  5.22440e-04  2.55526e-01
2.729841807e+03  2.4971289e-01  5.10277e-04  2.49713e-01
2.729802809e+03  2.5593046e-01  5.11537e-04  2.55930e-01
2.729763813e+03  2.5582407e-01  5.13817e-04  2.55824e-01
2.729724817e+03  2.5599318e-01  5.21909e-04  2.55993e-01
2.729685821e+03  2.5598489e-01  5.39877e-04  2.55985e-01
2.729646826e+03  2.5612501e-01  5.42636e-04  2.56125e-01
2.729607832e+03  2.5546571e-01  5.69131e-04  2.55466e-01
2.729568838e+03  2.5589560e-01  5.97111e-04  2.55896e-01
2.729529845e+03  2.5591631e-01  5.31420e-04  2.55916e-01
2.729490852e+03  2.5582992e-01  5.12126e-04  2.55830e-01
2.729451860e+03  2.5572024e-01  5.08009e-04  2.55720e-01
2.729412868e+03  2.5570689e-01  5.09527e-04  2.55707e-01
2.729373877e+03  2.5570932e-01  5.22408e-04  2.55709e-01
2.729334887e+03  2.4330273e-01  5.28827e-04  2.43303e-01
2.729295897e+03  2.5545037e-01  5.09029e-04  2.55450e-01
2.729256907e+03  2.5546896e-01  5.04508e-04  2.55469e-01
2.729217919e+03  2.5545648e-01  5.03150e-04  2.55456e-01
2.729178930e+03  2.5504494e-01  5.02832e-04  2.55045e-01
2.729139943e+03  2.5515622e-01  5.02123e-04  2.55156e-01
2.729100955e+03  2.5499695e-01  5.01775e-04  2.54997e-01
2.729061969e+03  2.5461746e-01  5.01843e-04  2.54617e-01
2.729022983e+03  2.5384661e-01  5.02636e-04  2.53847e-01
2.728983997e+03  2.5339371e-01  5.02600e-04  2.53394e-01
2.728945012e+03  2.5310107e-01  5.01090e-04  2.53101e-01
2.728906028e+03  2.5301007e-01  5.00103e-04  2.53010e-01
2.728867044e+03  2.5317272e-01  4.99909e-04  2.53173e-01
2.728828061e+03  2.5327685e-01  4.99670e-04  2.53277e-01
2.728789078e+03  2.5451075e-01  5.00727e-04  2.54511e-01
2.728750096e+03  2.5476257e-01  5.01552e-04  2.54763e-01
2.728711114e+03  2.5495872e-01  5.02910e-04  2.54959e-01
2.728672133e+03  2.4467565e-01  4.99785e-04  2.44676e-01
2.728633153e+03  2.5521707e-01  5.08470e-04  2.55217e-01
2.728594173e+03  2.5534609e-01  5.05271e-04  2.55346e-01
2.728555194e+03  2.5542633e-01  5.02461e-04  2.55426e-01
2.728516215e+03  2.5543137e-01  5.02422e-04  2.55431e-01
2.728477237e+03  2.5548304e-01  5.03083e-04  2.55483e-01
2.728438259e+03  2.5556012e-01  5.03929e-04  2.55560e-01
2.728399282e+03  2.5554544e-01  5.14613e-04  2.55545e-01
2.728360305e+03  2.5551575e-01  5.20074e-04  2.55516e-01
2.728321329e+03  2.5553632e-01  5.04993e-04  2.55536e-01
2.728282354e+03  2.5553652e-01  5.02643e-04  2.55537e-01
2.728243379e+03  2.5529016e-01  5.02358e-04  2.55290e-01
2.728204404e+03  2.5353393e-01  5.01279e-04  2.53534e-01
2.728165431e+03  2.5553955e-01  5.02828e-04  2.55540e-01
2.728126457e+03  2.5559587e-01  5.04148e-04  2.55596e-01
2.728087485e+03  2.5479212e-01  5.06344e-04  2.54792e-01
2.728048513e+03  2.5550863e-01  5.08966e-04  2.55509e-01
2.728009541e+03  2.4652882e-01  4.99816e-04  2.46529e-01
2.727970570e+03  2.5532702e-01  5.04085e-04  2.55327e-01
2.727931600e+03  2.5531486e-01  5.03346e-04  2.55315e-01
2.727892630e+03  2.5517808e-01  5.03773e-04  2.55178e-01
2.727853660e+03  2.5426916e-01  5.03823e-04  2.54269e-01
2.727814692e+03  2.5375269e-01  5.01963e-04  2.53753e-01
2.727775723e+03  2.5426522e-01  5.01590e-04  2.54265e-01
2.727736756e+03  2.5478135e-01  5.01683e-04  2.54781e-01
2.727697789e+03  2.5501576e-01  5.02119e-04  2.55016e-01
2.727658822e+03  2.5545420e-01  5.03483e-04  2.55454e-01
2.727619856e+03  2.5545657e-01  5.02891e-04  2.55457e-01
2.727580891e+03  2.5544015e-01  5.03184e-04  2.55440e-01
2.727541926e+03  2.5524813e-01  5.04426e-04  2.55248e-01
2.727502961e+03  2.5438257e-01  5.03818e-04  2.54383e-01
2.727463998e+03  2.5452928e-01  5.03666e-04  2.54529e-01
2.727425034e+03  2.5513249e-01  5.03497e-04  2.55132e-01
2.727386072e+03  2.5473948e-01  5.03375e-04  2.54739e-01
2.727347110e+03  2.4689511e-01  4.98191e-04  2.46895e-01
2.727308148e+03  2.5461623e-01  5.06076e-04  2.54616e-01
2.727269187e+03  2.5408099e-01  5.17765e-04  2.54081e-01
2.727230227e+03  2.5386635e-01  5.12768e-04  2.53866e-01
2.727191267e+03  2.5442615e-01  5.07676e-04  2.54426e-01
2.727152307e+03  2.5458020e-01  5.08166e-04  2.54580e-01
2.727113349e+03  2.5376806e-01  5.09825e-04  2.53768e-01
2.727074391e+03  2.5359843e-01  5.12677e-04  2.53598e-01
2.727035433e+03  2.5450799e-01  5.17596e-04  2.54508e-01
2.726996476e+03  2.5455670e-01  5.28950e-04  2.54557e-01
2.726957519e+03  2.5433605e-01  5.68933e-04  2.54336e-01
2.726918563e+03  2.5386467e-01  8.27014e-04  2.53865e-01
2.726879608e+03  2.5355725e-01  6.57602e-04  2.53557e-01
2.726840653e+03  2.5399457e-01  5.76476e-04  2.53995e-01
2.726801699e+03  2.5340626e-01  6.35455e-04  2.53406e-01
2.726762745e+03  2.5302631e-01  5.98549e-04  2.53026e-01
2.726723792e+03  2.4803200e-01  6.66426e-04  2.48032e-01
2.726684839e+03  2.5354514e-01  1.17480e-03  2.53545e-01
2.726645887e+03  2.4893592e-01  1.86990e-03  2.48936e-01
2.726606935e+03  2.4350909e-01  1.70962e-03  2.43509e-01
2.726567984e+03  2.4889206e-01  9.48940e-04  2.48892e-01
2.726529034e+03  2.5193055e-01  9.19937e-04  2.51931e-01
2.726490084e+03  2.5383521e-01  6.76525e-04  2.53835e-01
2.726451135e+03  2.5384675e-01  5.92277e-04  2.53847e-01
2.726412186e+03  2.5294362e-01  5.48483e-04  2.52944e-01
2.726373238e+03  2.5397526e-01  5.36282e-04  2.53975e-01
2.726334290e+03  2.2722228e-01  5.15026e-04  2.27222e-01
2.726295343e+03  2.4738779e-01  5.55126e-04  2.47388e-01
2.726256397e+03  2.5482633e-01  5.66763e-04  2.54826e-01
2.726217451e+03  2.5484859e-01  5.89906e-04  2.54849e-01
2.726178505e+03  2.5491991e-01  6.51590e-04  2.54920e-01
2.726139561e+03  2.5480219e-01  6.68162e-04  2.54802e-01
2.726100616e+03  2.5459041e-01  5.95003e-04  2.54590e-01
2.726061673e+03  2.4954623e-01  5.45109e-04  2.49546e-01
2.726022729e+03  2.5421732e-01  5.29746e-04  2.54217e-01
2.725983787e+03  2.5310429e-01  5.20390e-04  2.53104e-01
2.725944845e+03  2.5275547e-01  5.16632e-04  2.52755e-01
2.725905903e+03  2.5401605e-01  5.17636e-04  2.54016e-01
2.725866962e+03  2.5330484e-01  5.26455e-04  2.53305e-01
2.725828022e+03  2.4017187e-01  5.75780e-04  2.40172e-01
2.725789082e+03  2.5433545e-01  5.39980e-04  2.54335e-01
2.725750143e+03  2.5486555e-01  5.33590e-04  2.54866e-01
2.725711204e+03  2.5489734e-01  5.55819e-04  2.54897e-01
2.725672266e+03  2.5486643e-01  5.73338e-04  2.54866e-01
2.725633328e+03  2.5483643e-01  5.43972e-04  2.54836e-01
2.725594391e+03  2.5472107e-01  5.22380e-04  2.54721e-01
2.725555455e+03  2.5464144e-01  5.13909e-04  2.54641e-01
2.725516519e+03  2.5457885e-01  5.13283e-04  2.54579e-01
2.725477583e+03  2.5431374e-01  5.12837e-04  2.54314e-01
2.725438648e+03  2.5007902e-01  5.20053e-04  2.50079e-01
2.725399714e+03  2.5335003e-01  5.18356e-04  2.53350e-01
2.725360780e+03  2.5450693e-01  5.08600e-04  2.54507e-01
2.725321847e+03  2.5461391e-01  5.07904e-04  2.54614e-01
2.725282915e+03  2.5457228e-01  5.07452e-04  2.54572e-01
2.725243983e+03  2.5446572e-01  5.03875e-04  2.54466e-01
2.725205051e+03  2.5436277e-01  5.02982e-04  2.54363e-01
2.725166120e+03  2.5411127e-01  5.02130e-04  2.54111e-01
2.725127190e+03  2.5388217e-01  5.02097e-04  2.53882e-01
2.725088260e+03  2.5231418e-01  5.02695e-04  2.52314e-01
2.725049331e+03  2.5373687e-01  5.07325e-04  2.53737e-01
2.725010402e+03  2.5373273e-01  5.02633e-04  2.53733e-01
2.724971474e+03  2.5291876e-01  5.01373e-04  2.52919e-01
2.724932546e+03  2.5327859e-01  5.01980e-04  2.53279e-01
2.724893619e+03  2.5399711e-01  5.03514e-04  2.53997e-01
2.724854693e+03  2.5407277e-01  5.06883e-04  2.54073e-01
2.724815767e+03  2.5417917e-01  5.21566e-04  2.54179e-01
2.724776841e+03  2.5108527e-01  5.10949e-04  2.51085e-01
2.724737916e+03  2.5436349e-01  5.06735e-04  2.54363e-01
2.724698992e+03  2.5441388e-01  5.04489e-04  2.54414e-01
2.724660068e+03  2.5436707e-01  5.03439e-04  2.54367e-01
2.724621145e+03  2.5412038e-01  5.03107e-04  2.54120e-01
2.724582223e+03  2.5433765e-01  5.03584e-04  2.54338e-01
2.724543301e+03  2.5406199e-01  5.04023e-04  2.54062e-01
2.724504379e+03  2.5403221e-01  5.06369e-04  2.54032e-01
2.724465458e+03  2.5408193e-01  5.13826e-04  2.54082e-01
2.724426538e+03  2.5401286e-01  5.54567e-04  2.54013e-01
2.724387618e+03  2.5370294e-01  5.27709e-04  2.53703e-01
2.724348699e+03  2.5094190e-01  5.10132e-04  2.50942e-01
2.724309780e+03  2.5363550e-01  5.06769e-04  2.53636e-01
2.724270862e+03  2.5340402e-01  5.06878e-04  2.53404e-01
2.724231944e+03  2.5301282e-01  5.10071e-04  2.53013e-01
2.724193027e+03  2.5252208e-01  5.13806e-04  2.52522e-01
2.724154111e+03  2.4898024e-01  5.05857e-04  2.48980e-01
2.724115195e+03  2.4970983e-01  5.04107e-04  2.49710e-01
2.724076279e+03  2.4588934e-01  5.01343e-04  2.45889e-01
2.724037365e+03  2.3773916e-01  4.96451e-04  2.37739e-01
2.723998450e+03  2.3030797e-01  4.92736e-04  2.30308e-01
2.723959537e+03  2.3212638e-01  4.98328e-04  2.32126e-01
2.723920623e+03  2.2541595e-01  4.98076e-04  2.25416e-01
2.723881711e+03  2.4830958e-01  5.27781e-04  2.48310e-01
2.723842799e+03  2.4400005e-01  5.51913e-04  2.44000e-01
2.723803887e+03  2.5042257e-01  6.14642e-04  2.50423e-01
2.723764976e+03  2.5217866e-01  6.35798e-04  2.52179e-01
2.723726066e+03  2.5279350e-01  5.90170e-04  2.52794e-01
2.723687156e+03  2.5308463e-01  5.66438e-04  2.53085e-01
2.723648247e+03  2.5321248e-01  5.48081e-04  2.53212e-01
2.723609338e+03  2.5137340e-01  5.30589e-04  2.51373e-01
2.723570430e+03  2.5222707e-01  5.25222e-04  2.52227e-01
2.723531522e+03  2.5107668e-01  5.24593e-04  2.51077e-01
2.723492615e+03  2.0907287e-01  4.98329e-04  2.09073e-01
2.723453709e+03  2.5228026e-01  5.45724e-04  2.52280e-01
2.723414803e+03  2.5235017e-01  5.79355e-04  2.52350e-01
2.723375898e+03  2.5231945e-01  6.59096e-04  2.52319e-01
2.723336993e+03  2.5243638e-01  7.63293e-04  2.52436e-01
2.723298089e+03  2.5256280e-01  6.89079e-04  2.52563e-01
2.723259185e+03  2.5260793e-01  5.92946e-04  2.52608e-01
2.723220282e+03  2.5260723e-01  5.50131e-04  2.52607e-01
2.723181379e+03  2.5266418e-01  5.31242e-04  2.52664e-01
2.723142477e+03  2.5283850e-01  5.21920e-04  2.52839e-01
2.723103576e+03  2.5317225e-01  5.17333e-04  2.53172e-01
2.723064675e+03  2.5299420e-01  5.15008e-04  2.52994e-01
2.723025774e+03  2.5363824e-01  5.16008e-04  2.53638e-01
2.722986875e+03  2.5368340e-01  5.15188e-04  2.53683e-01
2.722947975e+03  2.5343290e-01  5.16382e-04  2.53433e-01
2.722909077e+03  2.5344402e-01  5.20203e-04  2.53444e-01
2.722870178e+03  2.5182616e-01  5.21633e-04  2.51826e-01
2.722831281e+03  2.1135355e-01  4.94504e-04  2.11354e-01
2.722792384e+03  2.5271835e-01  5.38015e-04  2.52718e-01
2.722753487e+03  2.5381705e-01  5.65612e-04  2.53817e-01
2.722714591e+03  2.5384850e-01  6.29433e-04  2.53848e-01
2.722675696e+03  2.5382127e-01  7.52378e-04  2.53821e-01
2.722636801e+03  2.5387487e-01  7.36208e-04  2.53875e-01
2.722597907e+03  2.5391230e-01  6.17848e-04  2.53912e-01
2.722559013e+03  2.5390464e-01  5.63042e-04  2.53905e-01
2.722520120e+03  2.5369268e-01  5.36609e-04  2.53693e-01
2.722481228e+03  2.5371662e-01  5.25234e-04  2.53717e-01
2.722442336e+03  2.5370411e-01  5.21942e-04  2.53704e-01
2.722403444e+03  2.5369577e-01  5.16530e-04  2.53696e-01
2.722364553e+03  2.5362592e-01  5.14254e-04  2.53626e-01
2.722325663e+03  2.5336634e-01  5.13133e-04  2.53366e-01
2.722286773e+03  2.5307912e-01  5.12830e-04  2.53079e-01
2.722247884e+03  2.5175507e-01  5.13456e-04  2.51755e-01
2.722208995e+03  2.5322448e-01  5.18901e-04  2.53224e-01
2.722170107e+03  2.5349497e-01  5.18583e-04  2.53495e-01
2.722131219e+03  2.5348970e-01  5.23581e-04  2.53490e-01
2.722092332e+03  2.2055128e-01  5.06087e-04  2.20551e-01
2.722053446e+03  2.3291827e-01  5.29866e-04  2.32918e-01
2.722014560e+03  2.4307755e-01  5.70834e-04  2.43078e-01
2.721975674e+03  2.5367723e-01  6.66692e-04  2.53677e-01
2.721936790e+03  2.5368387e-01  8.68163e-04  2.53684e-01
2.721897905e+03  2.5369803e-01  9.39808e-04  2.53698e-01
2.721859022e+03  2.4976727e-01  8.31403e-04  2.49767e-01
2.721820139e+03  2.5344655e-01  6.55082e-04  2.53447e-01
2.721781256e+03  2.5359951e-01  5.80714e-04  2.53600e-01
2.721742374e+03  2.5365021e-01  5.55018e-04  2.53650e-01
2.721703492e+03  2.5363812e-01  5.47733e-04  2.53638e-01
2.721664612e+03  2.5368137e-01  5.33962e-04  2.53681e-01
2.721625731e+03  2.5270312e-01  5.21384e-04  2.52703e-01
2.721586851e+03  2.5371886e-01  5.16732e-04  2.53719e-01
2.721547972e+03  2.5367612e-01  5.13406e-04  2.53676e-01
2.721509093e+03  2.5358179e-01  5.16634e-04  2.53582e-01
2.721470215e+03  2.5357458e-01  5.13371e-04  2.53575e-01
2.721431338e+03  2.5336808e-01  5.09368e-04  2.53368e-01
2.721392461e+03  2.5333419e-01  5.10202e-04  2.53334e-01
2.721353584e+03  2.5086317e-01  5.07662e-04  2.50863e-01
2.721314708e+03  2.5347524e-01  5.10107e-04  2.53475e-01
2.721275833e+03  2.5356097e-01  5.15741e-04  2.53561e-01
2.721236958e+03  2.5354507e-01  5.26550e-04  2.53545e-01
2.721198084e+03  2.5357989e-01  5.15381e-04  2.53580e-01
2.721159210e+03  2.5356167e-01  5.15999e-04  2.53562e-01
2.721120337e+03  2.5339812e-01  5.18385e-04  2.53398e-01
2.721081464e+03  2.3601402e-01  5.09689e-04  2.36014e-01
2.721042592e+03  2.5281678e-01  5.31449e-04  2.52817e-01
2.721003721e+03  2.1975668e-01  5.24427e-04  2.19757e-01
2.720964850e+03  2.5149250e-01  5.91714e-04  2.51493e-01
2.720925979e+03  2.5283329e-01  6.63544e-04  2.52833e-01
2.720887110e+03  2.5324560e-01  6.86260e-04  2.53246e-01
2.720848240e+03  2.5339648e-01  7.06744e-04  2.53396e-01
2.720809372e+03  2.5338373e-01  7.08477e-04  2.53384e-01
2.720770504e+03  2.5331918e-01  6.43123e-04  2.53319e-01
2.720731636e+03  2.4612630e-01  5.68830e-04  2.46126e-01
2.720692769e+03  2.4288761e-01  5.48983e-04  2.42888e-01
2.720653902e+03  2.2931495e-01  5.40500e-04  2.29315e-01
2.720615037e+03  2.5021051e-01  5.81353e-04  2.50211e-01
2.720576171e+03  2.5319112e-01  6.49153e-04  2.53191e-01
2.720537306e+03  2.5324970e-01  7.05375e-04  2.53250e-01
2.720498442e+03  2.5216894e-01  7.04092e-04  2.52169e-01
2.720459578e+03  2.5292543e-01  6.45723e-04  2.52925e-01
2.720420715e+03  2.5320404e-01  5.81635e-04  2.53204e-01
2.720381853e+03  2.5254448e-01  5.53211e-04  2.52544e-01
2.720342991e+03  2.5307364e-01  5.47910e-04  2.53074e-01
2.720304129e+03  2.2875690e-01  5.26480e-04  2.28757e-01
2.720265268e+03  2.5028013e-01  5.40503e-04  2.50280e-01
2.720226408e+03  2.5250759e-01  5.55383e-04  2.52508e-01
2.720187548e+03  2.5259272e-01  6.06578e-04  2.52593e-01
2.720148689e+03  2.4402874e-01  7.57104e-04  2.44029e-01
2.720109830e+03  2.5264828e-01  8.13857e-04  2.52648e-01
2.720070972e+03  2.5253449e-01  6.36467e-04  2.52534e-01
2.720032114e+03  2.5164312e-01  5.82591e-04  2.51643e-01
2.719993257e+03  2.5255329e-01  5.90813e-04  2.52553e-01
2.719954401e+03  2.5237366e-01  5.73238e-04  2.52374e-01
2.719915545e+03  2.5189726e-01  5.41506e-04  2.51897e-01
2.719876689e+03  2.4869418e-01  5.24321e-04  2.48694e-01
2.719837835e+03  2.5090754e-01  5.16197e-04  2.50908e-01
2.719798980e+03  2.4661881e-01  5.07832e-04  2.46619e-01
2.719760127e+03  2.4738504e-01  5.06282e-04  2.47385e-01
2.719721273e+03  2.4466518e-01  5.05332e-04  2.44665e-01
2.719682421e+03  2.3522918e-01  5.01684e-04  2.35229e-01
2.719643569e+03  2.2247249e-01  5.02662e-04  2.22472e-01
2.719604717e+03  2.2682863e-01  5.05060e-04  2.26829e-01
2.719565866e+03  2.3854175e-01  5.02507e-04  2.38542e-01
2.719527016e+03  2.4373197e-01  5.00887e-04  2.43732e-01
2.719488166e+03  2.4444785e-01  5.00712e-04  2.44448e-01
2.719449317e+03  2.4724380e-01  5.02612e-04  2.47244e-01
2.719410468e+03  2.4994758e-01  5.01175e-04  2.49948e-01
2.719371620e+03  2.5097561e-01  5.00984e-04  2.50976e-01
2.719332772e+03  2.5144410e-01  5.00994e-04  2.51444e-01
2.719293925e+03  2.5148749e-01  5.00886e-04  2.51487e-01
2.719255079e+03  2.5096899e-01  5.00668e-04  2.50969e-01
2.719216233e+03  2.5200143e-01  5.02241e-04  2.52001e-01
2.719177387e+03  2.5179986e-01  5.03172e-04  2.51800e-01
2.719138543e+03  2.5016689e-01  5.05168e-04  2.50167e-01
2.719099698e+03  2.5023832e-01  5.07311e-04  2.50238e-01
2.719060855e+03  2.5200065e-01  5.05824e-04  2.52001e-01
2.719022011e+03  2.5197829e-01  5.03827e-04  2.51978e-01
2.718983169e+03  2.5176457e-01  5.03227e-04  2.51765e-01
2.718944327e+03  2.5010999e-01  5.02346e-04  2.50110e-01
2.718905485e+03  2.5092144e-01  5.04279e-04  2.50921e-01
2.718866644e+03  2.5103808e-01  5.07135e-04  2.51038e-01
2.718827804e+03  2.4340328e-01  5.07164e-04  2.43403e-01
2.718788964e+03  2.4454118e-01  5.18107e-04  2.44541e-01
2.718750125e+03  2.5123253e-01  5.35884e-04  2.51233e-01
2.718711286e+03  2.4252482e-01  5.59402e-04  2.42525e-01
2.718672448e+03  2.5051419e-01  6.39406e-04  2.50514e-01
2.718633610e+03  2.5014594e-01  6.33984e-04  2.50146e-01
2.718594773e+03  2.4921469e-01  5.80544e-04  2.49215e-01
2.718555937e+03  2.4861632e-01  5.79933e-04  2.48616e-01
2.718517101e+03  2.4686190e-01  5.56643e-04  2.46862e-01
2.718478265e+03  2.4461017e-01  5.26824e-04  2.44610e-01
2.718439430e+03  2.3989729e-01  5.08957e-04  2.39897e-01
2.718400596e+03  2.2990231e-01  4.94389e-04  2.29902e-01
2.718361762e+03  2.1154662e-01  4.75644e-04  2.11547e-01
2.718322929e+03  2.0565244e-01  4.68845e-04  2.05652e-01
2.718284097e+03  2.1648848e-01  4.76047e-04  2.16488e-01
2.718245264e+03  2.3023650e-01  4.86420e-04  2.30237e-01
2.718206433e+03  2.3794266e-01  4.93951e-04  2.37943e-01
2.718167602e+03  2.4220336e-01  4.96606e-04  2.42203e-01
2.718128772e+03  2.4510502e-01  5.02868e-04  2.45105e-01
2.718089942e+03  2.4679676e-01  5.03439e-04  2.46797e-01
2.718051112e+03  2.4781009e-01  5.14950e-04  2.47810e-01
2.718012284e+03  2.4866145e-01  5.07447e-04  2.48661e-01
2.717973455e+03  2.4923463e-01  5.04173e-04  2.49235e-01
2.717934628e+03  2.4980993e-01  5.04920e-04  2.49810e-01
2.717895801e+03  2.4123479e-01  4.98001e-04  2.41235e-01
2.717856974e+03  2.5073741e-01  5.08405e-04  2.50737e-01
2.717818148e+03  2.5096357e-01  5.18610e-04  2.50964e-01
2.717779323e+03  2.5111127e-01  5.55376e-04  2.51111e-01
2.717740498e+03  2.5078739e-01  6.44614e-04  2.50787e-01
2.717701674e+03  2.4979017e-01  5.62592e-04  2.49790e-01
2.717662850e+03  2.5033741e-01  5.19941e-04  2.50337e-01
2.717624027e+03  2.4591762e-01  5.05298e-04  2.45918e-01
2.717585204e+03  2.5035512e-01  5.05568e-04  2.50355e-01
2.717546382e+03  2.5008581e-01  5.03515e-04  2.50086e-01
2.717507560e+03  2.5135757e-01  5.05345e-04  2.51358e-01
2.717468739e+03  2.5177175e-01  5.09865e-04  2.51772e-01
2.717429919e+03  2.5179348e-01  5.16612e-04  2.51793e-01
2.717391099e+03  2.5165917e-01  5.08525e-04  2.51659e-01
2.717352280e+03  2.5120221e-01  5.09236e-04  2.51202e-01
2.717313461e+03  2.5119246e-01  5.38775e-04  2.51192e-01
2.717274643e+03  2.5110108e-01  5.34863e-04  2.51101e-01
2.717235825e+03  2.5165201e-01  5.31570e-04  2.51652e-01
2.717197008e+03  2.5170341e-01  5.51478e-04  2.51703e-01
2.717158192e+03  2.5111341e-01  5.14699e-04  2.51113e-01
2.717119376e+03  2.5018110e-01  5.07666e-04  2.50181e-01
2.717080560e+03  2.4775390e-01  5.02675e-04  2.47754e-01
2.717041745e+03  2.5130810e-01  5.05526e-04  2.51308e-01
2.717002931e+03  2.5008112e-01  5.06807e-04  2.50081e-01
2.716964117e+03  2.4720162e-01  5.12190e-04  2.47202e-01
2.716925304e+03  2.5161261e-01  5.32410e-04  2.51613e-01
2.716886491e+03  2.4736533e-01  5.32583e-04  2.47365e-01
2.716847679e+03  2.5077337e-01  5.31008e-04  2.50773e-01
2.716808868e+03  2.5022483e-01  5.40058e-04  2.50225e-01
2.716770057e+03  2.5124992e-01  5.25577e-04  2.51250e-01
2.716731246e+03  2.5153303e-01  5.10876e-04  2.51533e-01
2.716692436e+03  2.5154938e-01  5.05701e-04  2.51549e-01
2.716653627e+03  2.5171884e-01  5.03185e-04  2.51719e-01
2.716614818e+03  2.5173313e-01  5.02162e-04  2.51733e-01
2.716576010e+03  2.5158952e-01  5.01778e-04  2.51590e-01
2.716537202e+03  2.5159355e-01  5.02216e-04  2.51594e-01
2.716498395e+03  2.5155400e-01  5.02948e-04  2.51554e-01
2.716459589e+03  2.5135351e-01  5.03765e-04  2.51354e-01
2.716420783e+03  2.3883490e-01  4.96613e-04  2.38835e-01
2.716381977e+03  2.5124439e-01  5.11202e-04  2.51244e-01
2.716343172e+03  2.5120241e-01  5.19965e-04  2.51202e-01
2.716304368e+03  2.5113646e-01  5.43332e-04  2.51136e-01
2.716265564e+03  2.5102569e-01  5.70472e-04  2.51026e-01
2.716226761e+03  2.5084351e-01  5.47109e-04  2.50844e-01
2.716187958e+03  2.5064869e-01  5.22399e-04  2.50649e-01
2.716149156e+03  2.4479836e-01  5.08443e-04  2.44798e-01
2.716110354e+03  2.4383435e-01  5.04997e-04  2.43834e-01
2.716071553e+03  2.4961068e-01  5.09944e-04  2.49611e-01
2.716032753e+03  2.4907121e-01  5.16083e-04  2.49071e-01
2.715993953e+03  2.4871357e-01  5.39582e-04  2.48714e-01
2.715955154e+03  2.4775144e-01  5.81908e-04  2.47751e-01
2.715916355e+03  2.4648118e-01  5.43657e-04  2.46481e-01
2.715877557e+03  2.4471976e-01  5.13426e-04  2.44720e-01
2.715838759e+03  2.4249773e-01  5.04128e-04  2.42498e-01
2.715799962e+03  2.3898463e-01  4.97389e-04  2.38985e-01
2.715761165e+03  2.3295112e-01  4.89886e-04  2.32951e-01
2.715722369e+03  2.2110032e-01  4.79161e-04  2.21100e-01
2.715683574e+03  2.0500638e-01  4.66204e-04  2.05006e-01
2.715644779e+03  2.0085858e-01  4.63445e-04  2.00859e-01
2.715605984e+03  2.1445260e-01  4.74861e-04  2.14453e-01
2.715567191e+03  2.2370947e-01  4.84599e-04  2.23709e-01
2.715528397e+03  2.3450388e-01  4.92497e-04  2.34504e-01
2.715489605e+03  2.3912924e-01  4.98911e-04  2.39129e-01
2.715450812e+03  2.4245434e-01  5.09313e-04  2.42454e-01
2.715412021e+03  2.4051068e-01  5.21566e-04  2.40511e-01
2.715373230e+03  2.4588699e-01  5.21013e-04  2.45887e-01
2.715334439e+03  2.4729923e-01  5.10334e-04  2.47299e-01
2.715295649e+03  2.4791014e-01  5.03503e-04  2.47910e-01
2.715256860e+03  2.4831568e-01  5.02213e-04  2.48316e-01
2.715218071e+03  2.4769987e-01  5.02746e-04  2.47700e-01
2.715179283e+03  2.4946135e-01  5.05153e-04  2.49461e-01
2.715140495e+03  2.4005232e-01  5.01587e-04  2.40052e-01
2.715101708e+03  2.4216306e-01  5.14025e-04  2.42163e-01
2.715062921e+03  2.5006711e-01  5.34685e-04  2.50067e-01
2.715024135e+03  2.4915295e-01  5.40292e-04  2.49153e-01
2.714985350e+03  2.4971134e-01  5.66142e-04  2.49711e-01
2.714946565e+03  2.5053144e-01  5.77218e-04  2.50531e-01
2.714907780e+03  2.5037003e-01  5.48942e-04  2.50370e-01
2.714868997e+03  2.5019207e-01  5.49903e-04  2.50192e-01
2.714830213e+03  2.4998411e-01  5.63440e-04  2.49984e-01
2.714791431e+03  2.4869217e-01  5.38009e-04  2.48692e-01
2.714752648e+03  2.4567696e-01  5.94705e-04  2.45677e-01
2.714713867e+03  2.4598581e-01  5.27110e-04  2.45986e-01
2.714675086e+03  2.4364915e-01  5.04150e-04  2.43649e-01
2.714636305e+03  2.5050313e-01  5.04930e-04  2.50503e-01
2.714597525e+03  2.5069385e-01  5.05664e-04  2.50694e-01
2.714558746e+03  2.5109193e-01  5.11545e-04  2.51092e-01
2.714519967e+03  2.5118546e-01  5.17750e-04  2.51185e-01
2.714481189e+03  2.5125535e-01  5.09101e-04  2.51255e-01
2.714442411e+03  2.5120094e-01  5.12114e-04  2.51201e-01
2.714403634e+03  2.5069535e-01  5.08502e-04  2.50695e-01
2.714364857e+03  2.5082933e-01  5.03235e-04  2.50829e-01
2.714326081e+03  2.5102480e-01  5.04132e-04  2.51025e-01
2.714287305e+03  2.5122875e-01  5.01126e-04  2.51229e-01
2.714248530e+03  2.5112462e-01  5.04173e-04  2.51125e-01
2.714209756e+03  2.5111451e-01  5.16446e-04  2.51115e-01
2.714170982e+03  2.5113773e-01  5.04113e-04  2.51138e-01
2.714132209e+03  2.5114948e-01  5.00479e-04  2.51149e-01
2.714093436e+03  2.5103727e-01  4.99033e-04  2.51037e-01
2.714054664e+03  2.5005446e-01  4.98082e-04  2.50054e-01
2.714015892e+03  2.4806998e-01  4.97264e-04  2.48070e-01
2.713977121e+03  2.5006643e-01  4.99615e-04  2.50066e-01
2.713938351e+03  2.4858993e-01  5.01587e-04  2.48590e-01
2.713899581e+03  2.4819288e-01  5.13047e-04  2.48193e-01
2.713860811e+03  2.5059367e-01  5.28086e-04  2.50594e-01
2.713822042e+03  2.5063341e-01  5.10452e-04  2.50633e-01
2.713783274e+03  2.4974612e-01  5.01322e-04  2.49746e-01
2.713744506e+03  2.5002260e-01  4.99510e-04  2.50023e-01
2.713705739e+03  2.5095254e-01  5.01595e-04  2.50953e-01
2.713666972e+03  2.5116510e-01  5.13238e-04  2.51165e-01
2.713628206e+03  2.5123044e-01  5.04067e-04  2.51230e-01
2.713589441e+03  2.5128101e-01  4.99611e-04  2.51281e-01
2.713550676e+03  2.5122322e-01  4.98415e-04  2.51223e-01
2.713511911e+03  2.5122640e-01  4.97776e-04  2.51226e-01
2.713473147e+03  2.5124700e-01  4.97762e-04  2.51247e-01
2.713434384e+03  2.5124826e-01  4.97615e-04  2.51248e-01
2.713395621e+03  2.5107503e-01  4.97860e-04  2.51075e-01
2.713356859e+03  2.5068468e-01  4.97642e-04  2.50685e-01
2.713318097e+03  2.5123678e-01  4.98315e-04  2.51237e-01
2.713279336e+03  2.5123829e-01  4.99849e-04  2.51238e-01
2.713240575e+03  2.5121130e-01  5.02717e-04  2.51211e-01
2.713201815e+03  2.5104931e-01  5.05386e-04  2.51049e-01
2.713163056e+03  2.4648303e-01  4.98235e-04  2.46483e-01
2.713124297e+03  2.5097519e-01  4.98981e-04  2.50975e-01
2.713085539e+03  2.5061906e-01  4.98336e-04  2.50619e-01
2.713046781e+03  2.5052681e-01  4.98871e-04  2.50527e-01
2.713008024e+03  2.4987860e-01  4.97684e-04  2.49879e-01
2.712969267e+03  2.5029491e-01  4.98512e-04  2.50295e-01
2.712930511e+03  2.5060381e-01  5.01097e-04  2.50604e-01
2.712891755e+03  2.4982081e-01  4.98065e-04  2.49821e-01
2.712853000e+03  2.5059297e-01  4.98536e-04  2.50593e-01
2.712814246e+03  2.5069176e-01  5.00359e-04  2.50692e-01
2.712775492e+03  2.5076399e-01  5.05855e-04  2.50764e-01
2.712736738e+03  2.5081288e-01  5.19355e-04  2.50813e-01
2.712697985e+03  2.5085042e-01  5.07826e-04  2.50850e-01
2.712659233e+03  2.5082195e-01  5.01475e-04  2.50822e-01
2.712620481e+03  2.5077113e-01  4.99695e-04  2.50771e-01
2.712581730e+03  2.5067075e-01  4.99187e-04  2.50671e-01
2.712542980e+03  2.5058982e-01  4.99504e-04  2.50590e-01
2.712504230e+03  2.5048269e-01  5.00002e-04  2.50483e-01
2.712465480e+03  2.5025225e-01  5.00728e-04  2.50252e-01
2.712426731e+03  2.4542341e-01  4.98308e-04  2.45423e-01
2.712387983e+03  2.5006648e-01  5.05452e-04  2.50066e-01
2.712349235e+03  2.5023688e-01  5.09933e-04  2.50237e-01
2.712310488e+03  2.5006802e-01  5.20329e-04  2.50068e-01
2.712271741e+03  2.5043514e-01  5.65539e-04  2.50435e-01
2.712232995e+03  2.5048471e-01  5.40152e-04  2.50485e-01
2.712194249e+03  2.5060302e-01  5.63263e-04  2.50603e-01
2.712155504e+03  2.5068629e-01  8.08000e-04  2.50686e-01
2.712116759e+03  2.5069401e-01  9.12793e-04  2.50694e-01
2.712078015e+03  2.5064338e-01  8.00341e-04  2.50643e-01
2.712039272e+03  2.5060743e-01  8.27576e-04  2.50607e-01
2.712000529e+03  2.5055845e-01  6.61856e-04  2.50558e-01
2.711961787e+03  2.5031538e-01  5.50787e-04  2.50315e-01
2.711923045e+03  2.5026426e-01  5.36131e-04  2.50264e-01
2.711884304e+03  2.5041264e-01  5.20854e-04  2.50413e-01
2.711845563e+03  2.5028895e-01  5.22915e-04  2.50289e-01
2.711806823e+03  2.5044339e-01  5.50668e-04  2.50443e-01
2.711768084e+03  2.5014325e-01  7.18257e-04  2.50143e-01
2.711729345e+03  2.5055190e-01  5.88408e-04  2.50552e-01
2.711690606e+03  2.4552945e-01  5.29698e-04  2.45529e-01
2.711651868e+03  2.5013629e-01  5.22751e-04  2.50136e-01
2.711613131e+03  2.5013048e-01  5.26607e-04  2.50130e-01
2.711574394e+03  2.5029320e-01  5.37208e-04  2.50293e-01
2.711535658e+03  2.5051073e-01  5.32479e-04  2.50511e-01
2.711496922e+03  2.5061247e-01  5.34984e-04  2.50612e-01
2.711458187e+03  2.5055264e-01  5.36546e-04  2.50553e-01
2.711419453e+03  2.5056205e-01  5.46896e-04  2.50562e-01
2.711380719e+03  2.5054310e-01  5.87041e-04  2.50543e-01
2.711341985e+03  2.5040454e-01  7.99568e-04  2.50405e-01
2.711303252e+03  2.5055570e-01  7.65850e-04  2.50556e-01
2.711264520e+03  2.5054568e-01  7.67810e-04  2.50546e-01
2.711225788e+03  2.5061292e-01  6.18017e-04  2.50613e-01
2.711187057e+03  2.5039975e-01  5.33047e-04  2.50400e-01
2.711148326e+03  2.5053379e-01  5.15193e-04  2.50534e-01
2.711109596e+03  2.4666657e-01  5.06615e-04  2.46667e-01
2.711070866e+03  2.5048378e-01  5.08610e-04  2.50484e-01
2.711032137e+03  2.5047380e-01  5.12382e-04  2.50474e-01
2.710993409e+03  2.5045910e-01  5.25628e-04  2.50459e-01
2.710954681e+03  2.4588105e-01  5.64353e-04  2.45881e-01
2.710915954e+03  2.5044009e-01  5.25390e-04  2.50440e-01
2.710877227e+03  2.5034771e-01  5.08621e-04  2.50348e-01
2.710838501e+03  2.5039290e-01  5.03526e-04  2.50393e-01
2.710799775e+03  2.5013258e-01  5.00630e-04  2.50133e-01
2.710761050e+03  2.5035779e-01  4.99594e-04  2.50358e-01
2.710722325e+03  2.5033760e-01  4.99056e-04  2.50338e-01
2.710683601e+03  2.5035837e-01  4.99142e-04  2.50358e-01
2.710644878e+03  2.4884538e-01  4.97919e-04  2.48845e-01
2.710606155e+03  2.5032006e-01  4.99465e-04  2.50320e-01
2.710567432e+03  2.5033019e-01  5.00817e-04  2.50330e-01
2.710528710e+03  2.4891683e-01  5.03469e-04  2.48917e-01
2.710489989e+03  2.4989720e-01  5.09614e-04  2.49897e-01
2.710451268e+03  2.5013634e-01  5.08485e-04  2.50136e-01
2.710412548e+03  2.5002181e-01  5.06008e-04  2.50022e-01
2.710373829e+03  2.4996166e-01  5.08171e-04  2.49962e-01
2.710335109e+03  2.4973870e-01  5.10958e-04  2.49739e-01
2.710296391e+03  2.4972961e-01  5.04639e-04  2.49730e-01
2.710257673e+03  2.5008454e-01  5.00134e-04  2.50085e-01
2.710218956e+03  2.4573198e-01  4.95122e-04  2.45732e-01
2.710180239e+03  2.4935081e-01  4.97230e-04  2.49351e-01
2.710141522e+03  2.5025596e-01  4.98282e-04  2.50256e-01
2.710102807e+03  2.5023952e-01  4.98794e-04  2.50240e-01
2.710064091e+03  2.5025653e-01  5.01449e-04  2.50257e-01
2.710025377e+03  2.5000104e-01  5.02981e-04  2.50001e-01
2.709986663e+03  2.5023922e-01  5.00394e-04  2.50239e-01
2.709947949e+03  2.5026151e-01  4.99121e-04  2.50262e-01
2.709909236e+03  2.5025728e-01  5.01774e-04  2.50257e-01
2.709870524e+03  2.5021170e-01  4.98576e-04  2.50212e-01
2.709831812e+03  2.5013184e-01  4.97308e-04  2.50132e-01
2.709793100e+03  2.5012437e-01  4.96783e-04  2.50124e-01
2.709754390e+03  2.5001412e-01  4.96764e-04  2.50014e-01
2.709715679e+03  2.4996495e-01  4.97326e-04  2.49965e-01
2.709676970e+03  2.4998655e-01  4.96894e-04  2.49987e-01
2.709638261e+03  2.5003000e-01  4.97074e-04  2.50030e-01
2.709599552e+03  2.5001837e-01  4.97563e-04  2.50018e-01
2.709560844e+03  2.4987627e-01  4.98239e-04  2.49876e-01
2.709522137e+03  2.4902218e-01  4.99689e-04  2.49022e-01
2.709483430e+03  2.3959781e-01  4.93974e-04  2.39598e-01
2.709444723e+03  2.4938594e-01  5.05314e-04  2.49386e-01
2.709406018e+03  2.4975879e-01  5.19095e-04  2.49759e-01
2.709367312e+03  2.4987197e-01  5.24447e-04  2.49872e-01
2.709328608e+03  2.4986623e-01  5.28671e-04  2.49866e-01
2.709289904e+03  2.4957126e-01  5.15963e-04  2.49571e-01
2.709251200e+03  2.4979223e-01  5.07096e-04  2.49792e-01
2.709212497e+03  2.4990024e-01  5.03113e-04  2.49900e-01
2.709173794e+03  2.4981616e-01  5.02554e-04  2.49816e-01
2.709135092e+03  2.4983197e-01  5.05480e-04  2.49832e-01
2.709096391e+03  2.4978564e-01  5.17687e-04  2.49786e-01
2.709057690e+03  2.4964926e-01  5.79591e-04  2.49649e-01
2.709018990e+03  2.4970255e-01  5.41350e-04  2.49703e-01
2.708980290e+03  2.4960155e-01  5.07523e-04  2.49602e-01
2.708941591e+03  2.4940426e-01  5.02369e-04  2.49404e-01
2.708902893e+03  2.4948723e-01  5.01698e-04  2.49487e-01
2.708864194e+03  2.4950737e-01  5.02562e-04  2.49507e-01
2.708825497e+03  2.4960124e-01  5.07960e-04  2.49601e-01
2.708786800e+03  2.4958743e-01  5.03771e-04  2.49587e-01
2.708748104e+03  2.4541235e-01  5.07079e-04  2.45412e-01
2.708709408e+03  2.4876713e-01  5.16274e-04  2.48767e-01
2.708670712e+03  2.4869214e-01  5.02323e-04  2.48692e-01
2.708632018e+03  2.4919903e-01  4.99414e-04  2.49199e-01
2.708593324e+03  2.4937087e-01  4.98655e-04  2.49371e-01
2.708554630e+03  2.4937726e-01  4.98580e-04  2.49377e-01
2.708515937e+03  2.4918354e-01  4.98329e-04  2.49184e-01
2.708477244e+03  2.4938658e-01  4.99133e-04  2.49387e-01
2.708438552e+03  2.4935434e-01  5.00545e-04  2.49354e-01
2.708399861e+03  2.4924949e-01  5.01862e-04  2.49249e-01
2.708361170e+03  2.4874197e-01  5.04242e-04  2.48742e-01
2.708322480e+03  2.2203434e-01  4.88468e-04  2.22034e-01
2.708283790e+03  2.4873515e-01  5.17918e-04  2.48735e-01
2.708245101e+03  2.4913976e-01  5.38241e-04  2.49140e-01
2.708206412e+03  2.4950973e-01  5.82005e-04  2.49510e-01
2.708167724e+03  2.4955749e-01  6.19368e-04  2.49557e-01
2.708129036e+03  2.4957524e-01  5.76163e-04  2.49575e-01
2.708090349e+03  2.4926389e-01  5.35683e-04  2.49264e-01
2.708051663e+03  2.4954021e-01  5.17225e-04  2.49540e-01
2.708012977e+03  2.4592889e-01  5.06390e-04  2.45929e-01
2.707974292e+03  2.4937695e-01  5.05428e-04  2.49377e-01
2.707935607e+03  2.4951058e-01  5.05635e-04  2.49511e-01
2.707896923e+03  2.4902957e-01  5.02582e-04  2.49030e-01
2.707858239e+03  2.4844535e-01  4.99435e-04  2.48445e-01
2.707819556e+03  2.4848957e-01  4.98414e-04  2.48490e-01
2.707780873e+03  2.4901891e-01  4.98957e-04  2.49019e-01
2.707742191e+03  2.4915609e-01  4.99601e-04  2.49156e-01
2.707703510e+03  2.4937973e-01  4.99687e-04  2.49380e-01
2.707664829e+03  2.4939843e-01  5.01830e-04  2.49398e-01
2.707626148e+03  2.4945516e-01  5.04660e-04  2.49455e-01
2.707587469e+03  2.4948316e-01  4.99563e-04  2.49483e-01
2.707548789e+03  2.4953740e-01  4.97303e-04  2.49537e-01
2.707510111e+03  2.4947592e-01  4.96699e-04  2.49476e-01
2.707471432e+03  2.4889305e-01  4.96082e-04  2.48893e-01
2.707432755e+03  2.4784028e-01  4.95235e-04  2.47840e-01
2.707394078e+03  2.4868547e-01  4.96408e-04  2.48685e-01
2.707355401e+03  2.4937245e-01  4.97174e-04  2.49372e-01
2.707316725e+03  2.4888492e-01  4.99324e-04  2.48885e-01
2.707278050e+03  2.4502173e-01  4.96657e-04  2.45022e-01
2.707239375e+03  2.4519344e-01  4.95496e-04  2.45193e-01
2.707200701e+03  2.4791366e-01  4.98868e-04  2.47914e-01
2.707162027e+03  2.4935202e-01  5.05763e-04  2.49352e-01
2.707123354e+03  2.4871021e-01  5.10503e-04  2.48710e-01
2.707084681e+03  2.4852431e-01  5.13000e-04  2.48524e-01
2.707046009e+03  2.4926657e-01  5.11169e-04  2.49267e-01
2.707007338e+03  2.4914559e-01  5.07243e-04  2.49146e-01
2.706968667e+03  2.4923009e-01  5.04002e-04  2.49230e-01
2.706929996e+03  2.4912136e-01  5.02362e-04  2.49121e-01
2.706891326e+03  2.4815195e-01  4.98867e-04  2.48152e-01
2.706852657e+03  2.4778023e-01  4.96959e-04  2.47780e-01
2.706813988e+03  2.4885474e-01  4.96803e-04  2.48855e-01
2.706775320e+03  2.4888215e-01  4.96830e-04  2.48882e-01
2.706736652e+03  2.4766358e-01  4.95642e-04  2.47664e-01
2.706697985e+03  2.4786759e-01  4.95171e-04  2.47868e-01
2.706659319e+03  2.4897462e-01  4.96108e-04  2.48975e-01
2.706620653e+03  2.4913730e-01  4.96031e-04  2.49137e-01
2.706581987e+03  2.4904310e-01  4.96332e-04  2.49043e-01
2.706543322e+03  2.4892425e-01  4.96609e-04  2.48924e-01
2.706504658e+03  2.4605696e-01  4.95164e-04  2.46057e-01
2.706465994e+03  2.4902843e-01  4.98472e-04  2.49028e-01
2.706427331e+03  2.4905069e-01  5.04914e-04  2.49051e-01
2.706388668e+03  2.4633459e-01  5.06717e-04  2.46335e-01
2.706350006e+03  2.4181716e-01  5.03119e-04  2.41817e-01
2.706311344e+03  2.4818902e-01  5.09404e-04  2.48189e-01
2.706272683e+03  2.4777782e-01  5.12211e-04  2.47778e-01
2.706234023e+03  2.4831494e-01  5.26200e-04  2.48315e-01
2.706195363e+03  2.4906748e-01  5.33506e-04  2.49067e-01
2.706156704e+03  2.4910559e-01  5.19572e-04  2.49106e-01
2.706118045e+03  2.4894817e-01  5.07275e-04  2.48948e-01
2.706079386e+03  2.4844799e-01  5.01978e-04  2.48448e-01
2.706040729e+03  2.4841314e-01  4.99168e-04  2.48413e-01
2.706002072e+03  2.4890077e-01  4.97752e-04  2.48901e-01
2.705963415e+03  2.4890771e-01  4.97300e-04  2.48908e-01
2.705924759e+03  2.4894877e-01  4.96444e-04  2.48949e-01
2.705886103e+03  2.4899089e-01  4.95987e-04  2.48991e-01
2.705847448e+03  2.4896489e-01  4.95769e-04  2.48965e-01
2.705808794e+03  2.4886410e-01  4.95606e-04  2.48864e-01
2.705770140e+03  2.4626916e-01  4.93659e-04  2.46269e-01
2.705731487e+03  2.4884113e-01  4.96275e-04  2.48841e-01
2.705692834e+03  2.4882509e-01  4.95296e-04  2.48825e-01
2.705654182e+03  2.4872762e-01  4.95029e-04  2.48728e-01
2.705615530e+03  2.4880675e-01  4.96252e-04  2.48807e-01
2.705576879e+03  2.4877125e-01  4.96724e-04  2.48771e-01
2.705538229e+03  2.4874969e-01  4.96065e-04  2.48750e-01
2.705499579e+03  2.4868609e-01  4.96553e-04  2.48686e-01
2.705460929e+03  2.4842909e-01  4.95804e-04  2.48429e-01
2.705422280e+03  2.4818029e-01  4.94699e-04  2.48180e-01
2.705383632e+03  2.4718771e-01  4.93653e-04  2.47188e-01
2.705344984e+03  2.4758911e-01  4.94120e-04  2.47589e-01
2.705306337e+03  2.4759383e-01  4.93765e-04  2.47594e-01
2.705267690e+03  2.4700891e-01  4.93349e-04  2.47009e-01
2.705229044e+03  2.4603250e-01  4.92953e-04  2.46032e-01
2.705190399e+03  2.4586514e-01  4.92899e-04  2.45865e-01
2.705151753e+03  2.4697284e-01  4.95296e-04  2.46973e-01
2.705113109e+03  2.4746331e-01  4.95407e-04  2.47463e-01
2.705074465e+03  2.4753392e-01  4.94591e-04  2.47534e-01
2.705035822e+03  2.4532346e-01  4.93030e-04  2.45323e-01
2.704997179e+03  2.4710968e-01  4.94133e-04  2.47110e-01
2.704958537e+03  2.4618857e-01  4.93661e-04  2.46189e-01
2.704919895e+03  2.4626009e-01  4.94238e-04  2.46260e-01
2.704881254e+03  2.4605782e-01  4.95147e-04  2.46058e-01
2.704842613e+03  2.4362841e-01  4.95502e-04  2.43628e-01
2.704803973e+03  2.3670875e-01  4.95348e-04  2.36709e-01
2.704765334e+03  2.2934302e-01  5.09599e-04  2.29343e-01
2.704726695e+03  2.3651984e-01  5.87819e-04  2.36520e-01
2.704688056e+03  2.4346339e-01  5.23353e-04  2.43463e-01
2.704649418e+03  2.4557849e-01  5.15960e-04  2.45578e-01
2.704610781e+03  2.4498099e-01  5.68276e-04  2.44981e-01
2.704572144e+03  2.4524255e-01  5.43144e-04  2.45243e-01
2.704533508e+03  2.4302701e-01  5.41436e-04  2.43027e-01
2.704494873e+03  2.3679202e-01  5.01823e-04  2.36792e-01
2.704456237e+03  2.2648942e-01  4.89438e-04  2.26489e-01
2.704417603e+03  2.2960318e-01  4.87447e-04  2.29603e-01
2.704378969e+03  2.3998479e-01  4.92386e-04  2.39985e-01
2.704340335e+03  2.4407284e-01  4.94462e-04  2.44073e-01
2.704301703e+03  2.4365518e-01  4.95036e-04  2.43655e-01
2.704263070e+03  2.4584451e-01  4.95068e-04  2.45845e-01
2.704224438e+03  2.4594574e-01  4.94932e-04  2.45946e-01
2.704185807e+03  2.4555230e-01  4.93865e-04  2.45552e-01
2.704147177e+03  2.4468644e-01  4.93970e-04  2.44686e-01
2.704108546e+03  2.4266633e-01  4.97540e-04  2.42666e-01
2.704069917e+03  2.3687935e-01  4.88147e-04  2.36879e-01
2.704031288e+03  2.2480625e-01  4.77666e-04  2.24806e-01
2.703992659e+03  2.2297263e-01  4.75510e-04  2.22973e-01
2.703954031e+03  2.3100697e-01  4.81405e-04  2.31007e-01
2.703915404e+03  2.2935898e-01  4.80158e-04  2.29359e-01
2.703876777e+03  2.1434810e-01  4.69166e-04  2.14348e-01
2.703838151e+03  2.0431848e-01  4.61208e-04  2.04318e-01
2.703799525e+03  2.2216462e-01  4.74704e-04  2.22165e-01
2.703760900e+03  2.3640978e-01  4.85403e-04  2.36410e-01
2.703722276e+03  2.4174594e-01  4.89985e-04  2.41746e-01
2.703683652e+03  2.4420457e-01  4.91634e-04  2.44205e-01
2.703645028e+03  2.4554560e-01  4.93248e-04  2.45546e-01
2.703606405e+03  2.4632001e-01  4.95728e-04  2.46320e-01
2.703567783e+03  2.4573965e-01  4.99118e-04  2.45740e-01
2.703529161e+03  2.4713863e-01  4.94512e-04  2.47139e-01
2.703490540e+03  2.4735888e-01  4.93709e-04  2.47359e-01
2.703451919e+03  2.4691195e-01  4.93241e-04  2.46912e-01
2.703413299e+03  2.4626036e-01  4.93218e-04  2.46260e-01
2.703374679e+03  2.4715947e-01  4.94840e-04  2.47159e-01
2.703336060e+03  2.4769754e-01  4.99543e-04  2.47698e-01
2.703297441e+03  2.4785716e-01  4.97608e-04  2.47857e-01
2.703258823e+03  2.4745920e-01  4.97611e-04  2.47459e-01
2.703220206e+03  2.4795796e-01  4.95644e-04  2.47958e-01
2.703181589e+03  2.4791867e-01  4.95711e-04  2.47919e-01
2.703142973e+03  2.4799254e-01  4.96818e-04  2.47993e-01
2.703104357e+03  2.4793477e-01  4.99619e-04  2.47935e-01
2.703065742e+03  2.4781429e-01  5.00920e-04  2.47814e-01
2.703027127e+03  2.4783840e-01  4.97157e-04  2.47838e-01
2.702988513e+03  2.4804209e-01  4.95614e-04  2.48042e-01
2.702949899e+03  2.4809409e-01  4.96104e-04  2.48094e-01
2.702911286e+03  2.4809103e-01  4.97108e-04  2.48091e-01
2.702872674e+03  2.4805702e-01  4.98082e-04  2.48057e-01
2.702834062e+03  2.4747573e-01  5.04888e-04  2.47476e-01
2.702795451e+03  2.4804579e-01  5.14047e-04  2.48046e-01
2.702756840e+03  2.4805774e-01  5.01437e-04  2.48058e-01
2.702718230e+03  2.4806374e-01  5.05559e-04  2.48064e-01
2.702679620e+03  2.4805552e-01  5.06746e-04  2.48056e-01
2.702641011e+03  2.4796056e-01  5.12474e-04  2.47961e-01
2.702602402e+03  2.4784169e-01  4.98926e-04  2.47842e-01
2.702563794e+03  2.4723671e-01  4.95174e-04  2.47237e-01
2.702525187e+03  2.4609469e-01  4.93619e-04  2.46095e-01
2.702486580e+03  2.4676140e-01  4.95222e-04  2.46761e-01
2.702447973e+03  2.4728243e-01  4.96383e-04  2.47282e-01
2.702409367e+03  2.4683053e-01  4.99957e-04  2.46831e-01
2.702370762e+03  2.4609325e-01  4.95790e-04  2.46093e-01
2.702332157e+03  2.4546105e-01  4.94751e-04  2.45461e-01
2.702293553e+03  2.4461289e-01  4.93720e-04  2.44613e-01
2.702254949e+03  2.4657235e-01  4.96330e-04  2.46572e-01
2.702216346e+03  2.4650204e-01  4.99515e-04  2.46502e-01
2.702177744e+03  2.4651217e-01  5.08228e-04  2.46512e-01
2.702139142e+03  2.4752549e-01  5.18028e-04  2.47525e-01
2.702100540e+03  2.4772495e-01  5.16076e-04  2.47725e-01
2.702061939e+03  2.4775028e-01  5.06018e-04  2.47750e-01
2.702023339e+03  2.4772640e-01  5.05059e-04  2.47726e-01
2.701984739e+03  2.4757623e-01  4.98225e-04  2.47576e-01
2.701946140e+03  2.4764829e-01  4.98390e-04  2.47648e-01
2.701907541e+03  2.4775939e-01  5.08564e-04  2.47759e-01
2.701868943e+03  2.4778317e-01  4.99026e-04  2.47783e-01
2.701830346e+03  2.4783743e-01  4.95253e-04  2.47837e-01
2.701791749e+03  2.4785204e-01  4.94845e-04  2.47852e-01
2.701753152e+03  2.4783449e-01  4.94844e-04  2.47834e-01
2.701714556e+03  2.4783925e-01  4.94411e-04  2.47839e-01
2.701675961e+03  2.4773873e-01  4.94800e-04  2.47739e-01
2.701637366e+03  2.4778229e-01  4.95173e-04  2.47782e-01
2.701598772e+03  2.4765260e-01  4.94928e-04  2.47653e-01
2.701560178e+03  2.4763119e-01  4.94050e-04  2.47631e-01
2.701521585e+03  2.4771960e-01  4.94861e-04  2.47720e-01
2.701482992e+03  2.4772992e-01  4.94101e-04  2.47730e-01
2.701444400e+03  2.4759284e-01  4.93214e-04  2.47593e-01
2.701405809e+03  2.4763991e-01  4.93181e-04  2.47640e-01
2.701367218e+03  2.4711930e-01  4.92882e-04  2.47119e-01
2.701328627e+03  2.4776784e-01  4.93615e-04  2.47768e-01
2.701290038e+03  2.4782194e-01  4.93858e-04  2.47822e-01
2.701251448e+03  2.4774263e-01  4.93696e-04  2.47743e-01
2.701212860e+03  2.4773367e-01  4.93237e-04  2.47734e-01
2.701174271e+03  2.4767236e-01  4.93075e-04  2.47672e-01
2.701135684e+03  2.4768997e-01  4.93083e-04  2.47690e-01
2.701097097e+03  2.4768883e-01  4.93106e-04  2.47689e-01
2.701058510e+03  2.4771779e-01  4.93603e-04  2.47718e-01
2.701019924e+03  2.4774358e-01  4.93314e-04  2.47744e-01
2.700981339e+03  2.4775210e-01  4.93279e-04  2.47752e-01
2.700942754e+03  2.4768666e-01  4.93545e-04  2.47687e-01
2.700904169e+03  2.4757787e-01  4.94060e-04  2.47578e-01
2.700865586e+03  2.4753979e-01  4.94497e-04  2.47540e-01
2.700827002e+03  2.4752153e-01  4.93413e-04  2.47522e-01
2.700788420e+03  2.4753374e-01  4.93051e-04  2.47534e-01
2.700749837e+03  2.4753518e-01  4.93010e-04  2.47535e-01
2.700711256e+03  2.4750699e-01  4.93002e-04  2.47507e-01
2.700672675e+03  2.4740679e-01  4.93096e-04  2.47407e-01
2.700634094e+03  2.4602700e-01  4.92492e-04  2.46027e-01
2.700595514e+03  2.4708717e-01  4.94225e-04  2.47087e-01
2.700556935e+03  2.4722979e-01  4.93230e-04  2.47230e-01
2.700518356e+03  2.4735542e-01  4.93236e-04  2.47355e-01
2.700479778e+03  2.4738067e-01  4.93198e-04  2.47381e-01
2.700441200e+03  2.4734830e-01  4.93396e-04  2.47348e-01
2.700402623e+03  2.4730674e-01  4.95478e-04  2.47307e-01
2.700364046e+03  2.4737367e-01  4.97683e-04  2.47374e-01
2.700325470e+03  2.4744741e-01  4.94337e-04  2.47447e-01
2.700286895e+03  2.4736220e-01  4.94018e-04  2.47362e-01
2.700248320e+03  2.4741509e-01  4.93253e-04  2.47415e-01
2.700209745e+03  2.4747235e-01  4.93431e-04  2.47472e-01
2.700171171e+03  2.4742633e-01  4.93744e-04  2.47426e-01
2.700132598e+03  2.4728920e-01  4.93004e-04  2.47289e-01
2.700094025e+03  2.4735304e-01  4.92991e-04  2.47353e-01
2.700055453e+03  2.4734287e-01  4.92889e-04  2.47343e-01
2.700016882e+03  2.4726568e-01  4.92933e-04  2.47266e-01