# ------------------------------------------------------------------------
# Radiance spectrum
# NASA-GSFC Planetary Spectrum Generator (PSG) (Villanueva et al. 2018, 2022)
# Synthesized on Fri Aug 15 21:13:24 2025
# Doppler velocities [km/s] (vobs,vrot+vorb,vwidth,vrfl,vstr): -17.63700,-0.00000,0.01000,-1.06846,0.00000
# ------------------------------------------------------------------------
# Spectra synthesized with the Planetary and Universal Model of Atmospheric Scattering (PUMAS, Villanueva et al. 2018, 2022)
# Single scattering radiative transfer method
# Radiative transfer took 0.191 seconds
# ------------------------------------------------------------------------
# Spectral unit: Frequency[cm-1]
# Radiance unit: Spectral radiance [W/sr/m2/um]
# Wave/freq Total Noise Mars
2.740000000e+03  3.6839927e-01  5.84045e-04  3.68399e-01
2.739960858e+03  3.6771206e-01  5.80689e-04  3.67712e-01
2.739921716e+03  3.6790838e-01  5.79991e-04  3.67908e-01
2.739882575e+03  3.6717460e-01  5.79129e-04  3.67175e-01
2.739843434e+03  3.6696285e-01  5.78979e-04  3.66963e-01
2.739804294e+03  3.6776366e-01  5.79608e-04  3.67764e-01
2.739765155e+03  3.6548930e-01  5.78441e-04  3.65489e-01
2.739726016e+03  3.6818040e-01  5.80596e-04  3.68180e-01
2.739686877e+03  3.6927546e-01  5.82268e-04  3.69275e-01
2.739647739e+03  3.6700787e-01  5.82785e-04  3.67008e-01
2.739608602e+03  3.6934081e-01  5.88573e-04  3.69341e-01
2.739569465e+03  3.6897022e-01  5.87921e-04  3.68970e-01
2.739530329e+03  3.6923018e-01  5.87411e-04  3.69230e-01
2.739491194e+03  3.6814519e-01  5.88991e-04  3.68145e-01
2.739452059e+03  3.0414032e-01  5.45640e-04  3.04140e-01
2.739412924e+03  3.6890784e-01  5.86042e-04  3.68908e-01
2.739373790e+03  3.6926020e-01  5.86348e-04  3.69260e-01
2.739334657e+03  3.6902484e-01  5.89044e-04  3.69025e-01
2.739295524e+03  3.6747238e-01  6.11386e-04  3.67472e-01
2.739256392e+03  3.6723014e-01  5.98299e-04  3.67230e-01
2.739217260e+03  3.6762694e-01  5.88590e-04  3.67627e-01
2.739178129e+03  3.6672575e-01  5.86319e-04  3.66726e-01
2.739138999e+03  3.6838104e-01  5.88624e-04  3.68381e-01
2.739099869e+03  3.6296854e-01  5.89111e-04  3.62969e-01
2.739060739e+03  3.3949737e-01  5.79539e-04  3.39497e-01
2.739021610e+03  3.6884257e-01  6.11355e-04  3.68843e-01
2.738982482e+03  3.6905653e-01  6.35553e-04  3.69057e-01
2.738943354e+03  3.6756401e-01  6.84257e-04  3.67564e-01
2.738904227e+03  3.6839520e-01  7.05580e-04  3.68395e-01
2.738865100e+03  3.6872817e-01  6.68949e-04  3.68728e-01
2.738825974e+03  3.6837868e-01  6.81991e-04  3.68379e-01
2.738786849e+03  3.0902230e-01  6.29812e-04  3.09022e-01
2.738747724e+03  3.6469280e-01  6.21939e-04  3.64693e-01
2.738708599e+03  3.6824760e-01  6.39517e-04  3.68248e-01
2.738669476e+03  3.6810649e-01  6.11277e-04  3.68106e-01
2.738630352e+03  3.6859896e-01  5.94525e-04  3.68599e-01
2.738591229e+03  3.6858262e-01  5.89427e-04  3.68583e-01
2.738552107e+03  3.6731246e-01  5.84665e-04  3.67312e-01
2.738512986e+03  3.6584771e-01  5.82597e-04  3.65848e-01
2.738473865e+03  3.6659820e-01  5.82197e-04  3.66598e-01
2.738434744e+03  3.6778153e-01  5.82494e-04  3.67782e-01
2.738395624e+03  3.6844685e-01  5.82876e-04  3.68447e-01
2.738356505e+03  3.6883091e-01  5.83507e-04  3.68831e-01
2.738317386e+03  3.6884217e-01  5.84120e-04  3.68842e-01
2.738278268e+03  3.6891691e-01  5.85223e-04  3.68917e-01
2.738239150e+03  3.6864893e-01  5.87772e-04  3.68649e-01
2.738200033e+03  3.5705978e-01  5.90496e-04  3.57060e-01
2.738160916e+03  3.6768297e-01  6.47223e-04  3.67683e-01
2.738121800e+03  3.6605239e-01  6.17620e-04  3.66052e-01
2.738082685e+03  3.0745023e-01  5.77589e-04  3.07450e-01
2.738043570e+03  3.6766218e-01  6.26594e-04  3.67662e-01
2.738004456e+03  3.6871041e-01  6.09935e-04  3.68710e-01
2.737965342e+03  3.6870270e-01  5.95360e-04  3.68703e-01
2.737926229e+03  3.6837738e-01  5.89764e-04  3.68377e-01
2.737887116e+03  3.6838472e-01  5.85064e-04  3.68385e-01
2.737848004e+03  3.6841772e-01  5.83025e-04  3.68418e-01
2.737808892e+03  3.6851052e-01  5.82046e-04  3.68511e-01
2.737769781e+03  3.6843051e-01  5.81514e-04  3.68431e-01
2.737730671e+03  3.6830248e-01  5.82358e-04  3.68302e-01
2.737691561e+03  3.6831390e-01  5.80928e-04  3.68314e-01
2.737652452e+03  3.6841305e-01  5.80664e-04  3.68413e-01
2.737613343e+03  3.6834745e-01  5.83137e-04  3.68347e-01
2.737574235e+03  3.6829198e-01  5.85315e-04  3.68292e-01
2.737535127e+03  3.6815390e-01  5.80349e-04  3.68154e-01
2.737496020e+03  3.6795651e-01  5.80998e-04  3.67957e-01
2.737456913e+03  3.6772827e-01  5.83186e-04  3.67728e-01
2.737417807e+03  3.5533122e-01  5.74495e-04  3.55331e-01
2.737378702e+03  3.2341828e-01  5.54466e-04  3.23418e-01
2.737339597e+03  3.6760793e-01  5.86779e-04  3.67608e-01
2.737300493e+03  3.6668544e-01  5.84465e-04  3.66685e-01
2.737261389e+03  3.5533289e-01  5.89221e-04  3.55333e-01
2.737222286e+03  3.6755061e-01  6.00520e-04  3.67551e-01
2.737183183e+03  3.6778034e-01  6.43099e-04  3.67780e-01
2.737144081e+03  3.6784145e-01  6.28864e-04  3.67841e-01
2.737104980e+03  3.6794713e-01  6.35525e-04  3.67947e-01
2.737065879e+03  3.6806187e-01  6.18998e-04  3.68062e-01
2.737026778e+03  3.6814769e-01  6.03348e-04  3.68148e-01
2.736987679e+03  3.6798812e-01  5.88821e-04  3.67988e-01
2.736948579e+03  3.6795966e-01  5.84104e-04  3.67960e-01
2.736909481e+03  3.6792462e-01  5.84126e-04  3.67925e-01
2.736870382e+03  3.6801302e-01  5.81560e-04  3.68013e-01
2.736831285e+03  3.6772277e-01  5.80599e-04  3.67723e-01
2.736792188e+03  3.6808204e-01  5.82036e-04  3.68082e-01
2.736753091e+03  3.6796793e-01  5.80292e-04  3.67968e-01
2.736713995e+03  3.1543801e-01  5.46571e-04  3.15438e-01
2.736674900e+03  3.6797203e-01  5.84917e-04  3.67972e-01
2.736635805e+03  3.6828872e-01  5.84230e-04  3.68289e-01
2.736596711e+03  3.6825423e-01  5.80351e-04  3.68254e-01
2.736557617e+03  3.6785896e-01  5.81850e-04  3.67859e-01
2.736518524e+03  3.6814045e-01  5.83111e-04  3.68140e-01
2.736479432e+03  3.6820037e-01  5.79688e-04  3.68200e-01
2.736440340e+03  3.6789951e-01  5.79183e-04  3.67900e-01
2.736401248e+03  3.6762157e-01  5.79197e-04  3.67622e-01
2.736362157e+03  3.6817098e-01  5.80211e-04  3.68171e-01
2.736323067e+03  3.6828759e-01  5.81656e-04  3.68288e-01
2.736283977e+03  3.6377385e-01  5.80880e-04  3.63774e-01
2.736244888e+03  3.6814274e-01  5.82972e-04  3.68143e-01
2.736205799e+03  3.6826246e-01  5.87529e-04  3.68262e-01
2.736166711e+03  3.6818150e-01  5.93873e-04  3.68181e-01
2.736127624e+03  3.6813800e-01  6.09488e-04  3.68138e-01
2.736088537e+03  3.6809698e-01  6.25626e-04  3.68097e-01
2.736049450e+03  3.4828664e-01  6.25780e-04  3.48287e-01
2.736010365e+03  3.3843778e-01  5.80024e-04  3.38438e-01
2.735971279e+03  3.6798990e-01  5.88534e-04  3.67990e-01
2.735932194e+03  3.6801739e-01  5.85027e-04  3.68017e-01
2.735893110e+03  3.6800352e-01  5.83036e-04  3.68004e-01
2.735854027e+03  3.6598420e-01  5.81713e-04  3.65984e-01
2.735814944e+03  3.6736688e-01  5.82393e-04  3.67367e-01
2.735775861e+03  3.6737880e-01  5.83274e-04  3.67379e-01
2.735736779e+03  3.6776634e-01  5.83067e-04  3.67766e-01
2.735697698e+03  3.6779292e-01  5.86286e-04  3.67793e-01
2.735658617e+03  3.6778153e-01  5.86040e-04  3.67782e-01
2.735619537e+03  3.6723564e-01  5.83975e-04  3.67236e-01
2.735580457e+03  3.6666516e-01  5.80214e-04  3.66665e-01
2.735541378e+03  3.6722630e-01  5.79953e-04  3.67226e-01
2.735502299e+03  3.6753167e-01  5.79983e-04  3.67532e-01
2.735463221e+03  3.6750296e-01  5.81712e-04  3.67503e-01
2.735424144e+03  3.6741656e-01  5.82955e-04  3.67417e-01
2.735385067e+03  3.6714620e-01  5.84162e-04  3.67146e-01
2.735345990e+03  3.2199699e-01  5.49924e-04  3.21997e-01
2.735306914e+03  3.6734107e-01  5.78763e-04  3.67341e-01
2.735267839e+03  3.6741553e-01  5.78414e-04  3.67416e-01
2.735228765e+03  3.6736834e-01  5.79846e-04  3.67368e-01
2.735189690e+03  3.6740736e-01  5.79887e-04  3.67407e-01
2.735150617e+03  3.6759718e-01  5.79430e-04  3.67597e-01
2.735111544e+03  3.6765334e-01  5.81833e-04  3.67653e-01
2.735072471e+03  3.6737361e-01  5.79096e-04  3.67374e-01
2.735033399e+03  3.6707633e-01  5.82164e-04  3.67076e-01
2.734994328e+03  3.6776754e-01  5.80650e-04  3.67768e-01
2.734955257e+03  3.6765873e-01  5.80321e-04  3.67659e-01
2.734916187e+03  3.6767018e-01  5.88041e-04  3.67670e-01
2.734877117e+03  3.6740762e-01  5.81873e-04  3.67408e-01
2.734838048e+03  3.6765282e-01  5.78738e-04  3.67653e-01
2.734798980e+03  3.6771529e-01  5.78135e-04  3.67715e-01
2.734759912e+03  3.6773904e-01  5.78025e-04  3.67739e-01
2.734720844e+03  3.6759521e-01  5.78426e-04  3.67595e-01
2.734681777e+03  3.2616331e-01  5.51034e-04  3.26163e-01
2.734642711e+03  3.6693148e-01  5.78478e-04  3.66931e-01
2.734603645e+03  3.6730588e-01  5.80764e-04  3.67306e-01
2.734564580e+03  3.6725968e-01  5.79799e-04  3.67260e-01
2.734525515e+03  3.6730525e-01  5.84366e-04  3.67305e-01
2.734486451e+03  3.6725829e-01  5.86662e-04  3.67258e-01
2.734447388e+03  3.6725524e-01  5.94789e-04  3.67255e-01
2.734408325e+03  3.6720773e-01  5.88127e-04  3.67208e-01
2.734369262e+03  3.6719249e-01  5.80026e-04  3.67192e-01
2.734330201e+03  3.6715679e-01  5.78925e-04  3.67157e-01
2.734291139e+03  3.6679826e-01  5.77935e-04  3.66798e-01
2.734252078e+03  3.6713833e-01  5.77723e-04  3.67138e-01
2.734213018e+03  3.6712211e-01  5.77424e-04  3.67122e-01
2.734173959e+03  3.6710337e-01  5.77466e-04  3.67103e-01
2.734134900e+03  3.6696259e-01  5.77311e-04  3.66963e-01
2.734095841e+03  3.6718819e-01  5.77867e-04  3.67188e-01
2.734056783e+03  3.6715517e-01  5.77587e-04  3.67155e-01
2.734017726e+03  3.6410362e-01  5.75961e-04  3.64104e-01
2.733978669e+03  3.3157671e-01  5.56446e-04  3.31577e-01
2.733939613e+03  3.6454462e-01  5.82217e-04  3.64545e-01
2.733900557e+03  3.6507099e-01  5.84625e-04  3.65071e-01
2.733861502e+03  3.6506629e-01  5.85501e-04  3.65066e-01
2.733822447e+03  3.6422684e-01  5.85323e-04  3.64227e-01
2.733783393e+03  3.6577809e-01  5.96672e-04  3.65778e-01
2.733744340e+03  3.6592511e-01  5.88678e-04  3.65925e-01
2.733705287e+03  3.6230978e-01  5.82046e-04  3.62310e-01
2.733666234e+03  3.6262852e-01  5.82983e-04  3.62629e-01
2.733627182e+03  3.6471408e-01  5.79405e-04  3.64714e-01
2.733588131e+03  3.6469181e-01  5.81511e-04  3.64692e-01
2.733549081e+03  3.6345942e-01  5.78416e-04  3.63459e-01
2.733510030e+03  3.6143882e-01  5.74703e-04  3.61439e-01
2.733470981e+03  3.5507425e-01  5.72242e-04  3.55074e-01
2.733431932e+03  3.3557637e-01  5.57292e-04  3.35576e-01
2.733392883e+03  3.1686613e-01  5.44472e-04  3.16866e-01
2.733353835e+03  3.3549902e-01  5.57548e-04  3.35499e-01
2.733314788e+03  3.2165609e-01  5.47924e-04  3.21656e-01
2.733275741e+03  3.6011983e-01  5.73753e-04  3.60120e-01
2.733236695e+03  3.6140207e-01  5.74836e-04  3.61402e-01
2.733197649e+03  3.6414040e-01  5.79151e-04  3.64140e-01
2.733158604e+03  3.6566104e-01  5.87178e-04  3.65661e-01
2.733119560e+03  3.6608142e-01  5.82853e-04  3.66081e-01
2.733080516e+03  3.6611486e-01  5.81832e-04  3.66115e-01
2.733041472e+03  3.6626803e-01  5.94881e-04  3.66268e-01
2.733002429e+03  3.6642963e-01  5.91225e-04  3.66430e-01
2.732963387e+03  3.6662254e-01  5.84755e-04  3.66623e-01
2.732924345e+03  3.6661664e-01  5.79896e-04  3.66617e-01
2.732885304e+03  3.6665549e-01  5.78616e-04  3.66655e-01
2.732846263e+03  3.6614436e-01  5.78497e-04  3.66144e-01
2.732807223e+03  3.6554153e-01  5.78865e-04  3.65542e-01
2.732768184e+03  3.6591324e-01  5.81847e-04  3.65913e-01
2.732729145e+03  3.6662125e-01  5.98910e-04  3.66621e-01
2.732690106e+03  3.6656040e-01  6.02874e-04  3.66560e-01
2.732651068e+03  3.3609671e-01  5.63948e-04  3.36097e-01
2.732612031e+03  3.6610863e-01  5.81992e-04  3.66109e-01
2.732572994e+03  3.6625081e-01  5.83594e-04  3.66251e-01
2.732533958e+03  3.6622992e-01  5.90903e-04  3.66230e-01
2.732494922e+03  3.6566390e-01  6.04716e-04  3.65664e-01
2.732455887e+03  3.6606884e-01  5.95513e-04  3.66069e-01
2.732416853e+03  3.6663666e-01  5.85503e-04  3.66637e-01
2.732377819e+03  3.6671508e-01  5.81689e-04  3.66715e-01
2.732338785e+03  3.6561240e-01  5.78670e-04  3.65612e-01
2.732299753e+03  3.5960484e-01  5.73824e-04  3.59605e-01
2.732260720e+03  3.5855689e-01  5.74161e-04  3.58557e-01
2.732221689e+03  3.6234790e-01  5.74993e-04  3.62348e-01
2.732182657e+03  3.6321715e-01  5.75072e-04  3.63217e-01
2.732143627e+03  3.6578818e-01  5.76672e-04  3.65788e-01
2.732104597e+03  3.6628921e-01  5.76922e-04  3.66289e-01
2.732065567e+03  3.6630605e-01  5.77060e-04  3.66306e-01
2.732026538e+03  3.6479613e-01  5.75839e-04  3.64796e-01
2.731987510e+03  3.3702679e-01  5.58084e-04  3.37027e-01
2.731948482e+03  3.6447262e-01  5.75857e-04  3.64473e-01
2.731909455e+03  3.6599822e-01  5.76880e-04  3.65998e-01
2.731870428e+03  3.6614084e-01  5.77237e-04  3.66141e-01
2.731831402e+03  3.6653382e-01  5.80084e-04  3.66534e-01
2.731792376e+03  3.6671167e-01  5.80916e-04  3.66712e-01
2.731753351e+03  3.6667261e-01  5.79254e-04  3.66673e-01
2.731714327e+03  3.6645441e-01  5.77436e-04  3.66454e-01
2.731675303e+03  3.6522504e-01  5.76642e-04  3.65225e-01
2.731636279e+03  3.6408795e-01  5.75879e-04  3.64088e-01
2.731597257e+03  3.6493276e-01  5.76615e-04  3.64933e-01
2.731558234e+03  3.6628746e-01  5.78539e-04  3.66287e-01
2.731519213e+03  3.6654017e-01  5.79534e-04  3.66540e-01
2.731480191e+03  3.6639304e-01  5.86497e-04  3.66393e-01
2.731441171e+03  3.6624336e-01  5.84296e-04  3.66243e-01
2.731402151e+03  3.6551808e-01  5.79069e-04  3.65518e-01
2.731363131e+03  3.6458237e-01  5.77717e-04  3.64582e-01
2.731324112e+03  3.4077123e-01  5.62612e-04  3.40771e-01
2.731285094e+03  3.6462840e-01  5.79358e-04  3.64628e-01
2.731246076e+03  3.6591965e-01  5.81711e-04  3.65920e-01
2.731207059e+03  3.6606028e-01  5.81188e-04  3.66060e-01
2.731168042e+03  3.6601709e-01  5.82466e-04  3.66017e-01
2.731129026e+03  3.6593344e-01  5.84810e-04  3.65933e-01
2.731090011e+03  3.4417570e-01  5.74456e-04  3.44176e-01
2.731050996e+03  3.6508323e-01  5.91391e-04  3.65083e-01
2.731011981e+03  3.6630584e-01  6.02820e-04  3.66306e-01
2.730972967e+03  3.6638627e-01  6.26738e-04  3.66386e-01
2.730933954e+03  3.6641848e-01  6.57874e-04  3.66418e-01
2.730894941e+03  3.6641094e-01  6.42226e-04  3.66411e-01
2.730855929e+03  3.6628671e-01  6.10513e-04  3.66287e-01
2.730816917e+03  3.6617889e-01  5.94657e-04  3.66179e-01
2.730777906e+03  3.6568935e-01  5.87061e-04  3.65689e-01
2.730738896e+03  3.6397202e-01  5.82317e-04  3.63972e-01
2.730699886e+03  3.6367531e-01  5.80608e-04  3.63675e-01
2.730660876e+03  3.4537959e-01  5.68938e-04  3.45380e-01
2.730621867e+03  3.6586067e-01  5.86090e-04  3.65861e-01
2.730582859e+03  3.6618174e-01  5.80789e-04  3.66182e-01
2.730543851e+03  3.6544548e-01  5.78664e-04  3.65445e-01
2.730504844e+03  3.6166262e-01  5.76544e-04  3.61663e-01
2.730465837e+03  3.6268443e-01  5.76525e-04  3.62684e-01
2.730426831e+03  3.6597297e-01  5.78180e-04  3.65973e-01
2.730387826e+03  3.6608401e-01  5.78293e-04  3.66084e-01
2.730348821e+03  3.6516663e-01  5.78384e-04  3.65167e-01
2.730309816e+03  3.6589788e-01  5.81871e-04  3.65898e-01
2.730270812e+03  3.6596629e-01  5.83560e-04  3.65966e-01
2.730231809e+03  3.6557951e-01  5.78939e-04  3.65580e-01
2.730192806e+03  3.6471377e-01  5.79134e-04  3.64714e-01
2.730153804e+03  3.6290268e-01  5.77801e-04  3.62903e-01
2.730114802e+03  3.6086596e-01  5.81023e-04  3.60866e-01
2.730075801e+03  3.5758005e-01  5.76812e-04  3.57580e-01
2.730036801e+03  3.6237113e-01  5.78821e-04  3.62371e-01
2.729997801e+03  3.4762458e-01  5.70823e-04  3.47625e-01
2.729958801e+03  3.6535092e-01  5.87199e-04  3.65351e-01
2.729919803e+03  3.6570056e-01  5.96676e-04  3.65701e-01
2.729880804e+03  3.6529451e-01  5.99088e-04  3.65295e-01
2.729841807e+03  3.5844948e-01  5.86289e-04  3.58449e-01
2.729802809e+03  3.6586262e-01  5.87498e-04  3.65863e-01
2.729763813e+03  3.6574098e-01  5.89934e-04  3.65741e-01
2.729724817e+03  3.6592868e-01  5.98554e-04  3.65929e-01
2.729685821e+03  3.6592619e-01  6.17746e-04  3.65926e-01
2.729646826e+03  3.6611116e-01  6.20701e-04  3.66111e-01
2.729607832e+03  3.6532449e-01  6.49044e-04  3.65324e-01
2.729568838e+03  3.6581785e-01  6.78978e-04  3.65818e-01
2.729529845e+03  3.6583964e-01  6.08703e-04  3.65840e-01
2.729490852e+03  3.6572666e-01  5.88105e-04  3.65727e-01
2.729451860e+03  3.6558259e-01  5.83705e-04  3.65583e-01
2.729412868e+03  3.6556829e-01  5.85324e-04  3.65568e-01
2.729373877e+03  3.6557809e-01  5.99069e-04  3.65578e-01
2.729334887e+03  3.5067889e-01  6.06104e-04  3.50679e-01
2.729295897e+03  3.6525192e-01  5.84787e-04  3.65252e-01
2.729256907e+03  3.6527102e-01  5.79962e-04  3.65271e-01
2.729217919e+03  3.6525624e-01  5.78514e-04  3.65256e-01
2.729178930e+03  3.6476123e-01  5.78179e-04  3.64761e-01
2.729139943e+03  3.6486596e-01  5.77401e-04  3.64866e-01
2.729100955e+03  3.6463810e-01  5.77008e-04  3.64638e-01
2.729061969e+03  3.6413153e-01  5.77052e-04  3.64132e-01
2.729022983e+03  3.6313379e-01  5.77862e-04  3.63134e-01
2.728983997e+03  3.6249553e-01  5.77768e-04  3.62496e-01
2.728945012e+03  3.6210470e-01  5.76137e-04  3.62105e-01
2.728906028e+03  3.6198559e-01  5.75079e-04  3.61986e-01
2.728867044e+03  3.6220798e-01  5.74885e-04  3.62208e-01
2.728828061e+03  3.6246870e-01  5.74715e-04  3.62469e-01
2.728789078e+03  3.6400962e-01  5.75857e-04  3.64010e-01
2.728750096e+03  3.6435121e-01  5.76756e-04  3.64351e-01
2.728711114e+03  3.6462491e-01  5.78223e-04  3.64625e-01
2.728672133e+03  3.5235178e-01  5.75105e-04  3.52352e-01
2.728633153e+03  3.6497645e-01  5.84169e-04  3.64976e-01
2.728594173e+03  3.6515242e-01  5.80769e-04  3.65152e-01
2.728555194e+03  3.6525661e-01  5.77776e-04  3.65257e-01
2.728516215e+03  3.6527586e-01  5.77741e-04  3.65276e-01
2.728477237e+03  3.6534814e-01  5.78450e-04  3.65348e-01
2.728438259e+03  3.6544475e-01  5.79351e-04  3.65445e-01
2.728399282e+03  3.6542796e-01  5.90742e-04  3.65428e-01
2.728360305e+03  3.6539113e-01  5.96566e-04  3.65391e-01
2.728321329e+03  3.6542187e-01  5.80484e-04  3.65422e-01
2.728282354e+03  3.6542583e-01  5.77981e-04  3.65426e-01
2.728243379e+03  3.6513627e-01  5.77683e-04  3.65136e-01
2.728204404e+03  3.6307903e-01  5.76592e-04  3.63079e-01
2.728165431e+03  3.6543969e-01  5.78179e-04  3.65440e-01
2.728126457e+03  3.6551775e-01  5.79590e-04  3.65518e-01
2.728087485e+03  3.6458371e-01  5.81962e-04  3.64584e-01
2.728048513e+03  3.6541722e-01  5.84727e-04  3.65417e-01
2.728009541e+03  3.5470523e-01  5.75163e-04  3.54705e-01
2.727970570e+03  3.6517628e-01  5.79509e-04  3.65176e-01
2.727931600e+03  3.6515926e-01  5.78718e-04  3.65159e-01
2.727892630e+03  3.6497548e-01  5.79161e-04  3.64975e-01
2.727853660e+03  3.6375652e-01  5.79145e-04  3.63757e-01
2.727814692e+03  3.6306682e-01  5.77125e-04  3.63067e-01
2.727775723e+03  3.6376646e-01  5.76771e-04  3.63766e-01
2.727736756e+03  3.6446306e-01  5.76910e-04  3.64463e-01
2.727697789e+03  3.6481920e-01  5.77418e-04  3.64819e-01
2.727658822e+03  3.6536659e-01  5.78876e-04  3.65367e-01
2.727619856e+03  3.6536845e-01  5.78242e-04  3.65368e-01
2.727580891e+03  3.6534937e-01  5.78555e-04  3.65349e-01
2.727541926e+03  3.6509467e-01  5.79864e-04  3.65095e-01
2.727502961e+03  3.6396306e-01  5.79169e-04  3.63963e-01
2.727463998e+03  3.6413608e-01  5.79000e-04  3.64136e-01
2.727425034e+03  3.6495491e-01  5.78870e-04  3.64955e-01
2.727386072e+03  3.6448602e-01  5.78747e-04  3.64486e-01
2.727347110e+03  3.5513320e-01  5.73390e-04  3.55133e-01
2.727308148e+03  3.6426732e-01  5.81579e-04  3.64267e-01
2.727269187e+03  3.6357631e-01  5.94015e-04  3.63576e-01
2.727230227e+03  3.6330860e-01  5.88682e-04  3.63309e-01
2.727191267e+03  3.6401818e-01  5.83267e-04  3.64018e-01
2.727152307e+03  3.6422787e-01  5.83802e-04  3.64228e-01
2.727113349e+03  3.6314752e-01  5.85513e-04  3.63148e-01
2.727074391e+03  3.6292563e-01  5.88542e-04  3.62926e-01
2.727035433e+03  3.6413993e-01  5.93851e-04  3.64140e-01
2.726996476e+03  3.6421621e-01  6.05973e-04  3.64216e-01
2.726957519e+03  3.6391828e-01  6.48670e-04  3.63918e-01
2.726918563e+03  3.6328506e-01  9.25747e-04  3.63285e-01
2.726879608e+03  3.6287722e-01  7.43589e-04  3.62877e-01
2.726840653e+03  3.6347191e-01  6.56710e-04  3.63472e-01
2.726801699e+03  3.6269527e-01  7.19831e-04  3.62695e-01
2.726762745e+03  3.6224128e-01  6.80293e-04  3.62241e-01
2.726723792e+03  3.5643142e-01  7.53237e-04  3.56431e-01
2.726684839e+03  3.6288356e-01  1.30083e-03  3.62884e-01
2.726645887e+03  3.5669057e-01  2.05109e-03  3.56691e-01
2.726606935e+03  3.4948353e-01  1.87665e-03  3.49484e-01
2.726567984e+03  3.5674540e-01  1.05655e-03  3.56745e-01
2.726529034e+03  3.6072036e-01  1.02560e-03  3.60720e-01
2.726490084e+03  3.6328052e-01  7.63918e-04  3.63281e-01
2.726451135e+03  3.6330062e-01  6.73602e-04  3.63301e-01
2.726412186e+03  3.6209543e-01  6.26700e-04  3.62095e-01
2.726373238e+03  3.6350178e-01  6.13768e-04  3.63502e-01
2.726334290e+03  3.3070772e-01  5.91031e-04  3.30708e-01
2.726295343e+03  3.5574755e-01  6.34083e-04  3.55748e-01
2.726256397e+03  3.6464821e-01  6.46401e-04  3.64648e-01
2.726217451e+03  3.6467841e-01  6.71161e-04  3.64678e-01
2.726178505e+03  3.6476232e-01  7.37261e-04  3.64762e-01
2.726139561e+03  3.6461017e-01  7.55033e-04  3.64610e-01
2.726100616e+03  3.6432814e-01  6.76586e-04  3.64328e-01
2.726061673e+03  3.5834574e-01  6.23347e-04  3.58346e-01
2.726022729e+03  3.6383047e-01  6.06796e-04  3.63830e-01
2.725983787e+03  3.6235283e-01  5.96738e-04  3.62353e-01
2.725944845e+03  3.6187289e-01  5.92694e-04  3.61873e-01
2.725905903e+03  3.6357060e-01  5.93865e-04  3.63571e-01
2.725866962e+03  3.6267464e-01  6.03251e-04  3.62675e-01
2.725828022e+03  3.4692621e-01  6.56114e-04  3.46926e-01
2.725789082e+03  3.6401198e-01  6.17733e-04  3.64012e-01
2.725750143e+03  3.6472082e-01  6.10950e-04  3.64721e-01
2.725711204e+03  3.6476528e-01  6.34694e-04  3.64765e-01
2.725672266e+03  3.6472633e-01  6.53421e-04  3.64726e-01
2.725633328e+03  3.6468888e-01  6.22032e-04  3.64689e-01
2.725594391e+03  3.6454829e-01  5.98985e-04  3.64548e-01
2.725555455e+03  3.6443297e-01  5.89938e-04  3.64433e-01
2.725516519e+03  3.6435206e-01  5.89267e-04  3.64352e-01
2.725477583e+03  3.6401109e-01  5.88779e-04  3.64011e-01
2.725438648e+03  3.5889253e-01  5.96510e-04  3.58893e-01
2.725399714e+03  3.6279539e-01  5.94635e-04  3.62795e-01
2.725360780e+03  3.6426787e-01  5.84271e-04  3.64268e-01
2.725321847e+03  3.6441393e-01  5.83537e-04  3.64414e-01
2.725282915e+03  3.6436092e-01  5.83052e-04  3.64361e-01
2.725243983e+03  3.6422884e-01  5.79239e-04  3.64229e-01
2.725205051e+03  3.6409462e-01  5.78281e-04  3.64095e-01
2.725166120e+03  3.6375114e-01  5.77349e-04  3.63751e-01
2.725127190e+03  3.6344721e-01  5.77298e-04  3.63447e-01
2.725088260e+03  3.6158768e-01  5.77972e-04  3.61588e-01
2.725049331e+03  3.6325816e-01  5.82856e-04  3.63258e-01
2.725010402e+03  3.6325540e-01  5.77858e-04  3.63255e-01
2.724971474e+03  3.6231617e-01  5.76551e-04  3.62316e-01
2.724932546e+03  3.6274542e-01  5.77188e-04  3.62745e-01
2.724893619e+03  3.6361944e-01  5.78817e-04  3.63619e-01
2.724854693e+03  3.6373479e-01  5.82419e-04  3.63735e-01
2.724815767e+03  3.6387134e-01  5.98071e-04  3.63871e-01
2.724776841e+03  3.6024988e-01  5.86859e-04  3.60250e-01
2.724737916e+03  3.6413529e-01  5.82285e-04  3.64135e-01
2.724698992e+03  3.6419369e-01  5.79888e-04  3.64194e-01
2.724660068e+03  3.6414023e-01  5.78771e-04  3.64140e-01
2.724621145e+03  3.6385171e-01  5.78424e-04  3.63852e-01
2.724582223e+03  3.6410038e-01  5.78919e-04  3.64100e-01
2.724543301e+03  3.6373885e-01  5.79370e-04  3.63739e-01
2.724504379e+03  3.6370016e-01  5.81866e-04  3.63700e-01
2.724465458e+03  3.6376621e-01  5.89813e-04  3.63766e-01
2.724426538e+03  3.6367691e-01  6.33283e-04  3.63677e-01
2.724387618e+03  3.6329845e-01  6.04610e-04  3.63298e-01
2.724348699e+03  3.6003797e-01  5.85946e-04  3.60038e-01
2.724309780e+03  3.6318452e-01  5.82265e-04  3.63185e-01
2.724270862e+03  3.6287213e-01  5.82360e-04  3.62872e-01
2.724231944e+03  3.6234968e-01  5.85732e-04  3.62350e-01
2.724193027e+03  3.6169448e-01  5.89673e-04  3.61694e-01
2.724154111e+03  3.5736995e-01  5.81209e-04  3.57370e-01
2.724115195e+03  3.5793231e-01  5.79130e-04  3.57932e-01
2.724076279e+03  3.5280036e-01  5.75888e-04  3.52800e-01
2.724037365e+03  3.4186341e-01  5.70038e-04  3.41863e-01
2.723998450e+03  3.3190476e-01  5.65491e-04  3.31905e-01
2.723959537e+03  3.3497276e-01  5.71996e-04  3.34973e-01
2.723920623e+03  3.2778074e-01  5.72397e-04  3.27781e-01
2.723881711e+03  3.5608032e-01  6.04245e-04  3.56080e-01
2.723842799e+03  3.5114756e-01  6.30200e-04  3.51148e-01
2.723803887e+03  3.5891877e-01  6.97228e-04  3.58919e-01
2.723764976e+03  3.6126907e-01  7.20042e-04  3.61269e-01
2.723726066e+03  3.6210488e-01  6.71247e-04  3.62105e-01
2.723687156e+03  3.6249070e-01  6.45891e-04  3.62491e-01
2.723648247e+03  3.6266643e-01  6.26293e-04  3.62666e-01
2.723609338e+03  3.6049363e-01  6.07672e-04  3.60494e-01
2.723570430e+03  3.6137519e-01  6.01840e-04  3.61375e-01
2.723531522e+03  3.5988116e-01  6.01109e-04  3.59881e-01
2.723492615e+03  3.0800414e-01  5.72759e-04  3.08004e-01
2.723453709e+03  3.6149284e-01  6.23743e-04  3.61493e-01
2.723414803e+03  3.6154344e-01  6.59648e-04  3.61543e-01
2.723375898e+03  3.6149008e-01  7.45028e-04  3.61490e-01
2.723336993e+03  3.6164755e-01  8.56924e-04  3.61648e-01
2.723298089e+03  3.6181917e-01  7.77214e-04  3.61819e-01
2.723259185e+03  3.6188436e-01  6.74194e-04  3.61884e-01
2.723220282e+03  3.6188972e-01  6.28433e-04  3.61890e-01
2.723181379e+03  3.6197526e-01  6.08285e-04  3.61975e-01
2.723142477e+03  3.6220038e-01  5.98351e-04  3.62200e-01
2.723103576e+03  3.6265182e-01  5.93488e-04  3.62652e-01
2.723064675e+03  3.6250334e-01  5.91055e-04  3.62503e-01
2.723025774e+03  3.6328815e-01  5.92116e-04  3.63288e-01
2.722986875e+03  3.6334862e-01  5.91244e-04  3.63349e-01
2.722947975e+03  3.6305072e-01  5.92520e-04  3.63051e-01
2.722909077e+03  3.6304107e-01  5.96576e-04  3.63041e-01
2.722870178e+03  3.6117903e-01  5.98174e-04  3.61179e-01
2.722831281e+03  3.1102248e-01  5.68832e-04  3.11022e-01
2.722792384e+03  3.6226222e-01  6.15638e-04  3.62262e-01
2.722753487e+03  3.6356017e-01  6.45078e-04  3.63560e-01
2.722714591e+03  3.6359484e-01  7.13369e-04  3.63595e-01
2.722675696e+03  3.6356574e-01  8.45331e-04  3.63566e-01
2.722636801e+03  3.6363193e-01  8.27949e-04  3.63632e-01
2.722597907e+03  3.6368456e-01  7.00960e-04  3.63685e-01
2.722559013e+03  3.6367707e-01  6.42327e-04  3.63677e-01
2.722520120e+03  3.6343111e-01  6.14111e-04  3.63431e-01
2.722481228e+03  3.6343825e-01  6.01961e-04  3.63438e-01
2.722442336e+03  3.6342335e-01  5.98450e-04  3.63423e-01
2.722403444e+03  3.6341769e-01  5.92683e-04  3.63418e-01
2.722364553e+03  3.6331798e-01  5.90247e-04  3.63318e-01
2.722325663e+03  3.6297282e-01  5.89033e-04  3.62973e-01
2.722286773e+03  3.6259109e-01  5.88688e-04  3.62591e-01
2.722247884e+03  3.6103287e-01  5.89393e-04  3.61033e-01
2.722208995e+03  3.6281656e-01  5.95185e-04  3.62817e-01
2.722170107e+03  3.6316618e-01  5.94856e-04  3.63166e-01
2.722131219e+03  3.6319287e-01  6.00204e-04  3.63193e-01
2.722092332e+03  3.2307087e-01  5.81662e-04  3.23071e-01
2.722053446e+03  3.3799320e-01  6.06843e-04  3.37993e-01
2.722014560e+03  3.5061366e-01  6.50711e-04  3.50614e-01
2.721975674e+03  3.6343427e-01  7.53296e-04  3.63434e-01
2.721936790e+03  3.6344415e-01  9.69873e-04  3.63444e-01
2.721897905e+03  3.6345854e-01  1.04705e-03  3.63459e-01
2.721859022e+03  3.5881435e-01  9.30366e-04  3.58814e-01
2.721820139e+03  3.6312511e-01  7.40812e-04  3.63125e-01
2.721781256e+03  3.6332892e-01  6.61190e-04  3.63329e-01
2.721742374e+03  3.6340800e-01  6.33741e-04  3.63408e-01
2.721703492e+03  3.6339246e-01  6.25960e-04  3.63392e-01
2.721664612e+03  3.6344667e-01  6.11265e-04  3.63447e-01
2.721625731e+03  3.6230539e-01  5.97886e-04  3.62305e-01
2.721586851e+03  3.6350489e-01  5.92900e-04  3.63505e-01
2.721547972e+03  3.6344836e-01  5.89352e-04  3.63448e-01
2.721509093e+03  3.6332468e-01  5.92783e-04  3.63325e-01
2.721470215e+03  3.6331828e-01  5.89307e-04  3.63318e-01
2.721431338e+03  3.6306943e-01  5.85044e-04  3.63069e-01
2.721392461e+03  3.6302091e-01  5.85925e-04  3.63021e-01
2.721353584e+03  3.6010295e-01  5.83287e-04  3.60103e-01
2.721314708e+03  3.6319911e-01  5.85825e-04  3.63199e-01
2.721275833e+03  3.6332005e-01  5.91835e-04  3.63320e-01
2.721236958e+03  3.6330627e-01  6.03357e-04  3.63306e-01
2.721198084e+03  3.6334908e-01  5.91452e-04  3.63349e-01
2.721159210e+03  3.6333022e-01  5.92110e-04  3.63330e-01
2.721120337e+03  3.6312645e-01  5.94648e-04  3.63126e-01
2.721081464e+03  3.4227623e-01  5.85652e-04  3.42276e-01
2.721042592e+03  3.6240423e-01  6.08563e-04  3.62404e-01
2.721003721e+03  3.2185213e-01  6.00935e-04  3.21852e-01
2.720964850e+03  3.6085820e-01  6.72970e-04  3.60858e-01
2.720925979e+03  3.6243207e-01  7.49859e-04  3.62432e-01
2.720887110e+03  3.6292986e-01  7.74221e-04  3.62930e-01
2.720848240e+03  3.6313277e-01  7.96219e-04  3.63133e-01
2.720809372e+03  3.6311902e-01  7.98078e-04  3.63119e-01
2.720770504e+03  3.6304717e-01  7.27976e-04  3.63047e-01
2.720731636e+03  3.5444345e-01  6.48577e-04  3.54443e-01
2.720692769e+03  3.5052928e-01  6.27409e-04  3.50529e-01
2.720653902e+03  3.3401798e-01  6.18388e-04  3.34018e-01
2.720615037e+03  3.5936976e-01  6.61920e-04  3.59370e-01
2.720576171e+03  3.6288446e-01  7.34420e-04  3.62884e-01
2.720537306e+03  3.6295970e-01  7.94728e-04  3.62960e-01
2.720498442e+03  3.6170262e-01  7.93386e-04  3.61703e-01
2.720459578e+03  3.6258922e-01  7.30756e-04  3.62589e-01
2.720420715e+03  3.6290578e-01  6.62136e-04  3.62906e-01
2.720381853e+03  3.6212488e-01  6.31784e-04  3.62125e-01
2.720342991e+03  3.6274959e-01  6.26110e-04  3.62750e-01
2.720304129e+03  3.3310161e-01  6.03272e-04  3.33102e-01
2.720265268e+03  3.5942443e-01  6.18258e-04  3.59424e-01
2.720226408e+03  3.6203372e-01  6.34063e-04  3.62034e-01
2.720187548e+03  3.6210843e-01  6.88763e-04  3.62108e-01
2.720148689e+03  3.5197206e-01  8.50369e-04  3.51972e-01
2.720109830e+03  3.6220793e-01  9.11249e-04  3.62208e-01
2.720070972e+03  3.6207059e-01  7.20779e-04  3.62071e-01
2.720032114e+03  3.6101458e-01  6.63141e-04  3.61015e-01
2.719993257e+03  3.6206394e-01  6.71890e-04  3.62064e-01
2.719954401e+03  3.6182556e-01  6.53088e-04  3.61826e-01
2.719915545e+03  3.6122258e-01  6.19194e-04  3.61223e-01
2.719876689e+03  3.5737342e-01  6.00911e-04  3.57373e-01
2.719837835e+03  3.5987476e-01  5.92123e-04  3.59875e-01
2.719798980e+03  3.5458773e-01  5.83187e-04  3.54588e-01
2.719760127e+03  3.5523788e-01  5.81349e-04  3.55238e-01
2.719721273e+03  3.5149603e-01  5.80063e-04  3.51496e-01
2.719682421e+03  3.3885700e-01  5.75435e-04  3.38857e-01
2.719643569e+03  3.2170731e-01  5.75360e-04  3.21707e-01
2.719604717e+03  3.2755816e-01  5.78286e-04  3.27558e-01
2.719565866e+03  3.4328573e-01  5.76565e-04  3.43286e-01
2.719527016e+03  3.5026470e-01  5.75269e-04  3.50265e-01
2.719488166e+03  3.5123215e-01  5.75142e-04  3.51232e-01
2.719449317e+03  3.5497714e-01  5.77375e-04  3.54977e-01
2.719410468e+03  3.5860992e-01  5.76058e-04  3.58610e-01
2.719371620e+03  3.5999314e-01  5.75934e-04  3.59993e-01
2.719332772e+03  3.6062534e-01  5.75981e-04  3.60625e-01
2.719293925e+03  3.6071708e-01  5.75889e-04  3.60717e-01
2.719255079e+03  3.6014457e-01  5.75696e-04  3.60145e-01
2.719216233e+03  3.6138317e-01  5.77352e-04  3.61383e-01
2.719177387e+03  3.6116219e-01  5.78357e-04  3.61162e-01
2.719138543e+03  3.5923244e-01  5.80523e-04  3.59232e-01
2.719099698e+03  3.5931122e-01  5.82795e-04  3.59311e-01
2.719060855e+03  3.6140136e-01  5.81170e-04  3.61401e-01
2.719022011e+03  3.6136775e-01  5.79040e-04  3.61368e-01
2.718983169e+03  3.6108442e-01  5.78386e-04  3.61084e-01
2.718944327e+03  3.5909181e-01  5.77466e-04  3.59092e-01
2.718905485e+03  3.5997064e-01  5.79448e-04  3.59971e-01
2.718866644e+03  3.6013257e-01  5.82497e-04  3.60133e-01
2.718827804e+03  3.5114456e-01  5.82750e-04  3.51145e-01
2.718788964e+03  3.5249154e-01  5.94367e-04  3.52492e-01
2.718750125e+03  3.6040019e-01  6.13132e-04  3.60400e-01
2.718711286e+03  3.5003363e-01  6.38381e-04  3.50034e-01
2.718672448e+03  3.5944360e-01  7.23703e-04  3.59444e-01
2.718633610e+03  3.5894087e-01  7.17854e-04  3.58941e-01
2.718594773e+03  3.5774501e-01  6.60651e-04  3.57745e-01
2.718555937e+03  3.5689121e-01  6.59909e-04  3.56891e-01
2.718517101e+03  3.5458496e-01  6.34928e-04  3.54585e-01
2.718478265e+03  3.5152273e-01  6.02932e-04  3.51523e-01
2.718439430e+03  3.4519517e-01  5.83537e-04  3.45195e-01
2.718400596e+03  3.3182480e-01  5.67271e-04  3.31825e-01
2.718361762e+03  3.0759690e-01  5.46123e-04  3.07597e-01
2.718322929e+03  2.9923728e-01  5.38106e-04  2.99237e-01
2.718284097e+03  3.1378100e-01  5.46675e-04  3.13781e-01
2.718245264e+03  3.3224033e-01  5.58824e-04  3.32240e-01
2.718206433e+03  3.4259286e-01  5.67445e-04  3.42593e-01
2.718167602e+03  3.4831181e-01  5.70604e-04  3.48312e-01
2.718128772e+03  3.5221014e-01  5.77488e-04  3.52210e-01
2.718089942e+03  3.5448443e-01  5.78229e-04  3.54484e-01
2.718051112e+03  3.5586295e-01  5.90564e-04  3.55863e-01
2.718012284e+03  3.5699444e-01  5.82639e-04  3.56994e-01
2.717973455e+03  3.5778736e-01  5.79215e-04  3.57787e-01
2.717934628e+03  3.5855323e-01  5.80049e-04  3.58553e-01
2.717895801e+03  3.4846136e-01  5.72943e-04  3.48461e-01
2.717856974e+03  3.5979740e-01  5.83824e-04  3.59797e-01
2.717818148e+03  3.6010499e-01  5.94705e-04  3.60105e-01
2.717779323e+03  3.6030146e-01  6.33905e-04  3.60301e-01
2.717740498e+03  3.5986965e-01  7.29286e-04  3.59870e-01
2.717701674e+03  3.5853442e-01  6.41493e-04  3.58534e-01
2.717662850e+03  3.5931749e-01  5.96100e-04  3.59317e-01
2.717624027e+03  3.5422753e-01  5.80717e-04  3.54228e-01
2.717585204e+03  3.5932741e-01  5.80792e-04  3.59327e-01
2.717546382e+03  3.5894361e-01  5.78572e-04  3.58944e-01
2.717507560e+03  3.6065339e-01  5.80617e-04  3.60653e-01
2.717468739e+03  3.6121232e-01  5.85459e-04  3.61212e-01
2.717429919e+03  3.6124453e-01  5.92642e-04  3.61245e-01
2.717391099e+03  3.6106740e-01  5.84024e-04  3.61067e-01
2.717352280e+03  3.6050593e-01  5.84777e-04  3.60506e-01
2.717313461e+03  3.6049369e-01  6.16237e-04  3.60494e-01
2.717274643e+03  3.6040986e-01  6.12084e-04  3.60410e-01
2.717235825e+03  3.6107714e-01  6.08569e-04  3.61077e-01
2.717197008e+03  3.6114248e-01  6.29795e-04  3.61142e-01
2.717158192e+03  3.6037249e-01  5.90566e-04  3.60372e-01
2.717119376e+03  3.5910662e-01  5.82998e-04  3.59107e-01
2.717080560e+03  3.5639791e-01  5.77855e-04  3.56398e-01
2.717041745e+03  3.6063698e-01  5.80818e-04  3.60637e-01
2.717002931e+03  3.5899773e-01  5.82088e-04  3.58998e-01
2.716964117e+03  3.5568125e-01  5.87943e-04  3.55681e-01
2.716925304e+03  3.6104807e-01  6.09461e-04  3.61048e-01
2.716886491e+03  3.5602003e-01  6.09746e-04  3.56020e-01
2.716847679e+03  3.5992357e-01  6.07897e-04  3.59924e-01
2.716808868e+03  3.5918822e-01  6.17496e-04  3.59188e-01
2.716770057e+03  3.6056899e-01  6.02150e-04  3.60569e-01
2.716731246e+03  3.6095512e-01  5.86524e-04  3.60955e-01
2.716692436e+03  3.6100056e-01  5.81032e-04  3.61001e-01
2.716653627e+03  3.6120584e-01  5.78354e-04  3.61206e-01
2.716614818e+03  3.6122823e-01  5.77267e-04  3.61228e-01
2.716576010e+03  3.6104642e-01  5.76853e-04  3.61046e-01
2.716537202e+03  3.6104789e-01  5.77315e-04  3.61048e-01
2.716498395e+03  3.6099994e-01  5.78092e-04  3.61000e-01
2.716459589e+03  3.6075751e-01  5.78960e-04  3.60758e-01
2.716420783e+03  3.4582790e-01  5.71600e-04  3.45828e-01
2.716381977e+03  3.6060222e-01  5.86854e-04  3.60602e-01
2.716343172e+03  3.6053961e-01  5.96173e-04  3.60540e-01
2.716304368e+03  3.6045905e-01  6.21066e-04  3.60459e-01
2.716265564e+03  3.6030703e-01  6.50009e-04  3.60307e-01
2.716226761e+03  3.6006557e-01  6.25065e-04  3.60066e-01
2.716187958e+03  3.5980956e-01  5.98721e-04  3.59810e-01
2.716149156e+03  3.5286661e-01  5.83999e-04  3.52867e-01
2.716110354e+03  3.5169565e-01  5.80337e-04  3.51696e-01
2.716071553e+03  3.5845369e-01  5.85403e-04  3.58454e-01
2.716032753e+03  3.5775141e-01  5.91904e-04  3.57751e-01
2.715993953e+03  3.5722830e-01  6.16867e-04  3.57228e-01
2.715955154e+03  3.5593524e-01  6.61931e-04  3.55935e-01
2.715916355e+03  3.5423288e-01  6.21020e-04  3.54233e-01
2.715877557e+03  3.5187136e-01  5.88695e-04  3.51871e-01
2.715838759e+03  3.4889882e-01  5.78639e-04  3.48899e-01
2.715799962e+03  3.4419904e-01  5.71209e-04  3.44199e-01
2.715761165e+03  3.3608148e-01  5.62744e-04  3.36081e-01
2.715722369e+03  3.2017919e-01  5.50394e-04  3.20179e-01
2.715683574e+03  2.9857268e-01  5.35286e-04  2.98573e-01
2.715644779e+03  2.9302761e-01  5.32011e-04  2.93028e-01
2.715605984e+03  3.1127095e-01  5.45276e-04  3.11271e-01
2.715567191e+03  3.2422565e-01  5.56728e-04  3.24226e-01
2.715528397e+03  3.3819039e-01  5.65645e-04  3.38190e-01
2.715489605e+03  3.4440698e-01  5.72831e-04  3.44407e-01
2.715450812e+03  3.4886946e-01  5.84145e-04  3.48869e-01
2.715412021e+03  3.4691615e-01  5.97445e-04  3.46916e-01
2.715373230e+03  3.5353475e-01  5.96900e-04  3.53535e-01
2.715334439e+03  3.5537916e-01  5.85619e-04  3.55379e-01
2.715295649e+03  3.5620218e-01  5.78406e-04  3.56202e-01
2.715256860e+03  3.5676339e-01  5.77076e-04  3.56763e-01
2.715218071e+03  3.5614843e-01  5.77729e-04  3.56148e-01
2.715179283e+03  3.5830282e-01  5.80288e-04  3.58303e-01
2.715140495e+03  3.4704886e-01  5.76652e-04  3.47049e-01
2.715101708e+03  3.4962987e-01  5.89875e-04  3.49630e-01
2.715062921e+03  3.5912480e-01  6.11768e-04  3.59125e-01
2.715024135e+03  3.5809287e-01  6.17794e-04  3.58093e-01
2.714985350e+03  3.5877278e-01  6.45360e-04  3.58773e-01
2.714946565e+03  3.5975456e-01  6.57170e-04  3.59755e-01
2.714907780e+03  3.5955005e-01  6.26992e-04  3.59550e-01
2.714868997e+03  3.5930140e-01  6.27992e-04  3.59301e-01
2.714830213e+03  3.5902271e-01  6.42412e-04  3.59023e-01
2.714791431e+03  3.5729107e-01  6.15189e-04  3.57291e-01
2.714752648e+03  3.5324667e-01  6.75404e-04  3.53247e-01
2.714713867e+03  3.5367857e-01  6.03371e-04  3.53679e-01
2.714675086e+03  3.5143476e-01  5.79348e-04  3.51435e-01
2.714636305e+03  3.5975377e-01  5.80142e-04  3.59754e-01
2.714597525e+03  3.6004581e-01  5.80959e-04  3.60046e-01
2.714558746e+03  3.6053130e-01  5.87212e-04  3.60531e-01
2.714519967e+03  3.6065969e-01  5.93822e-04  3.60660e-01
2.714481189e+03  3.6075654e-01  5.84625e-04  3.60757e-01
2.714442411e+03  3.6068663e-01  5.87826e-04  3.60687e-01
2.714403634e+03  3.6004582e-01  5.83967e-04  3.60046e-01
2.714364857e+03  3.6019933e-01  5.78358e-04  3.60199e-01
2.714326081e+03  3.6049679e-01  5.79348e-04  3.60497e-01
2.714287305e+03  3.6073636e-01  5.76144e-04  3.60736e-01
2.714248530e+03  3.6060676e-01  5.79380e-04  3.60607e-01
2.714209756e+03  3.6059434e-01  5.92432e-04  3.60594e-01
2.714170982e+03  3.6062332e-01  5.79314e-04  3.60623e-01
2.714132209e+03  3.6064222e-01  5.75452e-04  3.60642e-01
2.714093436e+03  3.6049500e-01  5.73906e-04  3.60495e-01
2.714054664e+03  3.5925668e-01  5.72870e-04  3.59257e-01
2.714015892e+03  3.5675115e-01  5.71948e-04  3.56751e-01
2.713977121e+03  3.5920780e-01  5.74455e-04  3.59208e-01
2.713938351e+03  3.5755914e-01  5.76649e-04  3.57559e-01
2.713899581e+03  3.5707573e-01  5.88833e-04  3.57076e-01
2.713860811e+03  3.5996021e-01  6.04808e-04  3.59960e-01
2.713822042e+03  3.5998121e-01  5.86022e-04  3.59981e-01
2.713783274e+03  3.5878607e-01  5.76241e-04  3.58786e-01
2.713744506e+03  3.5916548e-01  5.74341e-04  3.59165e-01
2.713705739e+03  3.6041175e-01  5.76625e-04  3.60412e-01
2.713666972e+03  3.6070827e-01  5.89029e-04  3.60708e-01
2.713628206e+03  3.6079110e-01  5.79275e-04  3.60791e-01
2.713589441e+03  3.6086216e-01  5.74544e-04  3.60862e-01
2.713550676e+03  3.6079802e-01  5.73275e-04  3.60798e-01
2.713511911e+03  3.6079494e-01  5.72590e-04  3.60795e-01
2.713473147e+03  3.6082578e-01  5.72576e-04  3.60826e-01
2.713434384e+03  3.6083537e-01  5.72424e-04  3.60835e-01
2.713395621e+03  3.6061992e-01  5.72680e-04  3.60620e-01
2.713356859e+03  3.6016584e-01  5.72461e-04  3.60166e-01
2.713318097e+03  3.6082485e-01  5.73165e-04  3.60825e-01
2.713279336e+03  3.6083448e-01  5.74799e-04  3.60834e-01
2.713240575e+03  3.6079740e-01  5.77842e-04  3.60797e-01
2.713201815e+03  3.6060048e-01  5.80679e-04  3.60600e-01
2.713163056e+03  3.5517611e-01  5.73177e-04  3.55176e-01
2.713124297e+03  3.6049033e-01  5.73855e-04  3.60490e-01
2.713085539e+03  3.6006207e-01  5.73172e-04  3.60062e-01
2.713046781e+03  3.5989363e-01  5.73704e-04  3.59894e-01
2.713008024e+03  3.5902634e-01  5.72393e-04  3.59026e-01
2.712969267e+03  3.5958841e-01  5.73305e-04  3.59588e-01
2.712930511e+03  3.6001482e-01  5.76081e-04  3.60015e-01
2.712891755e+03  3.5910356e-01  5.72887e-04  3.59104e-01
2.712853000e+03  3.6001445e-01  5.73365e-04  3.60014e-01
2.712814246e+03  3.6013360e-01  5.75299e-04  3.60134e-01
2.712775492e+03  3.6023361e-01  5.81146e-04  3.60234e-01
2.712736738e+03  3.6030235e-01  5.95509e-04  3.60302e-01
2.712697985e+03  3.6036043e-01  5.83252e-04  3.60360e-01
2.712659233e+03  3.6032081e-01  5.76496e-04  3.60321e-01
2.712620481e+03  3.6025567e-01  5.74601e-04  3.60256e-01
2.712581730e+03  3.6012874e-01  5.74057e-04  3.60129e-01
2.712542980e+03  3.6002410e-01  5.74389e-04  3.60024e-01
2.712504230e+03  3.5987835e-01  5.74907e-04  3.59878e-01
2.712465480e+03  3.5957875e-01  5.75665e-04  3.59579e-01
2.712426731e+03  3.5382191e-01  5.73183e-04  3.53822e-01
2.712387983e+03  3.5932975e-01  5.80667e-04  3.59330e-01
2.712349235e+03  3.5956091e-01  5.85445e-04  3.59561e-01
2.712310488e+03  3.5938426e-01  5.96519e-04  3.59384e-01
2.712271741e+03  3.5983253e-01  6.44686e-04  3.59833e-01
2.712232995e+03  3.5991016e-01  6.17632e-04  3.59910e-01
2.712194249e+03  3.6007005e-01  6.42277e-04  3.60070e-01
2.712155504e+03  3.6017888e-01  9.04455e-04  3.60179e-01
2.712116759e+03  3.6019233e-01  1.01713e-03  3.60192e-01
2.712078015e+03  3.6012749e-01  8.96219e-04  3.60127e-01
2.712039272e+03  3.6008239e-01  9.25478e-04  3.60082e-01
2.712000529e+03  3.6002355e-01  7.47657e-04  3.60024e-01
2.711961787e+03  3.5969976e-01  6.28947e-04  3.59700e-01
2.711923045e+03  3.5963519e-01  6.13329e-04  3.59635e-01
2.711884304e+03  3.5983376e-01  5.97077e-04  3.59834e-01
2.711845563e+03  3.5970787e-01  5.99283e-04  3.59708e-01
2.711806823e+03  3.5991371e-01  6.28851e-04  3.59914e-01
2.711768084e+03  3.5956614e-01  8.08115e-04  3.59566e-01
2.711729345e+03  3.6003907e-01  6.69108e-04  3.60039e-01
2.711690606e+03  3.5407933e-01  6.06609e-04  3.54079e-01
2.711651868e+03  3.5953230e-01  5.99107e-04  3.59532e-01
2.711613131e+03  3.5953466e-01  6.03214e-04  3.59535e-01
2.711574394e+03  3.5974641e-01  6.14508e-04  3.59746e-01
2.711535658e+03  3.6001481e-01  6.09473e-04  3.60015e-01
2.711496922e+03  3.6013317e-01  6.12134e-04  3.60133e-01
2.711458187e+03  3.6006042e-01  6.13796e-04  3.60060e-01
2.711419453e+03  3.6007394e-01  6.24821e-04  3.60074e-01
2.711380719e+03  3.6005812e-01  6.67648e-04  3.60058e-01
2.711341985e+03  3.5989859e-01  8.95366e-04  3.59899e-01
2.711303252e+03  3.6007250e-01  8.59148e-04  3.60073e-01
2.711264520e+03  3.6006220e-01  8.61251e-04  3.60062e-01
2.711225788e+03  3.6015584e-01  7.00744e-04  3.60156e-01
2.711187057e+03  3.5991773e-01  6.10085e-04  3.59918e-01
2.711148326e+03  3.6006537e-01  5.91074e-04  3.60065e-01
2.711109596e+03  3.5550299e-01  5.82056e-04  3.55503e-01
2.711070866e+03  3.5999907e-01  5.84068e-04  3.59999e-01
2.711032137e+03  3.5998874e-01  5.88077e-04  3.59989e-01
2.710993409e+03  3.5997088e-01  6.02166e-04  3.59971e-01
2.710954681e+03  3.5454354e-01  6.43516e-04  3.54544e-01
2.710915954e+03  3.5995120e-01  6.01911e-04  3.59951e-01
2.710877227e+03  3.5983906e-01  5.84074e-04  3.59839e-01
2.710838501e+03  3.5989172e-01  5.78657e-04  3.59892e-01
2.710799775e+03  3.5958963e-01  5.75588e-04  3.59590e-01
2.710761050e+03  3.5985224e-01  5.74477e-04  3.59852e-01
2.710722325e+03  3.5983082e-01  5.73907e-04  3.59831e-01
2.710683601e+03  3.5985880e-01  5.73998e-04  3.59859e-01
2.710644878e+03  3.5807288e-01  5.72737e-04  3.58073e-01
2.710606155e+03  3.5981451e-01  5.74339e-04  3.59815e-01
2.710567432e+03  3.5983065e-01  5.75776e-04  3.59831e-01
2.710528710e+03  3.5816519e-01  5.78631e-04  3.58165e-01
2.710489989e+03  3.5931072e-01  5.85127e-04  3.59311e-01
2.710451268e+03  3.5957885e-01  5.83910e-04  3.59579e-01
2.710412548e+03  3.5943381e-01  5.81272e-04  3.59434e-01
2.710373829e+03  3.5935016e-01  5.83562e-04  3.59350e-01
2.710335109e+03  3.5905400e-01  5.86507e-04  3.59054e-01
2.710296391e+03  3.5904521e-01  5.79791e-04  3.59045e-01
2.710257673e+03  3.5952670e-01  5.75034e-04  3.59527e-01
2.710218956e+03  3.5439873e-01  5.69832e-04  3.54399e-01
2.710180239e+03  3.5870209e-01  5.71993e-04  3.58702e-01
2.710141522e+03  3.5976480e-01  5.73081e-04  3.59765e-01
2.710102807e+03  3.5974520e-01  5.73624e-04  3.59745e-01
2.710064091e+03  3.5977151e-01  5.76445e-04  3.59772e-01
2.710025377e+03  3.5947940e-01  5.78083e-04  3.59479e-01
2.709986663e+03  3.5975403e-01  5.75324e-04  3.59754e-01
2.709947949e+03  3.5978696e-01  5.73973e-04  3.59787e-01
2.709909236e+03  3.5978443e-01  5.76791e-04  3.59784e-01
2.709870524e+03  3.5973041e-01  5.73394e-04  3.59730e-01
2.709831812e+03  3.5962258e-01  5.72040e-04  3.59623e-01
2.709793100e+03  3.5961550e-01  5.71481e-04  3.59615e-01
2.709754390e+03  3.5947068e-01  5.71453e-04  3.59471e-01
2.709715679e+03  3.5940789e-01  5.72046e-04  3.59408e-01
2.709676970e+03  3.5944019e-01  5.71590e-04  3.59440e-01
2.709638261e+03  3.5950317e-01  5.71785e-04  3.59503e-01
2.709599552e+03  3.5948987e-01  5.72303e-04  3.59490e-01
2.709560844e+03  3.5931439e-01  5.73019e-04  3.59314e-01
2.709522137e+03  3.5825197e-01  5.74544e-04  3.58252e-01
2.709483430e+03  3.4700075e-01  5.68643e-04  3.47001e-01
2.709444723e+03  3.5866068e-01  5.80492e-04  3.58661e-01
2.709406018e+03  3.5915773e-01  5.95166e-04  3.59158e-01
2.709367312e+03  3.5931196e-01  6.00867e-04  3.59312e-01
2.709328608e+03  3.5930718e-01  6.05361e-04  3.59307e-01
2.709289904e+03  3.5896167e-01  5.91852e-04  3.58962e-01
2.709251200e+03  3.5923239e-01  5.82426e-04  3.59232e-01
2.709212497e+03  3.5936198e-01  5.78192e-04  3.59362e-01
2.709173794e+03  3.5925217e-01  5.77591e-04  3.59252e-01
2.709135092e+03  3.5927652e-01  5.80701e-04  3.59277e-01
2.709096391e+03  3.5921749e-01  5.93672e-04  3.59217e-01
2.709057690e+03  3.5905570e-01  6.59615e-04  3.59056e-01
2.709018990e+03  3.5911395e-01  6.18845e-04  3.59114e-01
2.708980290e+03  3.5897979e-01  5.82855e-04  3.58980e-01
2.708941591e+03  3.5871814e-01  5.77365e-04  3.58718e-01
2.708902893e+03  3.5884206e-01  5.76664e-04  3.58842e-01
2.708864194e+03  3.5888167e-01  5.77590e-04  3.58882e-01
2.708825497e+03  3.5899352e-01  5.83321e-04  3.58994e-01
2.708786800e+03  3.5897790e-01  5.78870e-04  3.58978e-01
2.708748104e+03  3.5400883e-01  5.82463e-04  3.54009e-01
2.708709408e+03  3.5789040e-01  5.92096e-04  3.57890e-01
2.708670712e+03  3.5778498e-01  5.77262e-04  3.57785e-01
2.708632018e+03  3.5846829e-01  5.74214e-04  3.58468e-01
2.708593324e+03  3.5870222e-01  5.73421e-04  3.58702e-01
2.708554630e+03  3.5871835e-01  5.73345e-04  3.58718e-01
2.708515937e+03  3.5849603e-01  5.73086e-04  3.58496e-01
2.708477244e+03  3.5873448e-01  5.73932e-04  3.58734e-01
2.708438552e+03  3.5869644e-01  5.75431e-04  3.58696e-01
2.708399861e+03  3.5856631e-01  5.76825e-04  3.58566e-01
2.708361170e+03  3.5798341e-01  5.79375e-04  3.57983e-01
2.708322480e+03  3.2546103e-01  5.62686e-04  3.25461e-01
2.708283790e+03  3.5790260e-01  5.93857e-04  3.57903e-01
2.708245101e+03  3.5843656e-01  6.15500e-04  3.58437e-01
2.708206412e+03  3.5892270e-01  6.62165e-04  3.58923e-01
2.708167724e+03  3.5898850e-01  7.02065e-04  3.58988e-01
2.708129036e+03  3.5901513e-01  6.55937e-04  3.59015e-01
2.708090349e+03  3.5865354e-01  6.12813e-04  3.58654e-01
2.708051663e+03  3.5897449e-01  5.93168e-04  3.58974e-01
2.708012977e+03  3.5469727e-01  5.81735e-04  3.54697e-01
2.707974292e+03  3.5879243e-01  5.80639e-04  3.58792e-01
2.707935607e+03  3.5894345e-01  5.80849e-04  3.58943e-01
2.707896923e+03  3.5832783e-01  5.77587e-04  3.58328e-01
2.707858239e+03  3.5751925e-01  5.74183e-04  3.57519e-01
2.707819556e+03  3.5758646e-01  5.73106e-04  3.57586e-01
2.707780873e+03  3.5831260e-01  5.73731e-04  3.58313e-01
2.707742191e+03  3.5851658e-01  5.74437e-04  3.58517e-01
2.707703510e+03  3.5879095e-01  5.74527e-04  3.58791e-01
2.707664829e+03  3.5881397e-01  5.76801e-04  3.58814e-01
2.707626148e+03  3.5889592e-01  5.79813e-04  3.58896e-01
2.707587469e+03  3.5894114e-01  5.74406e-04  3.58941e-01
2.707548789e+03  3.5901004e-01  5.72007e-04  3.59010e-01
2.707510111e+03  3.5893069e-01  5.71361e-04  3.58931e-01
2.707471432e+03  3.5815142e-01  5.70661e-04  3.58151e-01
2.707432755e+03  3.5674134e-01  5.69681e-04  3.56741e-01
2.707394078e+03  3.5787931e-01  5.70993e-04  3.57879e-01
2.707355401e+03  3.5880512e-01  5.71859e-04  3.58805e-01
2.707316725e+03  3.5815520e-01  5.74105e-04  3.58155e-01
2.707278050e+03  3.5338405e-01  5.71236e-04  3.53384e-01
2.707239375e+03  3.5372106e-01  5.70085e-04  3.53721e-01
2.707200701e+03  3.5708934e-01  5.73692e-04  3.57089e-01
2.707162027e+03  3.5879673e-01  5.80980e-04  3.58797e-01
2.707123354e+03  3.5803340e-01  5.86026e-04  3.58033e-01
2.707084681e+03  3.5780266e-01  5.88674e-04  3.57803e-01
2.707046009e+03  3.5868842e-01  5.86715e-04  3.58688e-01
2.707007338e+03  3.5855829e-01  5.82554e-04  3.58558e-01
2.706968667e+03  3.5865878e-01  5.79109e-04  3.58659e-01
2.706929996e+03  3.5850238e-01  5.77351e-04  3.58502e-01
2.706891326e+03  3.5720401e-01  5.73564e-04  3.57204e-01
2.706852657e+03  3.5670811e-01  5.71510e-04  3.56708e-01
2.706813988e+03  3.5815377e-01  5.71430e-04  3.58154e-01
2.706775320e+03  3.5819374e-01  5.71460e-04  3.58194e-01
2.706736652e+03  3.5656102e-01  5.70105e-04  3.56561e-01
2.706697985e+03  3.5683810e-01  5.69622e-04  3.56838e-01
2.706659319e+03  3.5832751e-01  5.70703e-04  3.58328e-01
2.706620653e+03  3.5854930e-01  5.70634e-04  3.58549e-01
2.706581987e+03  3.5843936e-01  5.70955e-04  3.58439e-01
2.706543322e+03  3.5829586e-01  5.71249e-04  3.58296e-01
2.706504658e+03  3.5489949e-01  5.69779e-04  3.54899e-01
2.706465994e+03  3.5841760e-01  5.73219e-04  3.58418e-01
2.706427331e+03  3.5845290e-01  5.80061e-04  3.58453e-01
2.706388668e+03  3.5522497e-01  5.82029e-04  3.55225e-01
2.706350006e+03  3.4975344e-01  5.78232e-04  3.49753e-01
2.706311344e+03  3.5731719e-01  5.84769e-04  3.57317e-01
2.706272683e+03  3.5675389e-01  5.87709e-04  3.56754e-01
2.706234023e+03  3.5751277e-01  6.02642e-04  3.57513e-01
2.706195363e+03  3.5849051e-01  6.10450e-04  3.58491e-01
2.706156704e+03  3.5854452e-01  5.95636e-04  3.58545e-01
2.706118045e+03  3.5833624e-01  5.82560e-04  3.58336e-01
2.706079386e+03  3.5766789e-01  5.76896e-04  3.57668e-01
2.706040729e+03  3.5762425e-01  5.73912e-04  3.57624e-01
2.706002072e+03  3.5828216e-01  5.72447e-04  3.58282e-01
2.705963415e+03  3.5830120e-01  5.71972e-04  3.58301e-01
2.705924759e+03  3.5835289e-01  5.71063e-04  3.58353e-01
2.705886103e+03  3.5841268e-01  5.70582e-04  3.58413e-01
2.705847448e+03  3.5838125e-01  5.70349e-04  3.58381e-01
2.705808794e+03  3.5825434e-01  5.70172e-04  3.58254e-01
2.705770140e+03  3.5518651e-01  5.68169e-04  3.55187e-01
2.705731487e+03  3.5822504e-01  5.70878e-04  3.58225e-01
2.705692834e+03  3.5820911e-01  5.69839e-04  3.58209e-01
2.705654182e+03  3.5810213e-01  5.69562e-04  3.58102e-01
2.705615530e+03  3.5818763e-01  5.70851e-04  3.58188e-01
2.705576879e+03  3.5814303e-01  5.71350e-04  3.58143e-01
2.705538229e+03  3.5811722e-01  5.70649e-04  3.58117e-01
2.705499579e+03  3.5803511e-01  5.71163e-04  3.58035e-01
2.705460929e+03  3.5771802e-01  5.70363e-04  3.57718e-01
2.705422280e+03  3.5736230e-01  5.69156e-04  3.57362e-01
2.705383632e+03  3.5603291e-01  5.67970e-04  3.56033e-01
2.705344984e+03  3.5657495e-01  5.68497e-04  3.56575e-01
2.705306337e+03  3.5658447e-01  5.68121e-04  3.56584e-01
2.705267690e+03  3.5580241e-01  5.67635e-04  3.55802e-01
2.705229044e+03  3.5449703e-01  5.67141e-04  3.54497e-01
2.705190399e+03  3.5427652e-01  5.67071e-04  3.54277e-01
2.705151753e+03  3.5576364e-01  5.69698e-04  3.55764e-01
2.705113109e+03  3.5642549e-01  5.69854e-04  3.56425e-01
2.705074465e+03  3.5652603e-01  5.68997e-04  3.56526e-01
2.705035822e+03  3.5391596e-01  5.67396e-04  3.53916e-01
2.704997179e+03  3.5596089e-01  5.68477e-04  3.55961e-01
2.704958537e+03  3.5472961e-01  5.67906e-04  3.54730e-01
2.704919895e+03  3.5482689e-01  5.68522e-04  3.54827e-01
2.704881254e+03  3.5455752e-01  5.69470e-04  3.54558e-01
2.704842613e+03  3.5129926e-01  5.69655e-04  3.51299e-01
2.704803973e+03  3.4201299e-01  5.68932e-04  3.42013e-01
2.704765334e+03  3.3213181e-01  5.83406e-04  3.32132e-01
2.704726695e+03  3.4176922e-01  6.67159e-04  3.41769e-01
2.704688056e+03  3.5110906e-01  5.99210e-04  3.51109e-01
2.704649418e+03  3.5393405e-01  5.91521e-04  3.53934e-01
2.704610781e+03  3.5329006e-01  6.47222e-04  3.53290e-01
2.704572144e+03  3.5348936e-01  6.20386e-04  3.53489e-01
2.704533508e+03  3.5051759e-01  6.18379e-04  3.50518e-01
2.704494873e+03  3.4215034e-01  5.75801e-04  3.42150e-01
2.704456237e+03  3.2832254e-01  5.61822e-04  3.28323e-01
2.704417603e+03  3.3253667e-01  5.60002e-04  3.32537e-01
2.704378969e+03  3.4645259e-01  5.66069e-04  3.46453e-01
2.704340335e+03  3.5195502e-01  5.68603e-04  3.51955e-01
2.704301703e+03  3.5164509e-01  5.69339e-04  3.51645e-01
2.704263070e+03  3.5432303e-01  5.69376e-04  3.54323e-01
2.704224438e+03  3.5446508e-01  5.69242e-04  3.54465e-01
2.704185807e+03  3.5393635e-01  5.68078e-04  3.53936e-01
2.704147177e+03  3.5277706e-01  5.68121e-04  3.52777e-01
2.704108546e+03  3.5006827e-01  5.71745e-04  3.50068e-01
2.704069917e+03  3.4230251e-01  5.61327e-04  3.42303e-01
2.704031288e+03  3.2609777e-01  5.49245e-04  3.26098e-01
2.703992659e+03  3.2363937e-01  5.46813e-04  3.23639e-01
2.703954031e+03  3.3444800e-01  5.53727e-04  3.34448e-01
2.703915404e+03  3.3221944e-01  5.52261e-04  3.32219e-01
2.703876777e+03  3.1207066e-01  5.39377e-04  3.12071e-01
2.703838151e+03  2.9860927e-01  5.30101e-04  2.98609e-01
2.703799525e+03  3.2257061e-01  5.45895e-04  3.22571e-01
2.703760900e+03  3.4170543e-01  5.58393e-04  3.41705e-01
2.703722276e+03  3.4886462e-01  5.63669e-04  3.48865e-01
2.703683652e+03  3.5216850e-01  5.65612e-04  3.52168e-01
2.703645028e+03  3.5397211e-01  5.67427e-04  3.53972e-01
2.703606405e+03  3.5501563e-01  5.70118e-04  3.55016e-01
2.703567783e+03  3.5442049e-01  5.73784e-04  3.54420e-01
2.703529161e+03  3.5612096e-01  5.68894e-04  3.56121e-01
2.703490540e+03  3.5642528e-01  5.68064e-04  3.56425e-01
2.703451919e+03  3.5582238e-01  5.67529e-04  3.55822e-01
2.703413299e+03  3.5495081e-01  5.67455e-04  3.54951e-01
2.703374679e+03  3.5616399e-01  5.69247e-04  3.56164e-01
2.703336060e+03  3.5689026e-01  5.74277e-04  3.56890e-01
2.703297441e+03  3.5710431e-01  5.72236e-04  3.57104e-01
2.703258823e+03  3.5665552e-01  5.72261e-04  3.56656e-01
2.703220206e+03  3.5724767e-01  5.70162e-04  3.57248e-01
2.703181589e+03  3.5721406e-01  5.70240e-04  3.57214e-01
2.703142973e+03  3.5730648e-01  5.71414e-04  3.57306e-01
2.703104357e+03  3.5722429e-01  5.74377e-04  3.57224e-01
2.703065742e+03  3.5706579e-01  5.75747e-04  3.57066e-01
2.703027127e+03  3.5711964e-01  5.71770e-04  3.57120e-01
2.702988513e+03  3.5737805e-01  5.70138e-04  3.57378e-01
2.702949899e+03  3.5745090e-01  5.70662e-04  3.57451e-01
2.702911286e+03  3.5745002e-01  5.71727e-04  3.57450e-01
2.702872674e+03  3.5740784e-01  5.72758e-04  3.57408e-01
2.702834062e+03  3.5672465e-01  5.79993e-04  3.56725e-01
2.702795451e+03  3.5740196e-01  5.89701e-04  3.57402e-01
2.702756840e+03  3.5741833e-01  5.76318e-04  3.57418e-01
2.702718230e+03  3.5742937e-01  5.80691e-04  3.57429e-01
2.702679620e+03  3.5742153e-01  5.81951e-04  3.57422e-01
2.702641011e+03  3.5729725e-01  5.88024e-04  3.57297e-01
2.702602402e+03  3.5714088e-01  5.73638e-04  3.57141e-01
2.702563794e+03  3.5633196e-01  5.69612e-04  3.56332e-01
2.702525187e+03  3.5481829e-01  5.67884e-04  3.54818e-01
2.702486580e+03  3.5570204e-01  5.69628e-04  3.55702e-01
2.702447973e+03  3.5640322e-01  5.70899e-04  3.56403e-01
2.702409367e+03  3.5581665e-01  5.74664e-04  3.55817e-01
2.702370762e+03  3.5481364e-01  5.70177e-04  3.54814e-01
2.702332157e+03  3.5403959e-01  5.69072e-04  3.54040e-01
2.702293553e+03  3.5319281e-01  5.68098e-04  3.53193e-01
2.702254949e+03  3.5554359e-01  5.70838e-04  3.55544e-01
2.702216346e+03  3.5537502e-01  5.74161e-04  3.55375e-01
2.702177744e+03  3.5539141e-01  5.83404e-04  3.55391e-01
2.702139142e+03  3.5675485e-01  5.93889e-04  3.56755e-01
2.702100540e+03  3.5702576e-01  5.91833e-04  3.57026e-01
2.702061939e+03  3.5706294e-01  5.81158e-04  3.57063e-01
2.702023339e+03  3.5703406e-01  5.80140e-04  3.57034e-01
2.701984739e+03  3.5683565e-01  5.72879e-04  3.56836e-01
2.701946140e+03  3.5693593e-01  5.73059e-04  3.56936e-01
2.701907541e+03  3.5709434e-01  5.83866e-04  3.57094e-01
2.701868943e+03  3.5713261e-01  5.73752e-04  3.57133e-01
2.701830346e+03  3.5719913e-01  5.69749e-04  3.57199e-01
2.701791749e+03  3.5722195e-01  5.69319e-04  3.57222e-01
2.701753152e+03  3.5720161e-01  5.69316e-04  3.57202e-01
2.701714556e+03  3.5721123e-01  5.68857e-04  3.57211e-01
2.701675961e+03  3.5709369e-01  5.69272e-04  3.57094e-01
2.701637366e+03  3.5714353e-01  5.69664e-04  3.57144e-01
2.701598772e+03  3.5697033e-01  5.69392e-04  3.56970e-01
2.701560178e+03  3.5694480e-01  5.68460e-04  3.56945e-01
2.701521585e+03  3.5706673e-01  5.69327e-04  3.57067e-01
2.701482992e+03  3.5708382e-01  5.68523e-04  3.57084e-01
2.701444400e+03  3.5690304e-01  5.67572e-04  3.56903e-01
2.701405809e+03  3.5696963e-01  5.67542e-04  3.56970e-01
2.701367218e+03  3.5636702e-01  5.67243e-04  3.56367e-01
2.701328627e+03  3.5714841e-01  5.68012e-04  3.57148e-01
2.701290038e+03  3.5722357e-01  5.68274e-04  3.57224e-01
2.701251448e+03  3.5712774e-01  5.68101e-04  3.57128e-01
2.701212860e+03  3.5711133e-01  5.67609e-04  3.57111e-01
2.701174271e+03  3.5703222e-01  5.67433e-04  3.57032e-01
2.701135684e+03  3.5705906e-01  5.67444e-04  3.57059e-01
2.701097097e+03  3.5706073e-01  5.67468e-04  3.57061e-01
2.701058510e+03  3.5710283e-01  5.67997e-04  3.57103e-01
2.701019924e+03  3.5714067e-01  5.67693e-04  3.57141e-01
2.700981339e+03  3.5715532e-01  5.67658e-04  3.57155e-01
2.700942754e+03  3.5707071e-01  5.67934e-04  3.57071e-01
2.700904169e+03  3.5694085e-01  5.68481e-04  3.56941e-01
2.700865586e+03  3.5688006e-01  5.68933e-04  3.56880e-01
2.700827002e+03  3.5685872e-01  5.67783e-04  3.56859e-01
2.700788420e+03  3.5687838e-01  5.67401e-04  3.56878e-01
2.700749837e+03  3.5688357e-01  5.67357e-04  3.56884e-01
2.700711256e+03  3.5684903e-01  5.67347e-04  3.56849e-01
2.700672675e+03  3.5671811e-01  5.67440e-04  3.56718e-01
2.700634094e+03  3.5505533e-01  5.66811e-04  3.55055e-01
2.700595514e+03  3.5629753e-01  5.68613e-04  3.56298e-01
2.700556935e+03  3.5649003e-01  5.67569e-04  3.56490e-01
2.700518356e+03  3.5666182e-01  5.67586e-04  3.56662e-01
2.700479778e+03  3.5669895e-01  5.67547e-04  3.56699e-01
2.700441200e+03  3.5665873e-01  5.67755e-04  3.56659e-01
2.700402623e+03  3.5660618e-01  5.69959e-04  3.56606e-01
2.700364046e+03  3.5669928e-01  5.72302e-04  3.56699e-01
2.700325470e+03  3.5680150e-01  5.68761e-04  3.56801e-01
2.700286895e+03  3.5669034e-01  5.68417e-04  3.56690e-01
2.700248320e+03  3.5676458e-01  5.67610e-04  3.56765e-01
2.700209745e+03  3.5684468e-01  5.67804e-04  3.56845e-01
2.700171171e+03  3.5678616e-01  5.68133e-04  3.56786e-01
2.700132598e+03  3.5661692e-01  5.67346e-04  3.56617e-01
2.700094025e+03  3.5669419e-01  5.67330e-04  3.56694e-01
2.700055453e+03  3.5668378e-01  5.67221e-04  3.56684e-01
2.700016882e+03  3.5659104e-01  5.67267e-04  3.56591e-01