# ------------------------------------------------------------------------
# Radiance spectrum
# NASA-GSFC Planetary Spectrum Generator (PSG) (Villanueva et al. 2018, 2022)
# Synthesized on Fri Aug 15 21:13:20 2025
# Doppler velocities [km/s] (vobs,vrot+vorb,vwidth,vrfl,vstr): -17.63700,-0.00000,0.01000,-1.06846,0.00000
# ------------------------------------------------------------------------
# Spectra synthesized with the Planetary and Universal Model of Atmospheric Scattering (PUMAS, Villanueva et al. 2018, 2022)
# Single scattering radiative transfer method
# Radiative transfer took 0.192 seconds
# ------------------------------------------------------------------------
# Spectral unit: Frequency[cm-1]
# Radiance unit: Spectral radiance [W/sr/m2/um]
# Wave/freq Total Noise Mars
2.740000000e+03  2.6750018e-01  5.14898e-04  2.67500e-01
2.739960858e+03  2.6698854e-01  5.11782e-04  2.66989e-01
2.739921716e+03  2.6713448e-01  5.11114e-04  2.67134e-01
2.739882575e+03  2.6658732e-01  5.10348e-04  2.66587e-01
2.739843434e+03  2.6642876e-01  5.10222e-04  2.66429e-01
2.739804294e+03  2.6701633e-01  5.10759e-04  2.67016e-01
2.739765155e+03  2.6518679e-01  5.09704e-04  2.65187e-01
2.739726016e+03  2.6733150e-01  5.11669e-04  2.67331e-01
2.739686877e+03  2.6814579e-01  5.13177e-04  2.68146e-01
2.739647739e+03  2.6617473e-01  5.13599e-04  2.66175e-01
2.739608602e+03  2.6818952e-01  5.19106e-04  2.68190e-01
2.739569465e+03  2.6786305e-01  5.18479e-04  2.67863e-01
2.739530329e+03  2.6809523e-01  5.18013e-04  2.68095e-01
2.739491194e+03  2.6715167e-01  5.19470e-04  2.67152e-01
2.739452059e+03  2.1733399e-01  4.81192e-04  2.17334e-01
2.739412924e+03  2.6781017e-01  5.16716e-04  2.67810e-01
2.739373790e+03  2.6812118e-01  5.17019e-04  2.68121e-01
2.739334657e+03  2.6795013e-01  5.19575e-04  2.67950e-01
2.739295524e+03  2.6679438e-01  5.40692e-04  2.66794e-01
2.739256392e+03  2.6661341e-01  5.28401e-04  2.66613e-01
2.739217260e+03  2.6690758e-01  5.19239e-04  2.66908e-01
2.739178129e+03  2.6623329e-01  5.17157e-04  2.66233e-01
2.739138999e+03  2.6745644e-01  5.19217e-04  2.67456e-01
2.739099869e+03  2.6274959e-01  5.19519e-04  2.62750e-01
2.739060739e+03  2.4324843e-01  5.10493e-04  2.43248e-01
2.739021610e+03  2.6779080e-01  5.40568e-04  2.67791e-01
2.738982482e+03  2.6796333e-01  5.63303e-04  2.67963e-01
2.738943354e+03  2.6667182e-01  6.08970e-04  2.66672e-01
2.738904227e+03  2.6739793e-01  6.28983e-04  2.67398e-01
2.738865100e+03  2.6771512e-01  5.94673e-04  2.67715e-01
2.738825974e+03  2.6742811e-01  6.06911e-04  2.67428e-01
2.738786849e+03  2.2116997e-01  5.60621e-04  2.21170e-01
2.738747724e+03  2.6425004e-01  5.50460e-04  2.64250e-01
2.738708599e+03  2.6734553e-01  5.67080e-04  2.67346e-01
2.738669476e+03  2.6723360e-01  5.40548e-04  2.67234e-01
2.738630352e+03  2.6761930e-01  5.24775e-04  2.67619e-01
2.738591229e+03  2.6760756e-01  5.19981e-04  2.67608e-01
2.738552107e+03  2.6666119e-01  5.15578e-04  2.66661e-01
2.738512986e+03  2.6556957e-01  5.13724e-04  2.65570e-01
2.738473865e+03  2.6612790e-01  5.13301e-04  2.66128e-01
2.738434744e+03  2.6699883e-01  5.13500e-04  2.66999e-01
2.738395624e+03  2.6750291e-01  5.13826e-04  2.67503e-01
2.738356505e+03  2.6778808e-01  5.14396e-04  2.67788e-01
2.738317386e+03  2.6779489e-01  5.14973e-04  2.67795e-01
2.738278268e+03  2.6784748e-01  5.16006e-04  2.67847e-01
2.738239150e+03  2.6762019e-01  5.18404e-04  2.67620e-01
2.738200033e+03  2.5769603e-01  5.20746e-04  2.57696e-01
2.738160916e+03  2.6691431e-01  5.74370e-04  2.66914e-01
2.738121800e+03  2.6566618e-01  5.46640e-04  2.65666e-01
2.738082685e+03  2.1956268e-01  5.11074e-04  2.19563e-01
2.738043570e+03  2.6682453e-01  5.54942e-04  2.66825e-01
2.738004456e+03  2.6768265e-01  5.39273e-04  2.67683e-01
2.737965342e+03  2.6768142e-01  5.25568e-04  2.67681e-01
2.737926229e+03  2.6742093e-01  5.20309e-04  2.67421e-01
2.737887116e+03  2.6744542e-01  5.15900e-04  2.67445e-01
2.737848004e+03  2.6746967e-01  5.13978e-04  2.67470e-01
2.737808892e+03  2.6753818e-01  5.13052e-04  2.67538e-01
2.737769781e+03  2.6747138e-01  5.12551e-04  2.67471e-01
2.737730671e+03  2.6738142e-01  5.13360e-04  2.67381e-01
2.737691561e+03  2.6738930e-01  5.12014e-04  2.67389e-01
2.737652452e+03  2.6746219e-01  5.11759e-04  2.67462e-01
2.737613343e+03  2.6741223e-01  5.14093e-04  2.67412e-01
2.737574235e+03  2.6736959e-01  5.16148e-04  2.67370e-01
2.737535127e+03  2.6726490e-01  5.11479e-04  2.67265e-01
2.737496020e+03  2.6711456e-01  5.12102e-04  2.67115e-01
2.737456913e+03  2.6693425e-01  5.14171e-04  2.66934e-01
2.737417807e+03  2.5667900e-01  5.06012e-04  2.56679e-01
2.737378702e+03  2.3233043e-01  4.88765e-04  2.32330e-01
2.737339597e+03  2.6683685e-01  5.17560e-04  2.66837e-01
2.737300493e+03  2.6605340e-01  5.15370e-04  2.66053e-01
2.737261389e+03  2.5627502e-01  5.19590e-04  2.56275e-01
2.737222286e+03  2.6679180e-01  5.30501e-04  2.66792e-01
2.737183183e+03  2.6696734e-01  5.70518e-04  2.66967e-01
2.737144081e+03  2.6701132e-01  5.57141e-04  2.67011e-01
2.737104980e+03  2.6709787e-01  5.63401e-04  2.67098e-01
2.737065879e+03  2.6718792e-01  5.47866e-04  2.67188e-01
2.737026778e+03  2.6725119e-01  5.33142e-04  2.67251e-01
2.736987679e+03  2.6713149e-01  5.19480e-04  2.67131e-01
2.736948579e+03  2.6710933e-01  5.15041e-04  2.67109e-01
2.736909481e+03  2.6708209e-01  5.15064e-04  2.67082e-01
2.736870382e+03  2.6714630e-01  5.12642e-04  2.67146e-01
2.736831285e+03  2.6688998e-01  5.11727e-04  2.66890e-01
2.736792188e+03  2.6719104e-01  5.13084e-04  2.67191e-01
2.736753091e+03  2.6708087e-01  5.11431e-04  2.67081e-01
2.736713995e+03  2.2532951e-01  4.81046e-04  2.25330e-01
2.736674900e+03  2.6707048e-01  5.15780e-04  2.67070e-01
2.736635805e+03  2.6733560e-01  5.15136e-04  2.67336e-01
2.736596711e+03  2.6731701e-01  5.11491e-04  2.67317e-01
2.736557617e+03  2.6698099e-01  5.12899e-04  2.66981e-01
2.736518524e+03  2.6723401e-01  5.14101e-04  2.67234e-01
2.736479432e+03  2.6727845e-01  5.10875e-04  2.67278e-01
2.736440340e+03  2.6704071e-01  5.10410e-04  2.67041e-01
2.736401248e+03  2.6682914e-01  5.10437e-04  2.66829e-01
2.736362157e+03  2.6725380e-01  5.11372e-04  2.67254e-01
2.736323067e+03  2.6733776e-01  5.12724e-04  2.67338e-01
2.736283977e+03  2.6342121e-01  5.11872e-04  2.63421e-01
2.736244888e+03  2.6719615e-01  5.13951e-04  2.67196e-01
2.736205799e+03  2.6731754e-01  5.18261e-04  2.67318e-01
2.736166711e+03  2.6725629e-01  5.24240e-04  2.67256e-01
2.736127624e+03  2.6722130e-01  5.38936e-04  2.67221e-01
2.736088537e+03  2.6718229e-01  5.54109e-04  2.67182e-01
2.736049450e+03  2.5116920e-01  5.54636e-04  2.51169e-01
2.736010365e+03  2.4361845e-01  5.12025e-04  2.43618e-01
2.735971279e+03  2.6709940e-01  5.19222e-04  2.67099e-01
2.735932194e+03  2.6712707e-01  5.15924e-04  2.67127e-01
2.735893110e+03  2.6711735e-01  5.14051e-04  2.67117e-01
2.735854027e+03  2.6538110e-01  5.12763e-04  2.65381e-01
2.735814944e+03  2.6660832e-01  5.13462e-04  2.66608e-01
2.735775861e+03  2.6661286e-01  5.14290e-04  2.66613e-01
2.735736779e+03  2.6693288e-01  5.14094e-04  2.66933e-01
2.735697698e+03  2.6695081e-01  5.17125e-04  2.66951e-01
2.735658617e+03  2.6694668e-01  5.16898e-04  2.66947e-01
2.735619537e+03  2.6652315e-01  5.14976e-04  2.66523e-01
2.735580457e+03  2.6604107e-01  5.11429e-04  2.66041e-01
2.735541378e+03  2.6649278e-01  5.11174e-04  2.66493e-01
2.735502299e+03  2.6675834e-01  5.11212e-04  2.66758e-01
2.735463221e+03  2.6673517e-01  5.12843e-04  2.66735e-01
2.735424144e+03  2.6666648e-01  5.14017e-04  2.66666e-01
2.735385067e+03  2.6643524e-01  5.15151e-04  2.66435e-01
2.735345990e+03  2.3011943e-01  4.83749e-04  2.30119e-01
2.735306914e+03  2.6659069e-01  5.10062e-04  2.66591e-01
2.735267839e+03  2.6666329e-01  5.09742e-04  2.66663e-01
2.735228765e+03  2.6663017e-01  5.11098e-04  2.66630e-01
2.735189690e+03  2.6665935e-01  5.11135e-04  2.66659e-01
2.735150617e+03  2.6679341e-01  5.10689e-04  2.66793e-01
2.735111544e+03  2.6683797e-01  5.12953e-04  2.66838e-01
2.735072471e+03  2.6663218e-01  5.10395e-04  2.66632e-01
2.735033399e+03  2.6636388e-01  5.13271e-04  2.66364e-01
2.734994328e+03  2.6692411e-01  5.11836e-04  2.66924e-01
2.734955257e+03  2.6683646e-01  5.11530e-04  2.66836e-01
2.734916187e+03  2.6684990e-01  5.18807e-04  2.66850e-01
2.734877117e+03  2.6662854e-01  5.12995e-04  2.66629e-01
2.734838048e+03  2.6683481e-01  5.10045e-04  2.66835e-01
2.734798980e+03  2.6687984e-01  5.09472e-04  2.66880e-01
2.734759912e+03  2.6689478e-01  5.09366e-04  2.66895e-01
2.734720844e+03  2.6677738e-01  5.09748e-04  2.66777e-01
2.734681777e+03  2.3325378e-01  4.84567e-04  2.33254e-01
2.734642711e+03  2.6622384e-01  5.09797e-04  2.66224e-01
2.734603645e+03  2.6656575e-01  5.11976e-04  2.66566e-01
2.734564580e+03  2.6653464e-01  5.11073e-04  2.66535e-01
2.734525515e+03  2.6656893e-01  5.15375e-04  2.66569e-01
2.734486451e+03  2.6653082e-01  5.17540e-04  2.66531e-01
2.734447388e+03  2.6652941e-01  5.25197e-04  2.66529e-01
2.734408325e+03  2.6648660e-01  5.18922e-04  2.66487e-01
2.734369262e+03  2.6648245e-01  5.11296e-04  2.66482e-01
2.734330201e+03  2.6645497e-01  5.10261e-04  2.66455e-01
2.734291139e+03  2.6614081e-01  5.09317e-04  2.66141e-01
2.734252078e+03  2.6643913e-01  5.09130e-04  2.66439e-01
2.734213018e+03  2.6642219e-01  5.08848e-04  2.66422e-01
2.734173959e+03  2.6641137e-01  5.08892e-04  2.66411e-01
2.734134900e+03  2.6627500e-01  5.08733e-04  2.66275e-01
2.734095841e+03  2.6647056e-01  5.09265e-04  2.66471e-01
2.734056783e+03  2.6644136e-01  5.09001e-04  2.66441e-01
2.734017726e+03  2.6381945e-01  5.07406e-04  2.63819e-01
2.733978669e+03  2.3761669e-01  4.89604e-04  2.37617e-01
2.733939613e+03  2.6449232e-01  5.13530e-04  2.64492e-01
2.733900557e+03  2.6488958e-01  5.15771e-04  2.64890e-01
2.733861502e+03  2.6488665e-01  5.16599e-04  2.64887e-01
2.733822447e+03  2.6425889e-01  5.16484e-04  2.64259e-01
2.733783393e+03  2.6541599e-01  5.27080e-04  2.65416e-01
2.733744340e+03  2.6552480e-01  5.19541e-04  2.65525e-01
2.733705287e+03  2.6283096e-01  5.13521e-04  2.62831e-01
2.733666234e+03  2.6305764e-01  5.14378e-04  2.63058e-01
2.733627182e+03  2.6462024e-01  5.10881e-04  2.64620e-01
2.733588131e+03  2.6460275e-01  5.12868e-04  2.64603e-01
2.733549081e+03  2.6363938e-01  5.09996e-04  2.63639e-01
2.733510030e+03  2.6217405e-01  5.06653e-04  2.62174e-01
2.733470981e+03  2.5743288e-01  5.04740e-04  2.57433e-01
2.733431932e+03  2.4290645e-01  4.91902e-04  2.42906e-01
2.733392883e+03  2.2896711e-01  4.81062e-04  2.28967e-01
2.733353835e+03  2.4279290e-01  4.92110e-04  2.42793e-01
2.733314788e+03  2.3009181e-01  4.82125e-04  2.30092e-01
2.733275741e+03  2.6117890e-01  5.05839e-04  2.61179e-01
2.733236695e+03  2.6214203e-01  5.06787e-04  2.62142e-01
2.733197649e+03  2.6418253e-01  5.10685e-04  2.64183e-01
2.733158604e+03  2.6531494e-01  5.18156e-04  2.65315e-01
2.733119560e+03  2.6562742e-01  5.14054e-04  2.65627e-01
2.733080516e+03  2.6564581e-01  5.13086e-04  2.65646e-01
2.733041472e+03  2.6576495e-01  5.25377e-04  2.65765e-01
2.733002429e+03  2.6588451e-01  5.21924e-04  2.65885e-01
2.732963387e+03  2.6602730e-01  5.15816e-04  2.66027e-01
2.732924345e+03  2.6601260e-01  5.11230e-04  2.66013e-01
2.732885304e+03  2.6605007e-01  5.10029e-04  2.66050e-01
2.732846263e+03  2.6566836e-01  5.09949e-04  2.65668e-01
2.732807223e+03  2.6521765e-01  5.10334e-04  2.65218e-01
2.732768184e+03  2.6544163e-01  5.13085e-04  2.65442e-01
2.732729145e+03  2.6601588e-01  5.29152e-04  2.66016e-01
2.732690106e+03  2.6596132e-01  5.32883e-04  2.65961e-01
2.732651068e+03  2.4082211e-01  4.96323e-04  2.40822e-01
2.732612031e+03  2.6557798e-01  5.13208e-04  2.65578e-01
2.732572994e+03  2.6570182e-01  5.14723e-04  2.65702e-01
2.732533958e+03  2.6572309e-01  5.21641e-04  2.65723e-01
2.732494922e+03  2.6530260e-01  5.34690e-04  2.65303e-01
2.732455887e+03  2.6560370e-01  5.25998e-04  2.65604e-01
2.732416853e+03  2.6602596e-01  5.16530e-04  2.66026e-01
2.732377819e+03  2.6608359e-01  5.12931e-04  2.66084e-01
2.732338785e+03  2.6526139e-01  5.10155e-04  2.65261e-01
2.732299753e+03  2.6078555e-01  5.05966e-04  2.60786e-01
2.732260720e+03  2.6000405e-01  5.06352e-04  2.60004e-01
2.732221689e+03  2.6282688e-01  5.06895e-04  2.62827e-01
2.732182657e+03  2.6346038e-01  5.06906e-04  2.63460e-01
2.732143627e+03  2.6538763e-01  5.08263e-04  2.65388e-01
2.732104597e+03  2.6575957e-01  5.08468e-04  2.65760e-01
2.732065567e+03  2.6576365e-01  5.08593e-04  2.65764e-01
2.732026538e+03  2.6459040e-01  5.07502e-04  2.64590e-01
2.731987510e+03  2.4169734e-01  4.90882e-04  2.41697e-01
2.731948482e+03  2.6438078e-01  5.07565e-04  2.64381e-01
2.731909455e+03  2.6553630e-01  5.08449e-04  2.65536e-01
2.731870428e+03  2.6560787e-01  5.08753e-04  2.65608e-01
2.731831402e+03  2.6591862e-01  5.11427e-04  2.65919e-01
2.731792376e+03  2.6606793e-01  5.12214e-04  2.66068e-01
2.731753351e+03  2.6603815e-01  5.10650e-04  2.66038e-01
2.731714327e+03  2.6587485e-01  5.08951e-04  2.65875e-01
2.731675303e+03  2.6495829e-01  5.08280e-04  2.64958e-01
2.731636279e+03  2.6411043e-01  5.07633e-04  2.64110e-01
2.731597257e+03  2.6473884e-01  5.08274e-04  2.64739e-01
2.731558234e+03  2.6574702e-01  5.10004e-04  2.65747e-01
2.731519213e+03  2.6593429e-01  5.10927e-04  2.65934e-01
2.731480191e+03  2.6581955e-01  5.17498e-04  2.65820e-01
2.731441171e+03  2.6569788e-01  5.15427e-04  2.65698e-01
2.731402151e+03  2.6511728e-01  5.10517e-04  2.65117e-01
2.731363131e+03  2.6446222e-01  5.09332e-04  2.64462e-01
2.731324112e+03  2.4465282e-01  4.95067e-04  2.44653e-01
2.731285094e+03  2.6442621e-01  5.10829e-04  2.64426e-01
2.731246076e+03  2.6546194e-01  5.13022e-04  2.65462e-01
2.731207059e+03  2.6556736e-01  5.12521e-04  2.65567e-01
2.731168042e+03  2.6553239e-01  5.13728e-04  2.65532e-01
2.731129026e+03  2.6545284e-01  5.15932e-04  2.65453e-01
2.731090011e+03  2.4695409e-01  5.05863e-04  2.46954e-01
2.731050996e+03  2.6469268e-01  5.22099e-04  2.64693e-01
2.731011981e+03  2.6574330e-01  5.32893e-04  2.65743e-01
2.730972967e+03  2.6580579e-01  5.55405e-04  2.65806e-01
2.730933954e+03  2.6582991e-01  5.84680e-04  2.65830e-01
2.730894941e+03  2.6582385e-01  5.69974e-04  2.65824e-01
2.730855929e+03  2.6573063e-01  5.40145e-04  2.65731e-01
2.730816917e+03  2.6564947e-01  5.25219e-04  2.65649e-01
2.730777906e+03  2.6528378e-01  5.18091e-04  2.65284e-01
2.730738896e+03  2.6399732e-01  5.13724e-04  2.63997e-01
2.730699886e+03  2.6377194e-01  5.12129e-04  2.63772e-01
2.730660876e+03  2.4825062e-01  5.00891e-04  2.48251e-01
2.730621867e+03  2.6537835e-01  5.17146e-04  2.65378e-01
2.730582859e+03  2.6563970e-01  5.12146e-04  2.65640e-01
2.730543851e+03  2.6509251e-01  5.10190e-04  2.65093e-01
2.730504844e+03  2.6224073e-01  5.08408e-04  2.62241e-01
2.730465837e+03  2.6300866e-01  5.08331e-04  2.63009e-01
2.730426831e+03  2.6548762e-01  5.09706e-04  2.65488e-01
2.730387826e+03  2.6556957e-01  5.09807e-04  2.65570e-01
2.730348821e+03  2.6481327e-01  5.09899e-04  2.64813e-01
2.730309816e+03  2.6542905e-01  5.13194e-04  2.65429e-01
2.730270812e+03  2.6547807e-01  5.14783e-04  2.65478e-01
2.730231809e+03  2.6518942e-01  5.10451e-04  2.65189e-01
2.730192806e+03  2.6454445e-01  5.10690e-04  2.64544e-01
2.730153804e+03  2.6319416e-01  5.09548e-04  2.63194e-01
2.730114802e+03  2.6167484e-01  5.12718e-04  2.61675e-01
2.730075801e+03  2.5879429e-01  5.08639e-04  2.58794e-01
2.730036801e+03  2.6262503e-01  5.10422e-04  2.62625e-01
2.729997801e+03  2.5010448e-01  5.02686e-04  2.50104e-01
2.729958801e+03  2.6498008e-01  5.18235e-04  2.64980e-01
2.729919803e+03  2.6527081e-01  5.27169e-04  2.65271e-01
2.729880804e+03  2.6496633e-01  5.29468e-04  2.64966e-01
2.729841807e+03  2.5906652e-01  5.17255e-04  2.59067e-01
2.729802809e+03  2.6537199e-01  5.18498e-04  2.65372e-01
2.729763813e+03  2.6526488e-01  5.20792e-04  2.65265e-01
2.729724817e+03  2.6543886e-01  5.28930e-04  2.65439e-01
2.729685821e+03  2.6543144e-01  5.47003e-04  2.65431e-01
2.729646826e+03  2.6557343e-01  5.49777e-04  2.65573e-01
2.729607832e+03  2.6490736e-01  5.76434e-04  2.64907e-01
2.729568838e+03  2.6534598e-01  6.04585e-04  2.65346e-01
2.729529845e+03  2.6536880e-01  5.38502e-04  2.65369e-01
2.729490852e+03  2.6528376e-01  5.19100e-04  2.65284e-01
2.729451860e+03  2.6517541e-01  5.14961e-04  2.65175e-01
2.729412868e+03  2.6516335e-01  5.16489e-04  2.65163e-01
2.729373877e+03  2.6516683e-01  5.29444e-04  2.65167e-01
2.729334887e+03  2.5256413e-01  5.35932e-04  2.52564e-01
2.729295897e+03  2.6490961e-01  5.15993e-04  2.64910e-01
2.729256907e+03  2.6493007e-01  5.11448e-04  2.64930e-01
2.729217919e+03  2.6491902e-01  5.10084e-04  2.64919e-01
2.729178930e+03  2.6450405e-01  5.09767e-04  2.64504e-01
2.729139943e+03  2.6462076e-01  5.09056e-04  2.64621e-01
2.729100955e+03  2.6446430e-01  5.08711e-04  2.64464e-01
2.729061969e+03  2.6408618e-01  5.08785e-04  2.64086e-01
2.729022983e+03  2.6331372e-01  5.09592e-04  2.63314e-01
2.728983997e+03  2.6286504e-01  5.09565e-04  2.62865e-01
2.728945012e+03  2.6257384e-01  5.08052e-04  2.62574e-01
2.728906028e+03  2.6248419e-01  5.07062e-04  2.62484e-01
2.728867044e+03  2.6264810e-01  5.06865e-04  2.62648e-01
2.728828061e+03  2.6274325e-01  5.06617e-04  2.62743e-01
2.728789078e+03  2.6398888e-01  5.07670e-04  2.63989e-01
2.728750096e+03  2.6424201e-01  5.08496e-04  2.64242e-01
2.728711114e+03  2.6443888e-01  5.09860e-04  2.64439e-01
2.728672133e+03  2.5399193e-01  5.06745e-04  2.53992e-01
2.728633153e+03  2.6470005e-01  5.15449e-04  2.64700e-01
2.728594173e+03  2.6483079e-01  5.12232e-04  2.64831e-01
2.728555194e+03  2.6491259e-01  5.09406e-04  2.64913e-01
2.728516215e+03  2.6491828e-01  5.09367e-04  2.64918e-01
2.728477237e+03  2.6497132e-01  5.10032e-04  2.64971e-01
2.728438259e+03  2.6505048e-01  5.10882e-04  2.65050e-01
2.728399282e+03  2.6503716e-01  5.21627e-04  2.65037e-01
2.728360305e+03  2.6500882e-01  5.27121e-04  2.65009e-01
2.728321329e+03  2.6503073e-01  5.11955e-04  2.65031e-01
2.728282354e+03  2.6503222e-01  5.09593e-04  2.65032e-01
2.728243379e+03  2.6478405e-01  5.09309e-04  2.64784e-01
2.728204404e+03  2.6300287e-01  5.08230e-04  2.63003e-01
2.728165431e+03  2.6503925e-01  5.09781e-04  2.65039e-01
2.728126457e+03  2.6509697e-01  5.11109e-04  2.65097e-01
2.728087485e+03  2.6428228e-01  5.13321e-04  2.64282e-01
2.728048513e+03  2.6501153e-01  5.15956e-04  2.65012e-01
2.728009541e+03  2.5589400e-01  5.06782e-04  2.55894e-01
2.727970570e+03  2.6483300e-01  5.11052e-04  2.64833e-01
2.727931600e+03  2.6482268e-01  5.10310e-04  2.64823e-01
2.727892630e+03  2.6468735e-01  5.10742e-04  2.64687e-01
2.727853660e+03  2.6377985e-01  5.10806e-04  2.63780e-01
2.727814692e+03  2.6326468e-01  5.08944e-04  2.63265e-01
2.727775723e+03  2.6377794e-01  5.08562e-04  2.63778e-01
2.727736756e+03  2.6429537e-01  5.08649e-04  2.64295e-01
2.727697789e+03  2.6452769e-01  5.09083e-04  2.64528e-01
2.727658822e+03  2.6497130e-01  5.10452e-04  2.64971e-01
2.727619856e+03  2.6497541e-01  5.09857e-04  2.64975e-01
2.727580891e+03  2.6496035e-01  5.10154e-04  2.64960e-01
2.727541926e+03  2.6476968e-01  5.11406e-04  2.64770e-01
2.727502961e+03  2.6390333e-01  5.10806e-04  2.63903e-01
2.727463998e+03  2.6405351e-01  5.10653e-04  2.64054e-01
2.727425034e+03  2.6465767e-01  5.10475e-04  2.64658e-01
2.727386072e+03  2.6426099e-01  5.10355e-04  2.64261e-01
2.727347110e+03  2.5629996e-01  5.05169e-04  2.56300e-01
2.727308148e+03  2.6414567e-01  5.13079e-04  2.64146e-01
2.727269187e+03  2.6360965e-01  5.24841e-04  2.63610e-01
2.727230227e+03  2.6339509e-01  5.19819e-04  2.63395e-01
2.727191267e+03  2.6395992e-01  5.14693e-04  2.63960e-01
2.727152307e+03  2.6411535e-01  5.15184e-04  2.64115e-01
2.727113349e+03  2.6330419e-01  5.16865e-04  2.63304e-01
2.727074391e+03  2.6313556e-01  5.19736e-04  2.63136e-01
2.727035433e+03  2.6404721e-01  5.24671e-04  2.64047e-01
2.726996476e+03  2.6409675e-01  5.36090e-04  2.64097e-01
2.726957519e+03  2.6387778e-01  5.76315e-04  2.63878e-01
2.726918563e+03  2.6340799e-01  8.36090e-04  2.63408e-01
2.726879608e+03  2.6310191e-01  6.65552e-04  2.63102e-01
2.726840653e+03  2.6354051e-01  5.83911e-04  2.63541e-01
2.726801699e+03  2.6295235e-01  6.43266e-04  2.62952e-01
2.726762745e+03  2.6256908e-01  6.06131e-04  2.62569e-01
2.726723792e+03  2.5748736e-01  6.74443e-04  2.57487e-01
2.726684839e+03  2.6309580e-01  1.18635e-03  2.63096e-01
2.726645887e+03  2.5848865e-01  1.88667e-03  2.58489e-01
2.726606935e+03  2.5305611e-01  1.72533e-03  2.53056e-01
2.726567984e+03  2.5843790e-01  9.58952e-04  2.58438e-01
2.726529034e+03  2.6148735e-01  9.29700e-04  2.61487e-01
2.726490084e+03  2.6339333e-01  6.84602e-04  2.63393e-01
2.726451135e+03  2.6340609e-01  5.99819e-04  2.63406e-01
2.726412186e+03  2.6250396e-01  5.55774e-04  2.62504e-01
2.726373238e+03  2.6353535e-01  5.43486e-04  2.63535e-01
2.726334290e+03  2.3629849e-01  5.22135e-04  2.36298e-01
2.726295343e+03  2.5683247e-01  5.62449e-04  2.56832e-01
2.726256397e+03  2.6439097e-01  5.74138e-04  2.64391e-01
2.726217451e+03  2.6441504e-01  5.97423e-04  2.64415e-01
2.726178505e+03  2.6448879e-01  6.59496e-04  2.64489e-01
2.726139561e+03  2.6437239e-01  6.76177e-04  2.64372e-01
2.726100616e+03  2.6416187e-01  6.02559e-04  2.64162e-01
2.726061673e+03  2.5904304e-01  5.52380e-04  2.59043e-01
2.726022729e+03  2.6379172e-01  5.36917e-04  2.63792e-01
2.725983787e+03  2.6267910e-01  5.27524e-04  2.62679e-01
2.725944845e+03  2.6233270e-01  5.23750e-04  2.62333e-01
2.725905903e+03  2.6359443e-01  5.24743e-04  2.63594e-01
2.725866962e+03  2.6288018e-01  5.33620e-04  2.62880e-01
2.725828022e+03  2.4954951e-01  5.83280e-04  2.49550e-01
2.725789082e+03  2.6391761e-01  5.47214e-04  2.63918e-01
2.725750143e+03  2.6444959e-01  5.40780e-04  2.64450e-01
2.725711204e+03  2.6448285e-01  5.63141e-04  2.64483e-01
2.725672266e+03  2.6445334e-01  5.80767e-04  2.64453e-01
2.725633328e+03  2.6442472e-01  5.51226e-04  2.64425e-01
2.725594391e+03  2.6430997e-01  5.29510e-04  2.64310e-01
2.725555455e+03  2.6423248e-01  5.20993e-04  2.64232e-01
2.725516519e+03  2.6417124e-01  5.20366e-04  2.64171e-01
2.725477583e+03  2.6390668e-01  5.19921e-04  2.63907e-01
2.725438648e+03  2.5961878e-01  5.27200e-04  2.59619e-01
2.725399714e+03  2.6293933e-01  5.25482e-04  2.62939e-01
2.725360780e+03  2.6410477e-01  5.15660e-04  2.64105e-01
2.725321847e+03  2.6421316e-01  5.14959e-04  2.64213e-01
2.725282915e+03  2.6417291e-01  5.14506e-04  2.64173e-01
2.725243983e+03  2.6406724e-01  5.10911e-04  2.64067e-01
2.725205051e+03  2.6396600e-01  5.10016e-04  2.63966e-01
2.725166120e+03  2.6371600e-01  5.09164e-04  2.63716e-01
2.725127190e+03  2.6348821e-01  5.09135e-04  2.63488e-01
2.725088260e+03  2.6189974e-01  5.09744e-04  2.61900e-01
2.725049331e+03  2.6334564e-01  5.14395e-04  2.63346e-01
2.725010402e+03  2.6334289e-01  5.09678e-04  2.63343e-01
2.724971474e+03  2.6251682e-01  5.08414e-04  2.62517e-01
2.724932546e+03  2.6288314e-01  5.09023e-04  2.62883e-01
2.724893619e+03  2.6361137e-01  5.10563e-04  2.63611e-01
2.724854693e+03  2.6368768e-01  5.13950e-04  2.63688e-01
2.724815767e+03  2.6379605e-01  5.28716e-04  2.63796e-01
2.724776841e+03  2.6065377e-01  5.18048e-04  2.60654e-01
2.724737916e+03  2.6398240e-01  5.13800e-04  2.63982e-01
2.724698992e+03  2.6403502e-01  5.11541e-04  2.64035e-01
2.724660068e+03  2.6398928e-01  5.10487e-04  2.63989e-01
2.724621145e+03  2.6374033e-01  5.10154e-04  2.63740e-01
2.724582223e+03  2.6396290e-01  5.10635e-04  2.63963e-01
2.724543301e+03  2.6368856e-01  5.11082e-04  2.63689e-01
2.724504379e+03  2.6366017e-01  5.13441e-04  2.63660e-01
2.724465458e+03  2.6371129e-01  5.20941e-04  2.63711e-01
2.724426538e+03  2.6364355e-01  5.61921e-04  2.63644e-01
2.724387618e+03  2.6333194e-01  5.34909e-04  2.63332e-01
2.724348699e+03  2.6053202e-01  5.17242e-04  2.60532e-01
2.724309780e+03  2.6326985e-01  5.13854e-04  2.63270e-01
2.724270862e+03  2.6304016e-01  5.13968e-04  2.63040e-01
2.724231944e+03  2.6265035e-01  5.17185e-04  2.62650e-01
2.724193027e+03  2.6216093e-01  5.20949e-04  2.62161e-01
2.724154111e+03  2.5858023e-01  5.12978e-04  2.58580e-01
2.724115195e+03  2.5935078e-01  5.11237e-04  2.59351e-01
2.724076279e+03  2.5553220e-01  5.08515e-04  2.55532e-01
2.724037365e+03  2.4738325e-01  5.03719e-04  2.47383e-01
2.723998450e+03  2.3995207e-01  5.00097e-04  2.39952e-01
2.723959537e+03  2.4170176e-01  5.05640e-04  2.41702e-01
2.723920623e+03  2.3472821e-01  5.05289e-04  2.34728e-01
2.723881711e+03  2.5795789e-01  5.35072e-04  2.57958e-01
2.723842799e+03  2.5356810e-01  5.59349e-04  2.53568e-01
2.723803887e+03  2.6007402e-01  6.22433e-04  2.60074e-01
2.723764976e+03  2.6183240e-01  6.43697e-04  2.61832e-01
2.723726066e+03  2.6244819e-01  5.97774e-04  2.62448e-01
2.723687156e+03  2.6274118e-01  5.73893e-04  2.62741e-01
2.723648247e+03  2.6287031e-01  5.55426e-04  2.62870e-01
2.723609338e+03  2.6100550e-01  5.37838e-04  2.61006e-01
2.723570430e+03  2.6188536e-01  5.32446e-04  2.61885e-01
2.723531522e+03  2.6073209e-01  5.31828e-04  2.60732e-01
2.723492615e+03  2.1794414e-01  5.05451e-04  2.17944e-01
2.723453709e+03  2.6193960e-01  5.53068e-04  2.61940e-01
2.723414803e+03  2.6201478e-01  5.86905e-04  2.62015e-01
2.723375898e+03  2.6198678e-01  6.67152e-04  2.61987e-01
2.723336993e+03  2.6210532e-01  7.72041e-04  2.62105e-01
2.723298089e+03  2.6223321e-01  6.97329e-04  2.62233e-01
2.723259185e+03  2.6227957e-01  6.00580e-04  2.62280e-01
2.723220282e+03  2.6227996e-01  5.57505e-04  2.62280e-01
2.723181379e+03  2.6233833e-01  5.38505e-04  2.62338e-01
2.723142477e+03  2.6251451e-01  5.29127e-04  2.62515e-01
2.723103576e+03  2.6284960e-01  5.24510e-04  2.62850e-01
2.723064675e+03  2.6266522e-01  5.22170e-04  2.62665e-01
2.723025774e+03  2.6331805e-01  5.23172e-04  2.63318e-01
2.722986875e+03  2.6336476e-01  5.22348e-04  2.63365e-01
2.722947975e+03  2.6311308e-01  5.23552e-04  2.63113e-01
2.722909077e+03  2.6312743e-01  5.27397e-04  2.63127e-01
2.722870178e+03  2.6148275e-01  5.28839e-04  2.61483e-01
2.722831281e+03  2.2025623e-01  5.01591e-04  2.20256e-01
2.722792384e+03  2.6238918e-01  5.45313e-04  2.62389e-01
2.722753487e+03  2.6350543e-01  5.73071e-04  2.63505e-01
2.722714591e+03  2.6353919e-01  6.37290e-04  2.63539e-01
2.722675696e+03  2.6351294e-01  7.61044e-04  2.63513e-01
2.722636801e+03  2.6356871e-01  7.44765e-04  2.63569e-01
2.722597907e+03  2.6360758e-01  6.25634e-04  2.63608e-01
2.722559013e+03  2.6360132e-01  5.70489e-04  2.63601e-01
2.722520120e+03  2.6338791e-01  5.43901e-04  2.63388e-01
2.722481228e+03  2.6341539e-01  5.32462e-04  2.63415e-01
2.722442336e+03  2.6340450e-01  5.29152e-04  2.63404e-01
2.722403444e+03  2.6339729e-01  5.23710e-04  2.63397e-01
2.722364553e+03  2.6332950e-01  5.21423e-04  2.63329e-01
2.722325663e+03  2.6307128e-01  5.20301e-04  2.63071e-01
2.722286773e+03  2.6278536e-01  5.20000e-04  2.62785e-01
2.722247884e+03  2.6144278e-01  5.20635e-04  2.61443e-01
2.722208995e+03  2.6293154e-01  5.26105e-04  2.62932e-01
2.722170107e+03  2.6320467e-01  5.25783e-04  2.63205e-01
2.722131219e+03  2.6319838e-01  5.30808e-04  2.63198e-01
2.722092332e+03  2.2968579e-01  5.13272e-04  2.29686e-01
2.722053446e+03  2.4226175e-01  5.37158e-04  2.42262e-01
2.722014560e+03  2.5261185e-01  5.78362e-04  2.52612e-01
2.721975674e+03  2.6339309e-01  6.74807e-04  2.63393e-01
2.721936790e+03  2.6340144e-01  8.77644e-04  2.63401e-01
2.721897905e+03  2.6341752e-01  9.49792e-04  2.63418e-01
2.721859022e+03  2.5942942e-01  8.40642e-04  2.59429e-01
2.721820139e+03  2.6316898e-01  6.63130e-04  2.63169e-01
2.721781256e+03  2.6332373e-01  5.88291e-04  2.63324e-01
2.721742374e+03  2.6337524e-01  5.62439e-04  2.63375e-01
2.721703492e+03  2.6336471e-01  5.55111e-04  2.63365e-01
2.721664612e+03  2.6340985e-01  5.41260e-04  2.63410e-01
2.721625731e+03  2.6241756e-01  5.28612e-04  2.62418e-01
2.721586851e+03  2.6344994e-01  5.23931e-04  2.63450e-01
2.721547972e+03  2.6340879e-01  5.20587e-04  2.63409e-01
2.721509093e+03  2.6331584e-01  5.23836e-04  2.63316e-01
2.721470215e+03  2.6331000e-01  5.20555e-04  2.63310e-01
2.721431338e+03  2.6310274e-01  5.16532e-04  2.63103e-01
2.721392461e+03  2.6307065e-01  5.17372e-04  2.63071e-01
2.721353584e+03  2.6056350e-01  5.14827e-04  2.60564e-01
2.721314708e+03  2.6321603e-01  5.17277e-04  2.63216e-01
2.721275833e+03  2.6330309e-01  5.22943e-04  2.63303e-01
2.721236958e+03  2.6328809e-01  5.33815e-04  2.63288e-01
2.721198084e+03  2.6332478e-01  5.22582e-04  2.63325e-01
2.721159210e+03  2.6330773e-01  5.23205e-04  2.63308e-01
2.721120337e+03  2.6314441e-01  5.25607e-04  2.63144e-01
2.721081464e+03  2.4547668e-01  5.16906e-04  2.45477e-01
2.721042592e+03  2.6256127e-01  5.38754e-04  2.62561e-01
2.721003721e+03  2.2890948e-01  5.31736e-04  2.28909e-01
2.720964850e+03  2.6121887e-01  5.99387e-04  2.61219e-01
2.720925979e+03  2.6258225e-01  6.71671e-04  2.62582e-01
2.720887110e+03  2.6300112e-01  6.94535e-04  2.63001e-01
2.720848240e+03  2.6315362e-01  7.15153e-04  2.63154e-01
2.720809372e+03  2.6314223e-01  7.16899e-04  2.63142e-01
2.720770504e+03  2.6307824e-01  6.51118e-04  2.63078e-01
2.720731636e+03  2.5576941e-01  5.76377e-04  2.55769e-01
2.720692769e+03  2.5247791e-01  5.56419e-04  2.52478e-01
2.720653902e+03  2.3867140e-01  5.47911e-04  2.38671e-01
2.720615037e+03  2.5992890e-01  5.88973e-04  2.59929e-01
2.720576171e+03  2.6295742e-01  6.57193e-04  2.62957e-01
2.720537306e+03  2.6301797e-01  7.13784e-04  2.63018e-01
2.720498442e+03  2.6192136e-01  7.12496e-04  2.61921e-01
2.720459578e+03  2.6269117e-01  6.53744e-04  2.62691e-01
2.720420715e+03  2.6297663e-01  5.89253e-04  2.62977e-01
2.720381853e+03  2.6230930e-01  5.60660e-04  2.62309e-01
2.720342991e+03  2.6284786e-01  5.55326e-04  2.62848e-01
2.720304129e+03  2.3810439e-01  5.33810e-04  2.38104e-01
2.720265268e+03  2.6001574e-01  5.47888e-04  2.60016e-01
2.720226408e+03  2.6228311e-01  5.62853e-04  2.62283e-01
2.720187548e+03  2.6237319e-01  6.14365e-04  2.62373e-01
2.720148689e+03  2.5367270e-01  7.65898e-04  2.53673e-01
2.720109830e+03  2.6243016e-01  8.23021e-04  2.62430e-01
2.720070972e+03  2.6231630e-01  6.44445e-04  2.62316e-01
2.720032114e+03  2.6141363e-01  5.90234e-04  2.61414e-01
2.719993257e+03  2.6234132e-01  5.98507e-04  2.62341e-01
2.719954401e+03  2.6216311e-01  5.80827e-04  2.62163e-01
2.719915545e+03  2.6168504e-01  5.48910e-04  2.61685e-01
2.719876689e+03  2.5843965e-01  5.31639e-04  2.58440e-01
2.719837835e+03  2.6070040e-01  5.23471e-04  2.60700e-01
2.719798980e+03  2.5636846e-01  5.15090e-04  2.56368e-01
2.719760127e+03  2.5717273e-01  5.13547e-04  2.57173e-01
2.719721273e+03  2.5446291e-01  5.12640e-04  2.54463e-01
2.719682421e+03  2.4502576e-01  5.09113e-04  2.45026e-01
2.719643569e+03  2.3227316e-01  5.10303e-04  2.32273e-01
2.719604717e+03  2.3663072e-01  5.12645e-04  2.36631e-01
2.719565866e+03  2.4834523e-01  5.09895e-04  2.48345e-01
2.719527016e+03  2.5353629e-01  5.08188e-04  2.53536e-01
2.719488166e+03  2.5425350e-01  5.08002e-04  2.54254e-01
2.719449317e+03  2.5705147e-01  5.09872e-04  2.57051e-01
2.719410468e+03  2.5975665e-01  5.08388e-04  2.59757e-01
2.719371620e+03  2.6078606e-01  5.08181e-04  2.60786e-01
2.719332772e+03  2.6125592e-01  5.08186e-04  2.61256e-01
2.719293925e+03  2.6129793e-01  5.08075e-04  2.61298e-01
2.719255079e+03  2.6076976e-01  5.07856e-04  2.60770e-01
2.719216233e+03  2.6181739e-01  5.09434e-04  2.61817e-01
2.719177387e+03  2.6161309e-01  5.10371e-04  2.61613e-01
2.719138543e+03  2.5995637e-01  5.12385e-04  2.59956e-01
2.719099698e+03  2.6003053e-01  5.14540e-04  2.60031e-01
2.719060855e+03  2.6182168e-01  5.13041e-04  2.61822e-01
2.719022011e+03  2.6180119e-01  5.11034e-04  2.61801e-01
2.718983169e+03  2.6158881e-01  5.10434e-04  2.61589e-01
2.718944327e+03  2.5991465e-01  5.09558e-04  2.59915e-01
2.718905485e+03  2.6074738e-01  5.11505e-04  2.60747e-01
2.718866644e+03  2.6086521e-01  5.14376e-04  2.60865e-01
2.718827804e+03  2.5310545e-01  5.14426e-04  2.53105e-01
2.718788964e+03  2.5426223e-01  5.25428e-04  2.54262e-01
2.718750125e+03  2.6106413e-01  5.43291e-04  2.61064e-01
2.718711286e+03  2.5222210e-01  5.66978e-04  2.52222e-01
2.718672448e+03  2.6034837e-01  6.47467e-04  2.60348e-01
2.718633610e+03  2.5998257e-01  6.42018e-04  2.59983e-01
2.718594773e+03  2.5904796e-01  5.88252e-04  2.59048e-01
2.718555937e+03  2.5845595e-01  5.87651e-04  2.58456e-01
2.718517101e+03  2.5669873e-01  5.64242e-04  2.56699e-01
2.718478265e+03  2.5445238e-01  5.34284e-04  2.54452e-01
2.718439430e+03  2.4974112e-01  5.16385e-04  2.49741e-01
2.718400596e+03  2.3974304e-01  5.01888e-04  2.39743e-01
2.718361762e+03  2.2133835e-01  4.83299e-04  2.21338e-01
2.718322929e+03  2.1550003e-01  4.76607e-04  2.15500e-01
2.718284097e+03  2.2633796e-01  4.83666e-04  2.26338e-01
2.718245264e+03  2.4008739e-01  4.93876e-04  2.40087e-01
2.718206433e+03  2.4779479e-01  5.01330e-04  2.47795e-01
2.718167602e+03  2.5205705e-01  5.03936e-04  2.52057e-01
2.718128772e+03  2.5496011e-01  5.10190e-04  2.54960e-01
2.718089942e+03  2.5665324e-01  5.10740e-04  2.56653e-01
2.718051112e+03  2.5766691e-01  5.22302e-04  2.57667e-01
2.718012284e+03  2.5852068e-01  5.14744e-04  2.58521e-01
2.717973455e+03  2.5909388e-01  5.11443e-04  2.59094e-01
2.717934628e+03  2.5967095e-01  5.12187e-04  2.59671e-01
2.717895801e+03  2.5094927e-01  5.05248e-04  2.50949e-01
2.717856974e+03  2.6060189e-01  5.15680e-04  2.60602e-01
2.717818148e+03  2.6082950e-01  5.25942e-04  2.60829e-01
2.717779323e+03  2.6097892e-01  5.62923e-04  2.60979e-01
2.717740498e+03  2.6065644e-01  6.52727e-04  2.60656e-01
2.717701674e+03  2.5966058e-01  5.70204e-04  2.59661e-01
2.717662850e+03  2.6020571e-01  5.27291e-04  2.60206e-01
2.717624027e+03  2.5570427e-01  5.12569e-04  2.55704e-01
2.717585204e+03  2.6022762e-01  5.12838e-04  2.60228e-01
2.717546382e+03  2.5996182e-01  5.10779e-04  2.59962e-01
2.717507560e+03  2.6123504e-01  5.12603e-04  2.61235e-01
2.717468739e+03  2.6165063e-01  5.17143e-04  2.61651e-01
2.717429919e+03  2.6167376e-01  5.23929e-04  2.61674e-01
2.717391099e+03  2.6154084e-01  5.15798e-04  2.61541e-01
2.717352280e+03  2.6108076e-01  5.16517e-04  2.61081e-01
2.717313461e+03  2.6107287e-01  5.46229e-04  2.61073e-01
2.717274643e+03  2.6097944e-01  5.42294e-04  2.60979e-01
2.717235825e+03  2.6153888e-01  5.38979e-04  2.61539e-01
2.717197008e+03  2.6159207e-01  5.59005e-04  2.61592e-01
2.717158192e+03  2.6100171e-01  5.22019e-04  2.61002e-01
2.717119376e+03  2.6007240e-01  5.14961e-04  2.60072e-01
2.717080560e+03  2.5759419e-01  5.09941e-04  2.57594e-01
2.717041745e+03  2.6120118e-01  5.12794e-04  2.61201e-01
2.717002931e+03  2.5997526e-01  5.14101e-04  2.59975e-01
2.716964117e+03  2.5704456e-01  5.19519e-04  2.57045e-01
2.716925304e+03  2.6151054e-01  5.39832e-04  2.61511e-01
2.716886491e+03  2.5719754e-01  5.40020e-04  2.57198e-01
2.716847679e+03  2.6067448e-01  5.38436e-04  2.60674e-01
2.716808868e+03  2.6012752e-01  5.47548e-04  2.60128e-01
2.716770057e+03  2.6115390e-01  5.32968e-04  2.61154e-01
2.716731246e+03  2.6143820e-01  5.18179e-04  2.61438e-01
2.716692436e+03  2.6145446e-01  5.12973e-04  2.61454e-01
2.716653627e+03  2.6162719e-01  5.10444e-04  2.61627e-01
2.716614818e+03  2.6164287e-01  5.09415e-04  2.61643e-01
2.716576010e+03  2.6150005e-01  5.09032e-04  2.61500e-01
2.716537202e+03  2.6150602e-01  5.09474e-04  2.61506e-01
2.716498395e+03  2.6146768e-01  5.10211e-04  2.61468e-01
2.716459589e+03  2.6126651e-01  5.11034e-04  2.61267e-01
2.716420783e+03  2.4854463e-01  5.03879e-04  2.48545e-01
2.716381977e+03  2.6116149e-01  5.18518e-04  2.61161e-01
2.716343172e+03  2.6112178e-01  5.27334e-04  2.61122e-01
2.716304368e+03  2.6105714e-01  5.50839e-04  2.61057e-01
2.716265564e+03  2.6094802e-01  5.78146e-04  2.60948e-01
2.716226761e+03  2.6076723e-01  5.54644e-04  2.60767e-01
2.716187958e+03  2.6057359e-01  5.29793e-04  2.60574e-01
2.716149156e+03  2.5463348e-01  5.15777e-04  2.54633e-01
2.716110354e+03  2.5366143e-01  5.12320e-04  2.53661e-01
2.716071553e+03  2.5953727e-01  5.17283e-04  2.59537e-01
2.716032753e+03  2.5899742e-01  5.23464e-04  2.58997e-01
2.715993953e+03  2.5864539e-01  5.47109e-04  2.58645e-01
2.715955154e+03  2.5768509e-01  5.89709e-04  2.57685e-01
2.715916355e+03  2.5641624e-01  5.51245e-04  2.56416e-01
2.715877557e+03  2.5465623e-01  5.20864e-04  2.54656e-01
2.715838759e+03  2.5243501e-01  5.11546e-04  2.52435e-01
2.715799962e+03  2.4892185e-01  5.04823e-04  2.48922e-01
2.715761165e+03  2.4289181e-01  4.97374e-04  2.42892e-01
2.715722369e+03  2.3104212e-01  4.86779e-04  2.31042e-01
2.715683574e+03  2.1494986e-01  4.74024e-04  2.14950e-01
2.715644779e+03  2.1080095e-01  4.71321e-04  2.10801e-01
2.715605984e+03  2.2439793e-01  4.82568e-04  2.24398e-01
2.715567191e+03  2.3359746e-01  4.92164e-04  2.33597e-01
2.715528397e+03  2.4445243e-01  4.99980e-04  2.44452e-01
2.715489605e+03  2.4907882e-01  5.06359e-04  2.49079e-01
2.715450812e+03  2.5240595e-01  5.16770e-04  2.52406e-01
2.715412021e+03  2.5039446e-01  5.29073e-04  2.50394e-01
2.715373230e+03  2.5583661e-01  5.28484e-04  2.55837e-01
2.715334439e+03  2.5725527e-01  5.17727e-04  2.57255e-01
2.715295649e+03  2.5786761e-01  5.10849e-04  2.57868e-01
2.715256860e+03  2.5827327e-01  5.09546e-04  2.58273e-01
2.715218071e+03  2.5763896e-01  5.10077e-04  2.57639e-01
2.715179283e+03  2.5942222e-01  5.12487e-04  2.59422e-01
2.715140495e+03  2.4985003e-01  5.08922e-04  2.49850e-01
2.715101708e+03  2.5199700e-01  5.21425e-04  2.51997e-01
2.715062921e+03  2.6003226e-01  5.42184e-04  2.60032e-01
2.715024135e+03  2.5910096e-01  5.47824e-04  2.59101e-01
2.714985350e+03  2.5966785e-01  5.73828e-04  2.59668e-01
2.714946565e+03  2.6050136e-01  5.84969e-04  2.60501e-01
2.714907780e+03  2.6034061e-01  5.56525e-04  2.60341e-01
2.714868997e+03  2.6016502e-01  5.57495e-04  2.60165e-01
2.714830213e+03  2.5995861e-01  5.71118e-04  2.59959e-01
2.714791431e+03  2.5866810e-01  5.45554e-04  2.58668e-01
2.714752648e+03  2.5565426e-01  6.02645e-04  2.55654e-01
2.714713867e+03  2.5596343e-01  5.34633e-04  2.55963e-01
2.714675086e+03  2.5353714e-01  5.11509e-04  2.53537e-01
2.714636305e+03  2.6048291e-01  5.12259e-04  2.60483e-01
2.714597525e+03  2.6067218e-01  5.12993e-04  2.60672e-01
2.714558746e+03  2.6107633e-01  5.18906e-04  2.61076e-01
2.714519967e+03  2.6117130e-01  5.25146e-04  2.61171e-01
2.714481189e+03  2.6124261e-01  5.16447e-04  2.61243e-01
2.714442411e+03  2.6118961e-01  5.19479e-04  2.61190e-01
2.714403634e+03  2.6068250e-01  5.15853e-04  2.60682e-01
2.714364857e+03  2.6082038e-01  5.10556e-04  2.60820e-01
2.714326081e+03  2.6101461e-01  5.11455e-04  2.61015e-01
2.714287305e+03  2.6122309e-01  5.08432e-04  2.61223e-01
2.714248530e+03  2.6111995e-01  5.11498e-04  2.61120e-01
2.714209756e+03  2.6111147e-01  5.23842e-04  2.61111e-01
2.714170982e+03  2.6113633e-01  5.11440e-04  2.61136e-01
2.714132209e+03  2.6114949e-01  5.07786e-04  2.61149e-01
2.714093436e+03  2.6103866e-01  5.06334e-04  2.61039e-01
2.714054664e+03  2.6004998e-01  5.05387e-04  2.60050e-01
2.714015892e+03  2.5805188e-01  5.04584e-04  2.58052e-01
2.713977121e+03  2.6007165e-01  5.06936e-04  2.60072e-01
2.713938351e+03  2.5856216e-01  5.08917e-04  2.58562e-01
2.713899581e+03  2.5816143e-01  5.20444e-04  2.58161e-01
2.713860811e+03  2.6059956e-01  5.35562e-04  2.60600e-01
2.713822042e+03  2.6064408e-01  5.17829e-04  2.60644e-01
2.713783274e+03  2.5975888e-01  5.08662e-04  2.59759e-01
2.713744506e+03  2.6003643e-01  5.06837e-04  2.60036e-01
2.713705739e+03  2.6096814e-01  5.08920e-04  2.60968e-01
2.713666972e+03  2.6118161e-01  5.20627e-04  2.61182e-01
2.713628206e+03  2.6124888e-01  5.11404e-04  2.61249e-01
2.713589441e+03  2.6130086e-01  5.06923e-04  2.61301e-01
2.713550676e+03  2.6124375e-01  5.05722e-04  2.61244e-01
2.713511911e+03  2.6124909e-01  5.05080e-04  2.61249e-01
2.713473147e+03  2.6127111e-01  5.05066e-04  2.61271e-01
2.713434384e+03  2.6127356e-01  5.04920e-04  2.61274e-01
2.713395621e+03  2.6110020e-01  5.05168e-04  2.61100e-01
2.713356859e+03  2.6070493e-01  5.04951e-04  2.60705e-01
2.713318097e+03  2.6126652e-01  5.05626e-04  2.61267e-01
2.713279336e+03  2.6126930e-01  5.07170e-04  2.61269e-01
2.713240575e+03  2.6124384e-01  5.10055e-04  2.61244e-01
2.713201815e+03  2.6108162e-01  5.12741e-04  2.61082e-01
2.713163056e+03  2.5644365e-01  5.05565e-04  2.56444e-01
2.713124297e+03  2.6101192e-01  5.06304e-04  2.61012e-01
2.713085539e+03  2.6065277e-01  5.05658e-04  2.60653e-01
2.713046781e+03  2.6056647e-01  5.06202e-04  2.60566e-01
2.713008024e+03  2.5991970e-01  5.05019e-04  2.59920e-01
2.712969267e+03  2.6033743e-01  5.05846e-04  2.60337e-01
2.712930511e+03  2.6064717e-01  5.08442e-04  2.60647e-01
2.712891755e+03  2.5985240e-01  5.05395e-04  2.59852e-01
2.712853000e+03  2.6063819e-01  5.05867e-04  2.60638e-01
2.712814246e+03  2.6073996e-01  5.07700e-04  2.60740e-01
2.712775492e+03  2.6081362e-01  5.13227e-04  2.60814e-01
2.712736738e+03  2.6086393e-01  5.26805e-04  2.60864e-01
2.712697985e+03  2.6090275e-01  5.15210e-04  2.60903e-01
2.712659233e+03  2.6087584e-01  5.08825e-04  2.60876e-01
2.712620481e+03  2.6082645e-01  5.07036e-04  2.60826e-01
2.712581730e+03  2.6072732e-01  5.06527e-04  2.60727e-01
2.712542980e+03  2.6064784e-01  5.06849e-04  2.60648e-01
2.712504230e+03  2.6054222e-01  5.07352e-04  2.60542e-01
2.712465480e+03  2.6031260e-01  5.08086e-04  2.60313e-01
2.712426731e+03  2.5540941e-01  5.05669e-04  2.55409e-01
2.712387983e+03  2.6013020e-01  5.12841e-04  2.60130e-01
2.712349235e+03  2.6030209e-01  5.17346e-04  2.60302e-01
2.712310488e+03  2.6013031e-01  5.27802e-04  2.60130e-01
2.712271741e+03  2.6050328e-01  5.73279e-04  2.60503e-01
2.712232995e+03  2.6055364e-01  5.47740e-04  2.60554e-01
2.712194249e+03  2.6067356e-01  5.70989e-04  2.60674e-01
2.712155504e+03  2.6075871e-01  8.17349e-04  2.60759e-01
2.712116759e+03  2.6076785e-01  9.22885e-04  2.60768e-01
2.712078015e+03  2.6071865e-01  8.09639e-04  2.60719e-01
2.712039272e+03  2.6068412e-01  8.37066e-04  2.60684e-01
2.712000529e+03  2.6063647e-01  6.70215e-04  2.60636e-01
2.711961787e+03  2.6039473e-01  5.58447e-04  2.60395e-01
2.711923045e+03  2.6034508e-01  5.43705e-04  2.60345e-01
2.711884304e+03  2.6049500e-01  5.28338e-04  2.60495e-01
2.711845563e+03  2.6036973e-01  5.30410e-04  2.60370e-01
2.711806823e+03  2.6052565e-01  5.58327e-04  2.60526e-01
2.711768084e+03  2.6022178e-01  7.26998e-04  2.60222e-01
2.711729345e+03  2.6063940e-01  5.96300e-04  2.60639e-01
2.711690606e+03  2.5553688e-01  5.37249e-04  2.55537e-01
2.711651868e+03  2.6022258e-01  5.30252e-04  2.60223e-01
2.711613131e+03  2.6021755e-01  5.34130e-04  2.60218e-01
2.711574394e+03  2.6038253e-01  5.44792e-04  2.60383e-01
2.711535658e+03  2.6060426e-01  5.40036e-04  2.60604e-01
2.711496922e+03  2.6070909e-01  5.42556e-04  2.60709e-01
2.711458187e+03  2.6065030e-01  5.44128e-04  2.60650e-01
2.711419453e+03  2.6066150e-01  5.54541e-04  2.60661e-01
2.711380719e+03  2.6064317e-01  5.94933e-04  2.60643e-01
2.711341985e+03  2.6050381e-01  8.08879e-04  2.60504e-01
2.711303252e+03  2.6065947e-01  7.74928e-04  2.60659e-01
2.711264520e+03  2.6065087e-01  7.76903e-04  2.60651e-01
2.711225788e+03  2.6071951e-01  6.26107e-04  2.60720e-01
2.711187057e+03  2.6050421e-01  5.40615e-04  2.60504e-01
2.711148326e+03  2.6064241e-01  5.22658e-04  2.60642e-01
2.711109596e+03  2.5671436e-01  5.14044e-04  2.56714e-01
2.711070866e+03  2.6059576e-01  5.16040e-04  2.60596e-01
2.711032137e+03  2.6058736e-01  5.19834e-04  2.60587e-01
2.710993409e+03  2.6057401e-01  5.33158e-04  2.60574e-01
2.710954681e+03  2.5592198e-01  5.72128e-04  2.55922e-01
2.710915954e+03  2.6055789e-01  5.32921e-04  2.60558e-01
2.710877227e+03  2.6046637e-01  5.16057e-04  2.60466e-01
2.710838501e+03  2.6051378e-01  5.10934e-04  2.60514e-01
2.710799775e+03  2.6025077e-01  5.08023e-04  2.60251e-01
2.710761050e+03  2.6048144e-01  5.06981e-04  2.60481e-01
2.710722325e+03  2.6046251e-01  5.06442e-04  2.60463e-01
2.710683601e+03  2.6048488e-01  5.06529e-04  2.60485e-01
2.710644878e+03  2.5894993e-01  5.05305e-04  2.58950e-01
2.710606155e+03  2.6044935e-01  5.06856e-04  2.60449e-01
2.710567432e+03  2.6046097e-01  5.08216e-04  2.60461e-01
2.710528710e+03  2.5902692e-01  5.10890e-04  2.59027e-01
2.710489989e+03  2.6002578e-01  5.17068e-04  2.60026e-01
2.710451268e+03  2.6027150e-01  5.15934e-04  2.60271e-01
2.710412548e+03  2.6015838e-01  5.13445e-04  2.60158e-01
2.710373829e+03  2.6009974e-01  5.15622e-04  2.60100e-01
2.710335109e+03  2.5987820e-01  5.18429e-04  2.59878e-01
2.710296391e+03  2.5987052e-01  5.12075e-04  2.59871e-01
2.710257673e+03  2.6022670e-01  5.07540e-04  2.60227e-01
2.710218956e+03  2.5580080e-01  5.02512e-04  2.55801e-01
2.710180239e+03  2.5948103e-01  5.04621e-04  2.59481e-01
2.710141522e+03  2.6040255e-01  5.05678e-04  2.60403e-01
2.710102807e+03  2.6038761e-01  5.06194e-04  2.60388e-01
2.710064091e+03  2.6040603e-01  5.08864e-04  2.60406e-01
2.710025377e+03  2.6014777e-01  5.10406e-04  2.60148e-01
2.709986663e+03  2.6039163e-01  5.07806e-04  2.60392e-01
2.709947949e+03  2.6041536e-01  5.06526e-04  2.60415e-01
2.709909236e+03  2.6041257e-01  5.09194e-04  2.60413e-01
2.709870524e+03  2.6036828e-01  5.05980e-04  2.60368e-01
2.709831812e+03  2.6028998e-01  5.04708e-04  2.60290e-01
2.709793100e+03  2.6028395e-01  5.04180e-04  2.60284e-01
2.709754390e+03  2.6017513e-01  5.04164e-04  2.60175e-01
2.709715679e+03  2.6012739e-01  5.04730e-04  2.60127e-01
2.709676970e+03  2.6015041e-01  5.04297e-04  2.60150e-01
2.709638261e+03  2.6019526e-01  5.04477e-04  2.60195e-01
2.709599552e+03  2.6018503e-01  5.04970e-04  2.60185e-01
2.709560844e+03  2.6004334e-01  5.05653e-04  2.60043e-01
2.709522137e+03  2.5918257e-01  5.07118e-04  2.59183e-01
2.709483430e+03  2.4961161e-01  5.01406e-04  2.49612e-01
2.709444723e+03  2.5955764e-01  5.12777e-04  2.59558e-01
2.709406018e+03  2.5993257e-01  5.26633e-04  2.59933e-01
2.709367312e+03  2.6004726e-01  5.32015e-04  2.60047e-01
2.709328608e+03  2.6004299e-01  5.36265e-04  2.60043e-01
2.709289904e+03  2.5974537e-01  5.23486e-04  2.59745e-01
2.709251200e+03  2.5997010e-01  5.14567e-04  2.59970e-01
2.709212497e+03  2.6008134e-01  5.10562e-04  2.60081e-01
2.709173794e+03  2.5999870e-01  5.10002e-04  2.59999e-01
2.709135092e+03  2.6001595e-01  5.12945e-04  2.60016e-01
2.709096391e+03  2.5997105e-01  5.25224e-04  2.59971e-01
2.709057690e+03  2.5983447e-01  5.87501e-04  2.59834e-01
2.709018990e+03  2.5989068e-01  5.49028e-04  2.59891e-01
2.708980290e+03  2.5979127e-01  5.15007e-04  2.59791e-01
2.708941591e+03  2.5959541e-01  5.09828e-04  2.59595e-01
2.708902893e+03  2.5967891e-01  5.09151e-04  2.59679e-01
2.708864194e+03  2.5969971e-01  5.10020e-04  2.59700e-01
2.708825497e+03  2.5979658e-01  5.15450e-04  2.59797e-01
2.708786800e+03  2.5978422e-01  5.11238e-04  2.59784e-01
2.708748104e+03  2.5554357e-01  5.14579e-04  2.55544e-01
2.708709408e+03  2.5896607e-01  5.23826e-04  2.58966e-01
2.708670712e+03  2.5889328e-01  5.09798e-04  2.58893e-01
2.708632018e+03  2.5940165e-01  5.06866e-04  2.59402e-01
2.708593324e+03  2.5957492e-01  5.06100e-04  2.59575e-01
2.708554630e+03  2.5958245e-01  5.06025e-04  2.59582e-01
2.708515937e+03  2.5938690e-01  5.05775e-04  2.59387e-01
2.708477244e+03  2.5959478e-01  5.06583e-04  2.59595e-01
2.708438552e+03  2.5956377e-01  5.08005e-04  2.59564e-01
2.708399861e+03  2.5945964e-01  5.09331e-04  2.59460e-01
2.708361170e+03  2.5894426e-01  5.11726e-04  2.58944e-01
2.708322480e+03  2.3174939e-01  4.95913e-04  2.31749e-01
2.708283790e+03  2.5894794e-01  5.25488e-04  2.58948e-01
2.708245101e+03  2.5935519e-01  5.45926e-04  2.59355e-01
2.708206412e+03  2.5972793e-01  5.89953e-04  2.59728e-01
2.708167724e+03  2.5977728e-01  6.27552e-04  2.59777e-01
2.708129036e+03  2.5979650e-01  5.84075e-04  2.59796e-01
2.708090349e+03  2.5948141e-01  5.43351e-04  2.59481e-01
2.708051663e+03  2.5976435e-01  5.24786e-04  2.59764e-01
2.708012977e+03  2.5609438e-01  5.13900e-04  2.56094e-01
2.707974292e+03  2.5960096e-01  5.12923e-04  2.59601e-01
2.707935607e+03  2.5973911e-01  5.13132e-04  2.59739e-01
2.707896923e+03  2.5925691e-01  5.10069e-04  2.59257e-01
2.707858239e+03  2.5867682e-01  5.06915e-04  2.58677e-01
2.707819556e+03  2.5872227e-01  5.05889e-04  2.58722e-01
2.707780873e+03  2.5925159e-01  5.06426e-04  2.59252e-01
2.707742191e+03  2.5938870e-01  5.07072e-04  2.59389e-01
2.707703510e+03  2.5961689e-01  5.07158e-04  2.59617e-01
2.707664829e+03  2.5963716e-01  5.09314e-04  2.59637e-01
2.707626148e+03  2.5969508e-01  5.12159e-04  2.59695e-01
2.707587469e+03  2.5972409e-01  5.07034e-04  2.59724e-01
2.707548789e+03  2.5978047e-01  5.04762e-04  2.59780e-01
2.707510111e+03  2.5972043e-01  5.04156e-04  2.59720e-01
2.707471432e+03  2.5913900e-01  5.03545e-04  2.59139e-01
2.707432755e+03  2.5808766e-01  5.02710e-04  2.58088e-01
2.707394078e+03  2.5893428e-01  5.03878e-04  2.58934e-01
2.707355401e+03  2.5962267e-01  5.04639e-04  2.59623e-01
2.707316725e+03  2.5913644e-01  5.06809e-04  2.59136e-01
2.707278050e+03  2.5523007e-01  5.04153e-04  2.55230e-01
2.707239375e+03  2.5539157e-01  5.02977e-04  2.55392e-01
2.707200701e+03  2.5814681e-01  5.06351e-04  2.58147e-01
2.707162027e+03  2.5960915e-01  5.13281e-04  2.59609e-01
2.707123354e+03  2.5895949e-01  5.18052e-04  2.58959e-01
2.707084681e+03  2.5877332e-01  5.20565e-04  2.58773e-01
2.707046009e+03  2.5952834e-01  5.18721e-04  2.59528e-01
2.707007338e+03  2.5940608e-01  5.14774e-04  2.59406e-01
2.706968667e+03  2.5949363e-01  5.11515e-04  2.59494e-01
2.706929996e+03  2.5938752e-01  5.09870e-04  2.59388e-01
2.706891326e+03  2.5841958e-01  5.06370e-04  2.58420e-01
2.706852657e+03  2.5804930e-01  5.04457e-04  2.58049e-01
2.706813988e+03  2.5912526e-01  5.04286e-04  2.59125e-01
2.706775320e+03  2.5915412e-01  5.04313e-04  2.59154e-01
2.706736652e+03  2.5793699e-01  5.03138e-04  2.57937e-01
2.706697985e+03  2.5814245e-01  5.02662e-04  2.58142e-01
2.706659319e+03  2.5925092e-01  5.03588e-04  2.59251e-01
2.706620653e+03  2.5941502e-01  5.03509e-04  2.59415e-01
2.706581987e+03  2.5932096e-01  5.03813e-04  2.59321e-01
2.706543322e+03  2.5920259e-01  5.04094e-04  2.59203e-01
2.706504658e+03  2.5628920e-01  5.02650e-04  2.56289e-01
2.706465994e+03  2.5931177e-01  5.05969e-04  2.59312e-01
2.706427331e+03  2.5933526e-01  5.12448e-04  2.59335e-01
2.706388668e+03  2.5657670e-01  5.14271e-04  2.56577e-01
2.706350006e+03  2.5199147e-01  5.10671e-04  2.51991e-01
2.706311344e+03  2.5847695e-01  5.16978e-04  2.58477e-01
2.706272683e+03  2.5806848e-01  5.19810e-04  2.58068e-01
2.706234023e+03  2.5860387e-01  5.33870e-04  2.58604e-01
2.706195363e+03  2.5936114e-01  5.41211e-04  2.59361e-01
2.706156704e+03  2.5940073e-01  5.27195e-04  2.59401e-01
2.706118045e+03  2.5924477e-01  5.14831e-04  2.59245e-01
2.706079386e+03  2.5874605e-01  5.09512e-04  2.58746e-01
2.706040729e+03  2.5871264e-01  5.06688e-04  2.58713e-01
2.706002072e+03  2.5920172e-01  5.05258e-04  2.59202e-01
2.705963415e+03  2.5920960e-01  5.04803e-04  2.59210e-01
2.705924759e+03  2.5925262e-01  5.03943e-04  2.59253e-01
2.705886103e+03  2.5929619e-01  5.03484e-04  2.59296e-01
2.705847448e+03  2.5927161e-01  5.03266e-04  2.59272e-01
2.705808794e+03  2.5917176e-01  5.03104e-04  2.59172e-01
2.705770140e+03  2.5653510e-01  5.01155e-04  2.56535e-01
2.705731487e+03  2.5915217e-01  5.03780e-04  2.59152e-01
2.705692834e+03  2.5913738e-01  5.02795e-04  2.59137e-01
2.705654182e+03  2.5903992e-01  5.02528e-04  2.59040e-01
2.705615530e+03  2.5912222e-01  5.03759e-04  2.59122e-01
2.705576879e+03  2.5908819e-01  5.04235e-04  2.59088e-01
2.705538229e+03  2.5906808e-01  5.03574e-04  2.59068e-01
2.705499579e+03  2.5900593e-01  5.04067e-04  2.59006e-01
2.705460929e+03  2.5874792e-01  5.03316e-04  2.58748e-01
2.705422280e+03  2.5850305e-01  5.02211e-04  2.58503e-01
2.705383632e+03  2.5751193e-01  5.01176e-04  2.57512e-01
2.705344984e+03  2.5791478e-01  5.01640e-04  2.57915e-01
2.705306337e+03  2.5792096e-01  5.01283e-04  2.57921e-01
2.705267690e+03  2.5733749e-01  5.00875e-04  2.57337e-01
2.705229044e+03  2.5636249e-01  5.00493e-04  2.56362e-01
2.705190399e+03  2.5619655e-01  5.00442e-04  2.56197e-01
2.705151753e+03  2.5730577e-01  5.02836e-04  2.57306e-01
2.705113109e+03  2.5779767e-01  5.02941e-04  2.57798e-01
2.705074465e+03  2.5786948e-01  5.02120e-04  2.57869e-01
2.705035822e+03  2.5562375e-01  5.00559e-04  2.55624e-01
2.704997179e+03  2.5744835e-01  5.01668e-04  2.57448e-01
2.704958537e+03  2.5652866e-01  5.01208e-04  2.56529e-01
2.704919895e+03  2.5660171e-01  5.01788e-04  2.56602e-01
2.704881254e+03  2.5640093e-01  5.02706e-04  2.56401e-01
2.704842613e+03  2.5397298e-01  5.03101e-04  2.53973e-01
2.704803973e+03  2.4705477e-01  5.03054e-04  2.47055e-01
2.704765334e+03  2.3969006e-01  5.17505e-04  2.39690e-01
2.704726695e+03  2.4686841e-01  5.96088e-04  2.46868e-01
2.704688056e+03  2.5381188e-01  5.31117e-04  2.53812e-01
2.704649418e+03  2.5593025e-01  5.23650e-04  2.55930e-01
2.704610781e+03  2.5531842e-01  5.76278e-04  2.55318e-01
2.704572144e+03  2.5559723e-01  5.51002e-04  2.55597e-01
2.704533508e+03  2.5338322e-01  5.49318e-04  2.53383e-01
2.704494873e+03  2.4714968e-01  5.09572e-04  2.47150e-01
2.704456237e+03  2.3684853e-01  4.97283e-04  2.36849e-01
2.704417603e+03  2.3996068e-01  4.95229e-04  2.39961e-01
2.704378969e+03  2.5034624e-01  5.00034e-04  2.50346e-01
2.704340335e+03  2.5443467e-01  5.02059e-04  2.54435e-01
2.704301703e+03  2.5399240e-01  5.02624e-04  2.53992e-01
2.704263070e+03  2.5621085e-01  5.02644e-04  2.56211e-01
2.704224438e+03  2.5631352e-01  5.02507e-04  2.56314e-01
2.704185807e+03  2.5592164e-01  5.01441e-04  2.55922e-01
2.704147177e+03  2.5505724e-01  5.01560e-04  2.55057e-01
2.704108546e+03  2.5303860e-01  5.05182e-04  2.53039e-01
2.704069917e+03  2.4725307e-01  4.95827e-04  2.47253e-01
2.704031288e+03  2.3518143e-01  4.85484e-04  2.35181e-01
2.703992659e+03  2.3334927e-01  4.83346e-04  2.33349e-01
2.703954031e+03  2.4138307e-01  4.89142e-04  2.41383e-01
2.703915404e+03  2.3973853e-01  4.87917e-04  2.39739e-01
2.703876777e+03  2.2472913e-01  4.77115e-04  2.24729e-01
2.703838151e+03  2.1470097e-01  4.69290e-04  2.14701e-01
2.703799525e+03  2.3254856e-01  4.82553e-04  2.32549e-01
2.703760900e+03  2.4679436e-01  4.93082e-04  2.46794e-01
2.703722276e+03  2.5213280e-01  4.97608e-04  2.52133e-01
2.703683652e+03  2.5459288e-01  4.99229e-04  2.54593e-01
2.703645028e+03  2.5593537e-01  5.00832e-04  2.55935e-01
2.703606405e+03  2.5671117e-01  5.03315e-04  2.56711e-01
2.703567783e+03  2.5611358e-01  5.06720e-04  2.56114e-01
2.703529161e+03  2.5753273e-01  5.02081e-04  2.57533e-01
2.703490540e+03  2.5775441e-01  5.01272e-04  2.57754e-01
2.703451919e+03  2.5730903e-01  5.00809e-04  2.57309e-01
2.703413299e+03  2.5665890e-01  5.00797e-04  2.56659e-01
2.703374679e+03  2.5755943e-01  5.02415e-04  2.57559e-01
2.703336060e+03  2.5809894e-01  5.07136e-04  2.58099e-01
2.703297441e+03  2.5826006e-01  5.05190e-04  2.58260e-01
2.703258823e+03  2.5785539e-01  5.05194e-04  2.57855e-01
2.703220206e+03  2.5836363e-01  5.03214e-04  2.58364e-01
2.703181589e+03  2.5832420e-01  5.03282e-04  2.58324e-01
2.703142973e+03  2.5840053e-01  5.04396e-04  2.58401e-01
2.703104357e+03  2.5834502e-01  5.07215e-04  2.58345e-01
2.703065742e+03  2.5822600e-01  5.08526e-04  2.58226e-01
2.703027127e+03  2.5824998e-01  5.04741e-04  2.58250e-01
2.702988513e+03  2.5845671e-01  5.03188e-04  2.58457e-01
2.702949899e+03  2.5851019e-01  5.03681e-04  2.58510e-01
2.702911286e+03  2.5850860e-01  5.04692e-04  2.58509e-01
2.702872674e+03  2.5847603e-01  5.05673e-04  2.58476e-01
2.702834062e+03  2.5788677e-01  5.12520e-04  2.57887e-01
2.702795451e+03  2.5846768e-01  5.21730e-04  2.58468e-01
2.702756840e+03  2.5848116e-01  5.09049e-04  2.58481e-01
2.702718230e+03  2.5848864e-01  5.13195e-04  2.58489e-01
2.702679620e+03  2.5848189e-01  5.14390e-04  2.58482e-01
2.702641011e+03  2.5838839e-01  5.20153e-04  2.58388e-01
2.702602402e+03  2.5827098e-01  5.06531e-04  2.58271e-01
2.702563794e+03  2.5766746e-01  5.02768e-04  2.57667e-01
2.702525187e+03  2.5652552e-01  5.01221e-04  2.56526e-01
2.702486580e+03  2.5719493e-01  5.02825e-04  2.57195e-01
2.702447973e+03  2.5771756e-01  5.03986e-04  2.57718e-01
2.702409367e+03  2.5726555e-01  5.07586e-04  2.57266e-01
2.702370762e+03  2.5653126e-01  5.03409e-04  2.56531e-01
2.702332157e+03  2.5589318e-01  5.02369e-04  2.55893e-01
2.702293553e+03  2.5501656e-01  5.01325e-04  2.55017e-01
2.702254949e+03  2.5700693e-01  5.03941e-04  2.57007e-01
2.702216346e+03  2.5694595e-01  5.07153e-04  2.56946e-01
2.702177744e+03  2.5695758e-01  5.15916e-04  2.56958e-01
2.702139142e+03  2.5797238e-01  5.25757e-04  2.57972e-01
2.702100540e+03  2.5817332e-01  5.23792e-04  2.58173e-01
2.702061939e+03  2.5820012e-01  5.13676e-04  2.58200e-01
2.702023339e+03  2.5817772e-01  5.12714e-04  2.58178e-01
2.701984739e+03  2.5802901e-01  5.05844e-04  2.58029e-01
2.701946140e+03  2.5810254e-01  5.06009e-04  2.58103e-01
2.701907541e+03  2.5821501e-01  5.16240e-04  2.58215e-01
2.701868943e+03  2.5823968e-01  5.06649e-04  2.58240e-01
2.701830346e+03  2.5829609e-01  5.02855e-04  2.58296e-01
2.701791749e+03  2.5831217e-01  5.02446e-04  2.58312e-01
2.701753152e+03  2.5829609e-01  5.02446e-04  2.58296e-01
2.701714556e+03  2.5830232e-01  5.02011e-04  2.58302e-01
2.701675961e+03  2.5820206e-01  5.02404e-04  2.58202e-01
2.701637366e+03  2.5824809e-01  5.02780e-04  2.58248e-01
2.701598772e+03  2.5812007e-01  5.02536e-04  2.58120e-01
2.701560178e+03  2.5810013e-01  5.01655e-04  2.58100e-01
2.701521585e+03  2.5819001e-01  5.02469e-04  2.58190e-01
2.701482992e+03  2.5820180e-01  5.01706e-04  2.58202e-01
2.701444400e+03  2.5806618e-01  5.00817e-04  2.58066e-01
2.701405809e+03  2.5811471e-01  5.00784e-04  2.58115e-01
2.701367218e+03  2.5758616e-01  5.00485e-04  2.57586e-01
2.701328627e+03  2.5824553e-01  5.01220e-04  2.58246e-01
2.701290038e+03  2.5830117e-01  5.01465e-04  2.58301e-01
2.701251448e+03  2.5822272e-01  5.01303e-04  2.58223e-01
2.701212860e+03  2.5821585e-01  5.00843e-04  2.58216e-01
2.701174271e+03  2.5815602e-01  5.00682e-04  2.58156e-01
2.701135684e+03  2.5817511e-01  5.00691e-04  2.58175e-01
2.701097097e+03  2.5817543e-01  5.00714e-04  2.58175e-01
2.701058510e+03  2.5820587e-01  5.01215e-04  2.58206e-01
2.701019924e+03  2.5823314e-01  5.00925e-04  2.58233e-01
2.700981339e+03  2.5824312e-01  5.00891e-04  2.58243e-01
2.700942754e+03  2.5817916e-01  5.01159e-04  2.58179e-01
2.700904169e+03  2.5807064e-01  5.01679e-04  2.58071e-01
2.700865586e+03  2.5803523e-01  5.02121e-04  2.58035e-01
2.700827002e+03  2.5801844e-01  5.01032e-04  2.58018e-01
2.700788420e+03  2.5803213e-01  5.00669e-04  2.58032e-01
2.700749837e+03  2.5803503e-01  5.00628e-04  2.58035e-01
2.700711256e+03  2.5800830e-01  5.00621e-04  2.58008e-01
2.700672675e+03  2.5790955e-01  5.00719e-04  2.57910e-01
2.700634094e+03  2.5651204e-01  5.00119e-04  2.56512e-01
2.700595514e+03  2.5759267e-01  5.01860e-04  2.57593e-01
2.700556935e+03  2.5773698e-01  5.00858e-04  2.57737e-01
2.700518356e+03  2.5786409e-01  5.00864e-04  2.57864e-01
2.700479778e+03  2.5789082e-01  5.00826e-04  2.57891e-01
2.700441200e+03  2.5785992e-01  5.01026e-04  2.57860e-01
2.700402623e+03  2.5781984e-01  5.03121e-04  2.57820e-01
2.700364046e+03  2.5788825e-01  5.05339e-04  2.57888e-01
2.700325470e+03  2.5796345e-01  5.01974e-04  2.57963e-01
2.700286895e+03  2.5787972e-01  5.01656e-04  2.57880e-01
2.700248320e+03  2.5793408e-01  5.00886e-04  2.57934e-01
2.700209745e+03  2.5799282e-01  5.01065e-04  2.57993e-01
2.700171171e+03  2.5794827e-01  5.01382e-04  2.57948e-01
2.700132598e+03  2.5781159e-01  5.00640e-04  2.57812e-01
2.700094025e+03  2.5787794e-01  5.00627e-04  2.57878e-01
2.700055453e+03  2.5786925e-01  5.00526e-04  2.57869e-01
2.700016882e+03  2.5779302e-01  5.00571e-04  2.57793e-01