# ------------------------------------------------------------------------
# Radiance spectrum
# NASA-GSFC Planetary Spectrum Generator (PSG) (Villanueva et al. 2018, 2022)
# Synthesized on Fri Aug 15 21:13:22 2025
# Doppler velocities [km/s] (vobs,vrot+vorb,vwidth,vrfl,vstr): -17.63700,-0.00000,0.01000,-1.06846,0.00000
# ------------------------------------------------------------------------
# Spectra synthesized with the Planetary and Universal Model of Atmospheric Scattering (PUMAS, Villanueva et al. 2018, 2022)
# Single scattering radiative transfer method
# Radiative transfer took 0.233 seconds
# ------------------------------------------------------------------------
# Spectral unit: Frequency[cm-1]
# Radiance unit: Spectral radiance [W/sr/m2/um]
# Wave/freq Total Noise Mars
2.740000000e+03  1.8887442e-02  2.79080e-04  1.88874e-02
2.739960858e+03  1.8890549e-02  2.76583e-04  1.88905e-02
2.739921716e+03  1.8893540e-02  2.75885e-04  1.88935e-02
2.739882575e+03  1.8896461e-02  2.75560e-04  1.88965e-02
2.739843434e+03  1.8899380e-02  2.75562e-04  1.88994e-02
2.739804294e+03  1.8901899e-02  2.75672e-04  1.89019e-02
2.739765155e+03  1.8881306e-02  2.75909e-04  1.88813e-02
2.739726016e+03  1.8907863e-02  2.76318e-04  1.89079e-02
2.739686877e+03  1.8910680e-02  2.77165e-04  1.89107e-02
2.739647739e+03  1.8865091e-02  2.78815e-04  1.88651e-02
2.739608602e+03  1.8915997e-02  2.82567e-04  1.89160e-02
2.739569465e+03  1.8911296e-02  2.82216e-04  1.89113e-02
2.739530329e+03  1.8920273e-02  2.81657e-04  1.89203e-02
2.739491194e+03  1.8902470e-02  2.83596e-04  1.89025e-02
2.739452059e+03  1.6872611e-02  2.80574e-04  1.68726e-02
2.739412924e+03  1.8922467e-02  2.80690e-04  1.89225e-02
2.739373790e+03  1.8932972e-02  2.80780e-04  1.89330e-02
2.739334657e+03  1.8936660e-02  2.83235e-04  1.89367e-02
2.739295524e+03  1.8939797e-02  3.03059e-04  1.89398e-02
2.739256392e+03  1.8942756e-02  2.92148e-04  1.89428e-02
2.739217260e+03  1.8945553e-02  2.83659e-04  1.89456e-02
2.739178129e+03  1.8948147e-02  2.82225e-04  1.89481e-02
2.739138999e+03  1.8949644e-02  2.83293e-04  1.89496e-02
2.739099869e+03  1.8825884e-02  2.86567e-04  1.88259e-02
2.739060739e+03  1.8264629e-02  2.90992e-04  1.82646e-02
2.739021610e+03  1.8957405e-02  3.02361e-04  1.89574e-02
2.738982482e+03  1.8962427e-02  3.22435e-04  1.89624e-02
2.738943354e+03  1.8934856e-02  3.63003e-04  1.89349e-02
2.738904227e+03  1.8956413e-02  3.79688e-04  1.89564e-02
2.738865100e+03  1.8971033e-02  3.50024e-04  1.89710e-02
2.738825974e+03  1.8970380e-02  3.60792e-04  1.89704e-02
2.738786849e+03  1.7104256e-02  3.50673e-04  1.71043e-02
2.738747724e+03  1.8903093e-02  3.13538e-04  1.89031e-02
2.738708599e+03  1.8981439e-02  3.26257e-04  1.89814e-02
2.738669476e+03  1.8983825e-02  3.02824e-04  1.89838e-02
2.738630352e+03  1.8989383e-02  2.88383e-04  1.89894e-02
2.738591229e+03  1.8992494e-02  2.84051e-04  1.89925e-02
2.738552107e+03  1.8995505e-02  2.80681e-04  1.89955e-02
2.738512986e+03  1.8998469e-02  2.79729e-04  1.89985e-02
2.738473865e+03  1.9001253e-02  2.78979e-04  1.90013e-02
2.738434744e+03  1.9003113e-02  2.78589e-04  1.90031e-02
2.738395624e+03  1.9007212e-02  2.78563e-04  1.90072e-02
2.738356505e+03  1.9010112e-02  2.78906e-04  1.90101e-02
2.738317386e+03  1.9012882e-02  2.79440e-04  1.90129e-02
2.738278268e+03  1.9015495e-02  2.80359e-04  1.90155e-02
2.738239150e+03  1.9014060e-02  2.82703e-04  1.90141e-02
2.738200033e+03  1.8771084e-02  2.91207e-04  1.87711e-02
2.738160916e+03  1.9022486e-02  3.33119e-04  1.90225e-02
2.738121800e+03  1.9020378e-02  3.09474e-04  1.90204e-02
2.738082685e+03  1.7233690e-02  3.07397e-04  1.72337e-02
2.738043570e+03  1.9019249e-02  3.16090e-04  1.90192e-02
2.738004456e+03  1.9035188e-02  3.01586e-04  1.90352e-02
2.737965342e+03  1.9038935e-02  2.89257e-04  1.90389e-02
2.737926229e+03  1.9039601e-02  2.84666e-04  1.90396e-02
2.737887116e+03  1.9045179e-02  2.80645e-04  1.90452e-02
2.737848004e+03  1.9048182e-02  2.78883e-04  1.90482e-02
2.737808892e+03  1.9051144e-02  2.78001e-04  1.90511e-02
2.737769781e+03  1.9053181e-02  2.77597e-04  1.90532e-02
2.737730671e+03  1.9056992e-02  2.78410e-04  1.90570e-02
2.737691561e+03  1.9059945e-02  2.77183e-04  1.90599e-02
2.737652452e+03  1.9062841e-02  2.76912e-04  1.90628e-02
2.737613343e+03  1.9065737e-02  2.79094e-04  1.90657e-02
2.737574235e+03  1.9068564e-02  2.81013e-04  1.90686e-02
2.737535127e+03  1.9071379e-02  2.76821e-04  1.90714e-02
2.737496020e+03  1.9073930e-02  2.77503e-04  1.90739e-02
2.737456913e+03  1.9075292e-02  2.79528e-04  1.90753e-02
2.737417807e+03  1.8785946e-02  2.78584e-04  1.87859e-02
2.737378702e+03  1.7711179e-02  2.78200e-04  1.77112e-02
2.737339597e+03  1.9083388e-02  2.82723e-04  1.90834e-02
2.737300493e+03  1.9070006e-02  2.81237e-04  1.90700e-02
2.737261389e+03  1.8830547e-02  2.91387e-04  1.88305e-02
2.737222286e+03  1.9092164e-02  2.94528e-04  1.90922e-02
2.737183183e+03  1.9096322e-02  3.30023e-04  1.90963e-02
2.737144081e+03  1.9098815e-02  3.18211e-04  1.90988e-02
2.737104980e+03  1.9103152e-02  3.23698e-04  1.91032e-02
2.737065879e+03  1.9106832e-02  3.09883e-04  1.91068e-02
2.737026778e+03  1.9109795e-02  2.96665e-04  1.91098e-02
2.736987679e+03  1.9112731e-02  2.84384e-04  1.91127e-02
2.736948579e+03  1.9115650e-02  2.80358e-04  1.91157e-02
2.736909481e+03  1.9118542e-02  2.80408e-04  1.91185e-02
2.736870382e+03  1.9121356e-02  2.78159e-04  1.91214e-02
2.736831285e+03  1.9117792e-02  2.77493e-04  1.91178e-02
2.736792188e+03  1.9126430e-02  2.78556e-04  1.91264e-02
2.736753091e+03  1.9125668e-02  2.77120e-04  1.91257e-02
2.736713995e+03  1.7617409e-02  2.76027e-04  1.76174e-02
2.736674900e+03  1.9129676e-02  2.81131e-04  1.91297e-02
2.736635805e+03  1.9137419e-02  2.80382e-04  1.91374e-02
2.736596711e+03  1.9141288e-02  2.77067e-04  1.91413e-02
2.736557617e+03  1.9136941e-02  2.78585e-04  1.91369e-02
2.736518524e+03  1.9147848e-02  2.79540e-04  1.91478e-02
2.736479432e+03  1.9150906e-02  2.76562e-04  1.91509e-02
2.736440340e+03  1.9152416e-02  2.76303e-04  1.91524e-02
2.736401248e+03  1.9154267e-02  2.76480e-04  1.91543e-02
2.736362157e+03  1.9159694e-02  2.77069e-04  1.91597e-02
2.736323067e+03  1.9162316e-02  2.78265e-04  1.91623e-02
2.736283977e+03  1.9070098e-02  2.79994e-04  1.90701e-02
2.736244888e+03  1.9163096e-02  2.79500e-04  1.91631e-02
2.736205799e+03  1.9171308e-02  2.83377e-04  1.91713e-02
2.736166711e+03  1.9174237e-02  2.88870e-04  1.91742e-02
2.736127624e+03  1.9176914e-02  3.02166e-04  1.91769e-02
2.736088537e+03  1.9178690e-02  3.15741e-04  1.91787e-02
2.736049450e+03  1.8653973e-02  3.26435e-04  1.86540e-02
2.736010365e+03  1.8331956e-02  2.92807e-04  1.83320e-02
2.735971279e+03  1.9187435e-02  2.84466e-04  1.91874e-02
2.735932194e+03  1.9191615e-02  2.81449e-04  1.91916e-02
2.735893110e+03  1.9194783e-02  2.79753e-04  1.91948e-02
2.735854027e+03  1.9157705e-02  2.79693e-04  1.91577e-02
2.735814944e+03  1.9195167e-02  2.79569e-04  1.91952e-02
2.735775861e+03  1.9197267e-02  2.80335e-04  1.91973e-02
2.735736779e+03  1.9206634e-02  2.79962e-04  1.92066e-02
2.735697698e+03  1.9208969e-02  2.82733e-04  1.92090e-02
2.735658617e+03  1.9212451e-02  2.82541e-04  1.92125e-02
2.735619537e+03  1.9212827e-02  2.81074e-04  1.92128e-02
2.735580457e+03  1.9205892e-02  2.78143e-04  1.92059e-02
2.735541378e+03  1.9214621e-02  2.77625e-04  1.92146e-02
2.735502299e+03  1.9224406e-02  2.77502e-04  1.92244e-02
2.735463221e+03  1.9227215e-02  2.79027e-04  1.92272e-02
2.735424144e+03  1.9229632e-02  2.80160e-04  1.92296e-02
2.735385067e+03  1.9228117e-02  2.81358e-04  1.92281e-02
2.735345990e+03  1.7997277e-02  2.75838e-04  1.79973e-02
2.735306914e+03  1.9235869e-02  2.76610e-04  1.92359e-02
2.735267839e+03  1.9241544e-02  2.76282e-04  1.92415e-02
2.735228765e+03  1.9244984e-02  2.77562e-04  1.92450e-02
2.735189690e+03  1.9248088e-02  2.77589e-04  1.92481e-02
2.735150617e+03  1.9250654e-02  2.77100e-04  1.92507e-02
2.735111544e+03  1.9253790e-02  2.79161e-04  1.92538e-02
2.735072471e+03  1.9256962e-02  2.76960e-04  1.92570e-02
2.735033399e+03  1.9251815e-02  2.79782e-04  1.92518e-02
2.734994328e+03  1.9262972e-02  2.78112e-04  1.92630e-02
2.734955257e+03  1.9265136e-02  2.77900e-04  1.92651e-02
2.734916187e+03  1.9268881e-02  2.84566e-04  1.92689e-02
2.734877117e+03  1.9267888e-02  2.79402e-04  1.92679e-02
2.734838048e+03  1.9274519e-02  2.76570e-04  1.92745e-02
2.734798980e+03  1.9277582e-02  2.76024e-04  1.92776e-02
2.734759912e+03  1.9280246e-02  2.75928e-04  1.92802e-02
2.734720844e+03  1.9281759e-02  2.76367e-04  1.92818e-02
2.734681777e+03  1.8185559e-02  2.74719e-04  1.81856e-02
2.734642711e+03  1.9278817e-02  2.76793e-04  1.92788e-02
2.734603645e+03  1.9291624e-02  2.78593e-04  1.92916e-02
2.734564580e+03  1.9295222e-02  2.77796e-04  1.92952e-02
2.734525515e+03  1.9298367e-02  2.81732e-04  1.92984e-02
2.734486451e+03  1.9301211e-02  2.83749e-04  1.93012e-02
2.734447388e+03  1.9304331e-02  2.90736e-04  1.93043e-02
2.734408325e+03  1.9306571e-02  2.85063e-04  1.93066e-02
2.734369262e+03  1.9310355e-02  2.78093e-04  1.93104e-02
2.734330201e+03  1.9313308e-02  2.77171e-04  1.93133e-02
2.734291139e+03  1.9308028e-02  2.76513e-04  1.93080e-02
2.734252078e+03  1.9319173e-02  2.76163e-04  1.93192e-02
2.734213018e+03  1.9321461e-02  2.75925e-04  1.93215e-02
2.734173959e+03  1.9325100e-02  2.75984e-04  1.93251e-02
2.734134900e+03  1.9323020e-02  2.75934e-04  1.93230e-02
2.734095841e+03  1.9330675e-02  2.76310e-04  1.93307e-02
2.734056783e+03  1.9333059e-02  2.76097e-04  1.93331e-02
2.734017726e+03  1.9274581e-02  2.76316e-04  1.92746e-02
2.733978669e+03  1.8417980e-02  2.76762e-04  1.84180e-02
2.733939613e+03  1.9341650e-02  2.81602e-04  1.93416e-02
2.733900557e+03  1.9345553e-02  2.83403e-04  1.93456e-02
2.733861502e+03  1.9348739e-02  2.84174e-04  1.93487e-02
2.733822447e+03  1.9351626e-02  2.84501e-04  1.93516e-02
2.733783393e+03  1.9354802e-02  2.93389e-04  1.93548e-02
2.733744340e+03  1.9357793e-02  2.86468e-04  1.93578e-02
2.733705287e+03  1.9360743e-02  2.82783e-04  1.93607e-02
2.733666234e+03  1.9362614e-02  2.83425e-04  1.93626e-02
2.733627182e+03  1.9366715e-02  2.79175e-04  1.93667e-02
2.733588131e+03  1.9369675e-02  2.81025e-04  1.93697e-02
2.733549081e+03  1.9364582e-02  2.79033e-04  1.93646e-02
2.733510030e+03  1.9375049e-02  2.76960e-04  1.93750e-02
2.733470981e+03  1.9378156e-02  2.78422e-04  1.93782e-02
2.733431932e+03  1.9381096e-02  2.76558e-04  1.93811e-02
2.733392883e+03  1.9383603e-02  2.76346e-04  1.93836e-02
2.733353835e+03  1.9376981e-02  2.76841e-04  1.93770e-02
2.733314788e+03  1.8531188e-02  2.75404e-04  1.85312e-02
2.733275741e+03  1.9391651e-02  2.76947e-04  1.93917e-02
2.733236695e+03  1.9396018e-02  2.77184e-04  1.93960e-02
2.733197649e+03  1.9399238e-02  2.79414e-04  1.93992e-02
2.733158604e+03  1.9402184e-02  2.85516e-04  1.94022e-02
2.733119560e+03  1.9405306e-02  2.81562e-04  1.94053e-02
2.733080516e+03  1.9407277e-02  2.80672e-04  1.94073e-02
2.733041472e+03  1.9411290e-02  2.91831e-04  1.94113e-02
2.733002429e+03  1.9414271e-02  2.88620e-04  1.94143e-02
2.732963387e+03  1.9417217e-02  2.82955e-04  1.94172e-02
2.732924345e+03  1.9418792e-02  2.78764e-04  1.94188e-02
2.732885304e+03  1.9423176e-02  2.77647e-04  1.94232e-02
2.732846263e+03  1.9426140e-02  2.77840e-04  1.94261e-02
2.732807223e+03  1.9428989e-02  2.78508e-04  1.94290e-02
2.732768184e+03  1.9423273e-02  2.80888e-04  1.94233e-02
2.732729145e+03  1.9434547e-02  2.95180e-04  1.94345e-02
2.732690106e+03  1.9435972e-02  2.98602e-04  1.94360e-02
2.732651068e+03  1.8687680e-02  2.81364e-04  1.86877e-02
2.732612031e+03  1.9434272e-02  2.80954e-04  1.94343e-02
2.732572994e+03  1.9440185e-02  2.82277e-04  1.94402e-02
2.732533958e+03  1.9449541e-02  2.88608e-04  1.94495e-02
2.732494922e+03  1.9452923e-02  3.00736e-04  1.94529e-02
2.732455887e+03  1.9455952e-02  2.92677e-04  1.94560e-02
2.732416853e+03  1.9458956e-02  2.83771e-04  1.94590e-02
2.732377819e+03  1.9461948e-02  2.80442e-04  1.94619e-02
2.732338785e+03  1.9464935e-02  2.78450e-04  1.94649e-02
2.732299753e+03  1.9467918e-02  2.77614e-04  1.94679e-02
2.732260720e+03  1.9470896e-02  2.78511e-04  1.94709e-02
2.732221689e+03  1.9473851e-02  2.77115e-04  1.94739e-02
2.732182657e+03  1.9475141e-02  2.76707e-04  1.94751e-02
2.732143627e+03  1.9479785e-02  2.76678e-04  1.94798e-02
2.732104597e+03  1.9482703e-02  2.76628e-04  1.94827e-02
2.732065567e+03  1.9485161e-02  2.76751e-04  1.94852e-02
2.732026538e+03  1.9479225e-02  2.76531e-04  1.94792e-02
2.731987510e+03  1.8844998e-02  2.75996e-04  1.88450e-02
2.731948482e+03  1.9491184e-02  2.76761e-04  1.94912e-02
2.731909455e+03  1.9497229e-02  2.76816e-04  1.94972e-02
2.731870428e+03  1.9494607e-02  2.77053e-04  1.94946e-02
2.731831402e+03  1.9500795e-02  2.79325e-04  1.95008e-02
2.731792376e+03  1.9506670e-02  2.79964e-04  1.95067e-02
2.731753351e+03  1.9509686e-02  2.78556e-04  1.95097e-02
2.731714327e+03  1.9512670e-02  2.77109e-04  1.95127e-02
2.731675303e+03  1.9515578e-02  2.77116e-04  1.95156e-02
2.731636279e+03  1.9518673e-02  2.77100e-04  1.95187e-02
2.731597257e+03  1.9521659e-02  2.77281e-04  1.95217e-02
2.731558234e+03  1.9524534e-02  2.78212e-04  1.95245e-02
2.731519213e+03  1.9527610e-02  2.78948e-04  1.95276e-02
2.731480191e+03  1.9530054e-02  2.85070e-04  1.95301e-02
2.731441171e+03  1.9531708e-02  2.83263e-04  1.95317e-02
2.731402151e+03  1.9527615e-02  2.79140e-04  1.95276e-02
2.731363131e+03  1.9538293e-02  2.78510e-04  1.95383e-02
2.731324112e+03  1.8989194e-02  2.78142e-04  1.89892e-02
2.731285094e+03  1.9532472e-02  2.79920e-04  1.95325e-02
2.731246076e+03  1.9547863e-02  2.81271e-04  1.95479e-02
2.731207059e+03  1.9551128e-02  2.80752e-04  1.95511e-02
2.731168042e+03  1.9553790e-02  2.81896e-04  1.95538e-02
2.731129026e+03  1.9554116e-02  2.83980e-04  1.95541e-02
2.731090011e+03  1.9055571e-02  2.86696e-04  1.90556e-02
2.731050996e+03  1.9538006e-02  2.90124e-04  1.95380e-02
2.731011981e+03  1.9565647e-02  2.99266e-04  1.95656e-02
2.730972967e+03  1.9569208e-02  3.19426e-04  1.95692e-02
2.730933954e+03  1.9572366e-02  3.45246e-04  1.95724e-02
2.730894941e+03  1.9575430e-02  3.32345e-04  1.95754e-02
2.730855929e+03  1.9578455e-02  3.05863e-04  1.95785e-02
2.730816917e+03  1.9581456e-02  2.92428e-04  1.95815e-02
2.730777906e+03  1.9584427e-02  2.86180e-04  1.95844e-02
2.730738896e+03  1.9586278e-02  2.83048e-04  1.95863e-02
2.730699886e+03  1.9588733e-02  2.81743e-04  1.95887e-02
2.730660876e+03  1.9123448e-02  2.81355e-04  1.91234e-02
2.730621867e+03  1.9591826e-02  2.85291e-04  1.95918e-02
2.730582859e+03  1.9598634e-02  2.80539e-04  1.95986e-02
2.730543851e+03  1.9601972e-02  2.79117e-04  1.96020e-02
2.730504844e+03  1.9598663e-02  2.79395e-04  1.95987e-02
2.730465837e+03  1.9603169e-02  2.78819e-04  1.96032e-02
2.730426831e+03  1.9611470e-02  2.78440e-04  1.96115e-02
2.730387826e+03  1.9614489e-02  2.78489e-04  1.96145e-02
2.730348821e+03  1.9604875e-02  2.79076e-04  1.96049e-02
2.730309816e+03  1.9620470e-02  2.81726e-04  1.96205e-02
2.730270812e+03  1.9623412e-02  2.83165e-04  1.96234e-02
2.730231809e+03  1.9626434e-02  2.79383e-04  1.96264e-02
2.730192806e+03  1.9629480e-02  2.80048e-04  1.96295e-02
2.730153804e+03  1.9632424e-02  2.79915e-04  1.96324e-02
2.730114802e+03  1.9635212e-02  2.83873e-04  1.96352e-02
2.730075801e+03  1.9556080e-02  2.81967e-04  1.95561e-02
2.730036801e+03  1.9610699e-02  2.81098e-04  1.96107e-02
2.729997801e+03  1.9245858e-02  2.82021e-04  1.92459e-02
2.729958801e+03  1.9642594e-02  2.86751e-04  1.96426e-02
2.729919803e+03  1.9650099e-02  2.94724e-04  1.96501e-02
2.729880804e+03  1.9652901e-02  2.97027e-04  1.96529e-02
2.729841807e+03  1.9506520e-02  2.89687e-04  1.95065e-02
2.729802809e+03  1.9657154e-02  2.86778e-04  1.96572e-02
2.729763813e+03  1.9656118e-02  2.88954e-04  1.96561e-02
2.729724817e+03  1.9665505e-02  2.96270e-04  1.96655e-02
2.729685821e+03  1.9667614e-02  3.12579e-04  1.96676e-02
2.729646826e+03  1.9671589e-02  3.14979e-04  1.96716e-02
2.729607832e+03  1.9660740e-02  3.39055e-04  1.96607e-02
2.729568838e+03  1.9676424e-02  3.63373e-04  1.96764e-02
2.729529845e+03  1.9680654e-02  3.05033e-04  1.96807e-02
2.729490852e+03  1.9683662e-02  2.87483e-04  1.96837e-02
2.729451860e+03  1.9686647e-02  2.83772e-04  1.96866e-02
2.729412868e+03  1.9689455e-02  2.85194e-04  1.96895e-02
2.729373877e+03  1.9692115e-02  2.97023e-04  1.96921e-02
2.729334887e+03  1.9361695e-02  3.11037e-04  1.93617e-02
2.729295897e+03  1.9696538e-02  2.84941e-04  1.96965e-02
2.729256907e+03  1.9700319e-02  2.80759e-04  1.97003e-02
2.729217919e+03  1.9703455e-02  2.79519e-04  1.97035e-02
2.729178930e+03  1.9698285e-02  2.79506e-04  1.96983e-02
2.729139943e+03  1.9708363e-02  2.78792e-04  1.97084e-02
2.729100955e+03  1.9713781e-02  2.78593e-04  1.97138e-02
2.729061969e+03  1.9716718e-02  2.78927e-04  1.97167e-02
2.729022983e+03  1.9714397e-02  2.80197e-04  1.97144e-02
2.728983997e+03  1.9722712e-02  2.80493e-04  1.97227e-02
2.728945012e+03  1.9725871e-02  2.79303e-04  1.97259e-02
2.728906028e+03  1.9728878e-02  2.78458e-04  1.97289e-02
2.728867044e+03  1.9731754e-02  2.78176e-04  1.97318e-02
2.728828061e+03  1.9717123e-02  2.77870e-04  1.97171e-02
2.728789078e+03  1.9737864e-02  2.78040e-04  1.97379e-02
2.728750096e+03  1.9740805e-02  2.78646e-04  1.97408e-02
2.728711114e+03  1.9742751e-02  2.79783e-04  1.97428e-02
2.728672133e+03  1.9468716e-02  2.83645e-04  1.94687e-02
2.728633153e+03  1.9749083e-02  2.84779e-04  1.97491e-02
2.728594173e+03  1.9752496e-02  2.81743e-04  1.97525e-02
2.728555194e+03  1.9755980e-02  2.79092e-04  1.97560e-02
2.728516215e+03  1.9757782e-02  2.79062e-04  1.97578e-02
2.728477237e+03  1.9760812e-02  2.79652e-04  1.97608e-02
2.728438259e+03  1.9765093e-02  2.80397e-04  1.97651e-02
2.728399282e+03  1.9768119e-02  2.90284e-04  1.97681e-02
2.728360305e+03  1.9771139e-02  2.95325e-04  1.97711e-02
2.728321329e+03  1.9774129e-02  2.81434e-04  1.97741e-02
2.728282354e+03  1.9777054e-02  2.79264e-04  1.97771e-02
2.728243379e+03  1.9774422e-02  2.79172e-04  1.97744e-02
2.728204404e+03  1.9731853e-02  2.79324e-04  1.97319e-02
2.728165431e+03  1.9786021e-02  2.79467e-04  1.97860e-02
2.728126457e+03  1.9789121e-02  2.80666e-04  1.97891e-02
2.728087485e+03  1.9771120e-02  2.83235e-04  1.97711e-02
2.728048513e+03  1.9793807e-02  2.85206e-04  1.97938e-02
2.728009541e+03  1.9565012e-02  2.82628e-04  1.95650e-02
2.727970570e+03  1.9800288e-02  2.80835e-04  1.98003e-02
2.727931600e+03  1.9804032e-02  2.80169e-04  1.98040e-02
2.727892630e+03  1.9807294e-02  2.80671e-04  1.98073e-02
2.727853660e+03  1.9810444e-02  2.81352e-04  1.98104e-02
2.727814692e+03  1.9813384e-02  2.79990e-04  1.98134e-02
2.727775723e+03  1.9815303e-02  2.79300e-04  1.98153e-02
2.727736756e+03  1.9818239e-02  2.79044e-04  1.98182e-02
2.727697789e+03  1.9815519e-02  2.79292e-04  1.98155e-02
2.727658822e+03  1.9824999e-02  2.80280e-04  1.98250e-02
2.727619856e+03  1.9828618e-02  2.79739e-04  1.98286e-02
2.727580891e+03  1.9831550e-02  2.80035e-04  1.98315e-02
2.727541926e+03  1.9834654e-02  2.81331e-04  1.98347e-02
2.727502961e+03  1.9833769e-02  2.81366e-04  1.98338e-02
2.727463998e+03  1.9840674e-02  2.81140e-04  1.98407e-02
2.727425034e+03  1.9843012e-02  2.80580e-04  1.98430e-02
2.727386072e+03  1.9838544e-02  2.80737e-04  1.98385e-02
2.727347110e+03  1.9643777e-02  2.81083e-04  1.96438e-02
2.727308148e+03  1.9852467e-02  2.83361e-04  1.98525e-02
2.727269187e+03  1.9851837e-02  2.94509e-04  1.98518e-02
2.727230227e+03  1.9852492e-02  2.90072e-04  1.98525e-02
2.727191267e+03  1.9861951e-02  2.85006e-04  1.98620e-02
2.727152307e+03  1.9865003e-02  2.85365e-04  1.98650e-02
2.727113349e+03  1.9867402e-02  2.87466e-04  1.98674e-02
2.727074391e+03  1.9869799e-02  2.90224e-04  1.98698e-02
2.727035433e+03  1.9874103e-02  2.94136e-04  1.98741e-02
2.726996476e+03  1.9876235e-02  3.04484e-04  1.98762e-02
2.726957519e+03  1.9879785e-02  3.40532e-04  1.98798e-02
2.726918563e+03  1.9883243e-02  5.60264e-04  1.98832e-02
2.726879608e+03  1.9886199e-02  4.18218e-04  1.98862e-02
2.726840653e+03  1.9889092e-02  3.47482e-04  1.98891e-02
2.726801699e+03  1.9890167e-02  3.99330e-04  1.98902e-02
2.726762745e+03  1.9885248e-02  3.67566e-04  1.98852e-02
2.726723792e+03  1.9742085e-02  4.29620e-04  1.97421e-02
2.726684839e+03  1.9900250e-02  8.44663e-04  1.99003e-02
2.726645887e+03  1.9904338e-02  1.40944e-03  1.99043e-02
2.726606935e+03  1.9895192e-02  1.28793e-03  1.98952e-02
2.726567984e+03  1.9893645e-02  6.65022e-04  1.98936e-02
2.726529034e+03  1.9913396e-02  6.38648e-04  1.99134e-02
2.726490084e+03  1.9916381e-02  4.34317e-04  1.99164e-02
2.726451135e+03  1.9919195e-02  3.61618e-04  1.99192e-02
2.726412186e+03  1.9921636e-02  3.23420e-04  1.99216e-02
2.726373238e+03  1.9922070e-02  3.11721e-04  1.99221e-02
2.726334290e+03  1.9055680e-02  3.10078e-04  1.90557e-02
2.726295343e+03  1.9724666e-02  3.32999e-04  1.97247e-02
2.726256397e+03  1.9931918e-02  3.38491e-04  1.99319e-02
2.726217451e+03  1.9935652e-02  3.58918e-04  1.99357e-02
2.726178505e+03  1.9940438e-02  4.12352e-04  1.99404e-02
2.726139561e+03  1.9943404e-02  4.26624e-04  1.99434e-02
2.726100616e+03  1.9946375e-02  3.63608e-04  1.99464e-02
2.726061673e+03  1.9825034e-02  3.22684e-04  1.98250e-02
2.726022729e+03  1.9952787e-02  3.05736e-04  1.99528e-02
2.725983787e+03  1.9954001e-02  2.97970e-04  1.99540e-02
2.725944845e+03  1.9959015e-02  2.94776e-04  1.99590e-02
2.725905903e+03  1.9961733e-02  2.94844e-04  1.99617e-02
2.725866962e+03  1.9957692e-02  3.03403e-04  1.99577e-02
2.725828022e+03  1.9616006e-02  3.56459e-04  1.96160e-02
2.725789082e+03  1.9970379e-02  3.15000e-04  1.99704e-02
2.725750143e+03  1.9974228e-02  3.08866e-04  1.99742e-02
2.725711204e+03  1.9977444e-02  3.28869e-04  1.99774e-02
2.725672266e+03  1.9980556e-02  3.44486e-04  1.99806e-02
2.725633328e+03  1.9983631e-02  3.18306e-04  1.99836e-02
2.725594391e+03  1.9985388e-02  2.98800e-04  1.99854e-02
2.725555455e+03  1.9989755e-02  2.91091e-04  1.99898e-02
2.725516519e+03  1.9992792e-02  2.90569e-04  1.99928e-02
2.725477583e+03  1.9994396e-02  2.90349e-04  1.99944e-02
2.725438648e+03  1.9908306e-02  2.99793e-04  1.99083e-02
2.725399714e+03  1.9990718e-02  2.96098e-04  1.99907e-02
2.725360780e+03  2.0004959e-02  2.86339e-04  2.00050e-02
2.725321847e+03  2.0008084e-02  2.85632e-04  2.00081e-02
2.725282915e+03  2.0011152e-02  2.85253e-04  2.00112e-02
2.725243983e+03  2.0013252e-02  2.82017e-04  2.00133e-02
2.725205051e+03  2.0016813e-02  2.81269e-04  2.00168e-02
2.725166120e+03  2.0020306e-02  2.80661e-04  2.00203e-02
2.725127190e+03  2.0023273e-02  2.80799e-04  2.00233e-02
2.725088260e+03  1.9988444e-02  2.82395e-04  1.99884e-02
2.725049331e+03  2.0029385e-02  2.85776e-04  2.00294e-02
2.725010402e+03  2.0032471e-02  2.81434e-04  2.00325e-02
2.724971474e+03  2.0012338e-02  2.80801e-04  2.00123e-02
2.724932546e+03  2.0024358e-02  2.81141e-04  2.00244e-02
2.724893619e+03  2.0041635e-02  2.82105e-04  2.00416e-02
2.724854693e+03  2.0043293e-02  2.85191e-04  2.00433e-02
2.724815767e+03  2.0047523e-02  2.98659e-04  2.00475e-02
2.724776841e+03  1.9970178e-02  2.90929e-04  1.99702e-02
2.724737916e+03  2.0052482e-02  2.84889e-04  2.00525e-02
2.724698992e+03  2.0056960e-02  2.82782e-04  2.00570e-02
2.724660068e+03  2.0059402e-02  2.81848e-04  2.00594e-02
2.724621145e+03  2.0056323e-02  2.81712e-04  2.00563e-02
2.724582223e+03  2.0066148e-02  2.82027e-04  2.00661e-02
2.724543301e+03  2.0069037e-02  2.82636e-04  2.00690e-02
2.724504379e+03  2.0072145e-02  2.84846e-04  2.00721e-02
2.724465458e+03  2.0075316e-02  2.91719e-04  2.00753e-02
2.724426538e+03  2.0078322e-02  3.28763e-04  2.00783e-02
2.724387618e+03  2.0076341e-02  3.04722e-04  2.00763e-02
2.724348699e+03  2.0009658e-02  2.90406e-04  2.00097e-02
2.724309780e+03  2.0086675e-02  2.85545e-04  2.00867e-02
2.724270862e+03  2.0090494e-02  2.85818e-04  2.00905e-02
2.724231944e+03  2.0093606e-02  2.89055e-04  2.00936e-02
2.724193027e+03  2.0096593e-02  2.92852e-04  2.00966e-02
2.724154111e+03  2.0034853e-02  2.87872e-04  2.00349e-02
2.724115195e+03  2.0101703e-02  2.85836e-04  2.01017e-02
2.724076279e+03  2.0105612e-02  2.85932e-04  2.01056e-02
2.724037365e+03  2.0108439e-02  2.87113e-04  2.01084e-02
2.723998450e+03  2.0109244e-02  2.88958e-04  2.01092e-02
2.723959537e+03  1.9993994e-02  2.92736e-04  1.99940e-02
2.723920623e+03  1.9526557e-02  2.96748e-04  1.95266e-02
2.723881711e+03  2.0118682e-02  3.08666e-04  2.01187e-02
2.723842799e+03  1.9980054e-02  3.33345e-04  1.99801e-02
2.723803887e+03  2.0125444e-02  3.84468e-04  2.01254e-02
2.723764976e+03  2.0129976e-02  4.01588e-04  2.01300e-02
2.723726066e+03  2.0132173e-02  3.61414e-04  2.01322e-02
2.723687156e+03  2.0136212e-02  3.40235e-04  2.01362e-02
2.723648247e+03  2.0139130e-02  3.23738e-04  2.01391e-02
2.723609338e+03  2.0094735e-02  3.09128e-04  2.00947e-02
2.723570430e+03  2.0141611e-02  3.03713e-04  2.01416e-02
2.723531522e+03  2.0137946e-02  3.03934e-04  2.01379e-02
2.723492615e+03  1.8749293e-02  3.08163e-04  1.87493e-02
2.723453709e+03  2.0145809e-02  3.22308e-04  2.01458e-02
2.723414803e+03  2.0155050e-02  3.52288e-04  2.01551e-02
2.723375898e+03  2.0160440e-02  4.21684e-04  2.01604e-02
2.723336993e+03  2.0163874e-02  5.09876e-04  2.01639e-02
2.723298089e+03  2.0167109e-02  4.47151e-04  2.01671e-02
2.723259185e+03  2.0169923e-02  3.64142e-04  2.01699e-02
2.723220282e+03  2.0172296e-02  3.26131e-04  2.01723e-02
2.723181379e+03  2.0175523e-02  3.09024e-04  2.01755e-02
2.723142477e+03  2.0179558e-02  3.00404e-04  2.01796e-02
2.723103576e+03  2.0182584e-02  2.95975e-04  2.01826e-02
2.723064675e+03  2.0173172e-02  2.93952e-04  2.01732e-02
2.723025774e+03  2.0188174e-02  2.94458e-04  2.01882e-02
2.722986875e+03  2.0191603e-02  2.93684e-04  2.01916e-02
2.722947975e+03  2.0189979e-02  2.94961e-04  2.01900e-02
2.722909077e+03  2.0196637e-02  2.98482e-04  2.01966e-02
2.722870178e+03  2.0154958e-02  3.00860e-04  2.01550e-02
2.722831281e+03  1.8808982e-02  3.03067e-04  1.88090e-02
2.722792384e+03  2.0179223e-02  3.15221e-04  2.01792e-02
2.722753487e+03  2.0208012e-02  3.39292e-04  2.02080e-02
2.722714591e+03  2.0212574e-02  3.95275e-04  2.02126e-02
2.722675696e+03  2.0215019e-02  4.99946e-04  2.02150e-02
2.722636801e+03  2.0219426e-02  4.86329e-04  2.02194e-02
2.722597907e+03  2.0222622e-02  3.85220e-04  2.02226e-02
2.722559013e+03  2.0225730e-02  3.37006e-04  2.02257e-02
2.722520120e+03  2.0223791e-02  3.13390e-04  2.02238e-02
2.722481228e+03  2.0230738e-02  3.03032e-04  2.02307e-02
2.722442336e+03  2.0234272e-02  3.00038e-04  2.02343e-02
2.722403444e+03  2.0236932e-02  2.95083e-04  2.02369e-02
2.722364553e+03  2.0241137e-02  2.93046e-04  2.02411e-02
2.722325663e+03  2.0244136e-02  2.92201e-04  2.02441e-02
2.722286773e+03  2.0247180e-02  2.92129e-04  2.02472e-02
2.722247884e+03  2.0218841e-02  2.93589e-04  2.02188e-02
2.722208995e+03  2.0249862e-02  2.97643e-04  2.02499e-02
2.722170107e+03  2.0255352e-02  2.97179e-04  2.02554e-02
2.722131219e+03  2.0254608e-02  3.01775e-04  2.02546e-02
2.722092332e+03  1.9252946e-02  3.07749e-04  1.92529e-02
2.722053446e+03  1.9615925e-02  3.21142e-04  1.96159e-02
2.722014560e+03  1.9956535e-02  3.51289e-04  1.99565e-02
2.721975674e+03  2.0269624e-02  4.27738e-04  2.02696e-02
2.721936790e+03  2.0273114e-02  5.96789e-04  2.02731e-02
2.721897905e+03  2.0277160e-02  6.55840e-04  2.02772e-02
2.721859022e+03  2.0178681e-02  5.69345e-04  2.01787e-02
2.721820139e+03  2.0283603e-02  4.18005e-04  2.02836e-02
2.721781256e+03  2.0287342e-02  3.53164e-04  2.02873e-02
2.721742374e+03  2.0289430e-02  3.30265e-04  2.02894e-02
2.721703492e+03  2.0292876e-02  3.23739e-04  2.02929e-02
2.721664612e+03  2.0296796e-02  3.11263e-04  2.02968e-02
2.721625731e+03  2.0275680e-02  3.00428e-04  2.02757e-02
2.721586851e+03  2.0302755e-02  2.95497e-04  2.03028e-02
2.721547972e+03  2.0306124e-02  2.92470e-04  2.03061e-02
2.721509093e+03  2.0309226e-02  2.95523e-04  2.03092e-02
2.721470215e+03  2.0312286e-02  2.92530e-04  2.03123e-02
2.721431338e+03  2.0311420e-02  2.88975e-04  2.03114e-02
2.721392461e+03  2.0315452e-02  2.89783e-04  2.03155e-02
2.721353584e+03  2.0252486e-02  2.89054e-04  2.02525e-02
2.721314708e+03  2.0324408e-02  2.89625e-04  2.03244e-02
2.721275833e+03  2.0327357e-02  2.94784e-04  2.03274e-02
2.721236958e+03  2.0329637e-02  3.04728e-04  2.03296e-02
2.721198084e+03  2.0333395e-02  2.94461e-04  2.03334e-02
2.721159210e+03  2.0336245e-02  2.95055e-04  2.03362e-02
2.721120337e+03  2.0337641e-02  2.97374e-04  2.03376e-02
2.721081464e+03  1.9851276e-02  3.00871e-04  1.98513e-02
2.721042592e+03  2.0336351e-02  3.09747e-04  2.03364e-02
2.721003721e+03  1.9281452e-02  3.25516e-04  1.92815e-02
2.720964850e+03  2.0308779e-02  3.64553e-04  2.03088e-02
2.720925979e+03  2.0345746e-02  4.26030e-04  2.03457e-02
2.720887110e+03  2.0357634e-02  4.45182e-04  2.03576e-02
2.720848240e+03  2.0361123e-02  4.62505e-04  2.03611e-02
2.720809372e+03  2.0364187e-02  4.64000e-04  2.03642e-02
2.720770504e+03  2.0365876e-02  4.08181e-04  2.03659e-02
2.720731636e+03  2.0168479e-02  3.47910e-04  2.01685e-02
2.720692769e+03  2.0076900e-02  3.32281e-04  2.00769e-02
2.720653902e+03  1.9663674e-02  3.33771e-04  1.96637e-02
2.720615037e+03  2.0297304e-02  3.56367e-04  2.02973e-02
2.720576171e+03  2.0381971e-02  4.13543e-04  2.03820e-02
2.720537306e+03  2.0385801e-02  4.61574e-04  2.03858e-02
2.720498442e+03  2.0360576e-02  4.61258e-04  2.03606e-02
2.720459578e+03  2.0383606e-02  4.10808e-04  2.03836e-02
2.720420715e+03  2.0395510e-02  3.54703e-04  2.03955e-02
2.720381853e+03  2.0384406e-02  3.29819e-04  2.03844e-02
2.720342991e+03  2.0400035e-02  3.24712e-04  2.04000e-02
2.720304129e+03  1.9667260e-02  3.21458e-04  1.96673e-02
2.720265268e+03  2.0339265e-02  3.19884e-04  2.03393e-02
2.720226408e+03  2.0404259e-02  3.31853e-04  2.04043e-02
2.720187548e+03  2.0413481e-02  3.77150e-04  2.04135e-02
2.720148689e+03  2.0183010e-02  5.12159e-04  2.01830e-02
2.720109830e+03  2.0417474e-02  5.53382e-04  2.04175e-02
2.720070972e+03  2.0417937e-02  4.03234e-04  2.04179e-02
2.720032114e+03  2.0399054e-02  3.56727e-04  2.03991e-02
2.719993257e+03  2.0429972e-02  3.63401e-04  2.04300e-02
2.719954401e+03  2.0433119e-02  3.47987e-04  2.04331e-02
2.719915545e+03  2.0430622e-02  3.19866e-04  2.04306e-02
2.719876689e+03  2.0356288e-02  3.06337e-04  2.03563e-02
2.719837835e+03  2.0441262e-02  2.97455e-04  2.04413e-02
2.719798980e+03  2.0369817e-02  2.92601e-04  2.03698e-02
2.719760127e+03  2.0435013e-02  2.90719e-04  2.04350e-02
2.719721273e+03  2.0451700e-02  2.91761e-04  2.04517e-02
2.719682421e+03  2.0450300e-02  2.95027e-04  2.04503e-02
2.719643569e+03  2.0458152e-02  3.05171e-04  2.04582e-02
2.719604717e+03  2.0461306e-02  3.04241e-04  2.04613e-02
2.719565866e+03  2.0464431e-02  2.93482e-04  2.04644e-02
2.719527016e+03  2.0466669e-02  2.88326e-04  2.04667e-02
2.719488166e+03  2.0469499e-02  2.87672e-04  2.04695e-02
2.719449317e+03  2.0473784e-02  2.87508e-04  2.04738e-02
2.719410468e+03  2.0476829e-02  2.84301e-04  2.04768e-02
2.719371620e+03  2.0480009e-02  2.83423e-04  2.04800e-02
2.719332772e+03  2.0483092e-02  2.83120e-04  2.04831e-02
2.719293925e+03  2.0481622e-02  2.82994e-04  2.04816e-02
2.719255079e+03  2.0466162e-02  2.83136e-04  2.04662e-02
2.719216233e+03  2.0492224e-02  2.83934e-04  2.04922e-02
2.719177387e+03  2.0488013e-02  2.84944e-04  2.04880e-02
2.719138543e+03  2.0448105e-02  2.87888e-04  2.04481e-02
2.719099698e+03  2.0452115e-02  2.89844e-04  2.04521e-02
2.719060855e+03  2.0503791e-02  2.87320e-04  2.05038e-02
2.719022011e+03  2.0507914e-02  2.85487e-04  2.05079e-02
2.718983169e+03  2.0510958e-02  2.85086e-04  2.05110e-02
2.718944327e+03  2.0478313e-02  2.85371e-04  2.04783e-02
2.718905485e+03  2.0515463e-02  2.86669e-04  2.05155e-02
2.718866644e+03  2.0518317e-02  2.89258e-04  2.05183e-02
2.718827804e+03  2.0311031e-02  2.94332e-04  2.03110e-02
2.718788964e+03  2.0341966e-02  3.03712e-04  2.03420e-02
2.718750125e+03  2.0527960e-02  3.15587e-04  2.05280e-02
2.718711286e+03  2.0301352e-02  3.42624e-04  2.03014e-02
2.718672448e+03  2.0534030e-02  4.07726e-04  2.05340e-02
2.718633610e+03  2.0538638e-02  4.03304e-04  2.05386e-02
2.718594773e+03  2.0533608e-02  3.57110e-04  2.05336e-02
2.718555937e+03  2.0545225e-02  3.57010e-04  2.05452e-02
2.718517101e+03  2.0542067e-02  3.37450e-04  2.05421e-02
2.718478265e+03  2.0551184e-02  3.12002e-04  2.05512e-02
2.718439430e+03  2.0554740e-02  2.98852e-04  2.05547e-02
2.718400596e+03  2.0549826e-02  2.92381e-04  2.05498e-02
2.718361762e+03  2.0462923e-02  2.88049e-04  2.04629e-02
2.718322929e+03  2.0563335e-02  2.86149e-04  2.05633e-02
2.718284097e+03  2.0567336e-02  2.84893e-04  2.05673e-02
2.718245264e+03  2.0570483e-02  2.84687e-04  2.05705e-02
2.718206433e+03  2.0573289e-02  2.86286e-04  2.05733e-02
2.718167602e+03  2.0576741e-02  2.85783e-04  2.05767e-02
2.718128772e+03  2.0579846e-02  2.89620e-04  2.05798e-02
2.718089942e+03  2.0582859e-02  2.88984e-04  2.05829e-02
2.718051112e+03  2.0584386e-02  2.98978e-04  2.05844e-02
2.718012284e+03  2.0589177e-02  2.91445e-04  2.05892e-02
2.717973455e+03  2.0589859e-02  2.88007e-04  2.05899e-02
2.717934628e+03  2.0593830e-02  2.88318e-04  2.05938e-02
2.717895801e+03  2.0353834e-02  2.87531e-04  2.03538e-02
2.717856974e+03  2.0601176e-02  2.90944e-04  2.06012e-02
2.717818148e+03  2.0604261e-02  3.00244e-04  2.06043e-02
2.717779323e+03  2.0607991e-02  3.33598e-04  2.06080e-02
2.717740498e+03  2.0611131e-02  4.12380e-04  2.06111e-02
2.717701674e+03  2.0614201e-02  3.41013e-04  2.06142e-02
2.717662850e+03  2.0610848e-02  3.01941e-04  2.06108e-02
2.717624027e+03  2.0467382e-02  2.91267e-04  2.04674e-02
2.717585204e+03  2.0620130e-02  2.88644e-04  2.06201e-02
2.717546382e+03  2.0626728e-02  2.86931e-04  2.06267e-02
2.717507560e+03  2.0629951e-02  2.87772e-04  2.06300e-02
2.717468739e+03  2.0633110e-02  2.91702e-04  2.06331e-02
2.717429919e+03  2.0636117e-02  2.97945e-04  2.06361e-02
2.717391099e+03  2.0639371e-02  2.90558e-04  2.06394e-02
2.717352280e+03  2.0635022e-02  2.91535e-04  2.06350e-02
2.717313461e+03  2.0639328e-02  3.18680e-04  2.06393e-02
2.717274643e+03  2.0635822e-02  3.15188e-04  2.06358e-02
2.717235825e+03  2.0651201e-02  3.11832e-04  2.06512e-02
2.717197008e+03  2.0655020e-02  3.29865e-04  2.06550e-02
2.717158192e+03  2.0655097e-02  2.96723e-04  2.06551e-02
2.717119376e+03  2.0661039e-02  2.90858e-04  2.06610e-02
2.717080560e+03  2.0577625e-02  2.87786e-04  2.05776e-02
2.717041745e+03  2.0665776e-02  2.88108e-04  2.06658e-02
2.717002931e+03  2.0668097e-02  2.90159e-04  2.06681e-02
2.716964117e+03  2.0584541e-02  2.97054e-04  2.05845e-02
2.716925304e+03  2.0676144e-02  3.12721e-04  2.06761e-02
2.716886491e+03  2.0559097e-02  3.15676e-04  2.05591e-02
2.716847679e+03  2.0682993e-02  3.12044e-04  2.06830e-02
2.716808868e+03  2.0686428e-02  3.20678e-04  2.06864e-02
2.716770057e+03  2.0689310e-02  3.06768e-04  2.06893e-02
2.716731246e+03  2.0691980e-02  2.93021e-04  2.06920e-02
2.716692436e+03  2.0692880e-02  2.88205e-04  2.06929e-02
2.716653627e+03  2.0699052e-02  2.85756e-04  2.06991e-02
2.716614818e+03  2.0702101e-02  2.84801e-04  2.07021e-02
2.716576010e+03  2.0704363e-02  2.84550e-04  2.07044e-02
2.716537202e+03  2.0708345e-02  2.84970e-04  2.07083e-02
2.716498395e+03  2.0711192e-02  2.85692e-04  2.07112e-02
2.716459589e+03  2.0710974e-02  2.86600e-04  2.07110e-02
2.716420783e+03  2.0360706e-02  2.88202e-04  2.03607e-02
2.716381977e+03  2.0719362e-02  2.93625e-04  2.07194e-02
2.716343172e+03  2.0723871e-02  3.01770e-04  2.07239e-02
2.716304368e+03  2.0726739e-02  3.23174e-04  2.07267e-02
2.716265564e+03  2.0730405e-02  3.47663e-04  2.07304e-02
2.716226761e+03  2.0733530e-02  3.26820e-04  2.07335e-02
2.716187958e+03  2.0736320e-02  3.04438e-04  2.07363e-02
2.716149156e+03  2.0578055e-02  2.95396e-04  2.05781e-02
2.716110354e+03  2.0576157e-02  2.92866e-04  2.05762e-02
2.716071553e+03  2.0741585e-02  2.93673e-04  2.07416e-02
2.716032753e+03  2.0741451e-02  2.99742e-04  2.07415e-02
2.715993953e+03  2.0751798e-02  3.21544e-04  2.07518e-02
2.715955154e+03  2.0755707e-02  3.60230e-04  2.07557e-02
2.715916355e+03  2.0758879e-02  3.26822e-04  2.07589e-02
2.715877557e+03  2.0762026e-02  3.00365e-04  2.07620e-02
2.715838759e+03  2.0764225e-02  2.93286e-04  2.07642e-02
2.715799962e+03  2.0764794e-02  2.89462e-04  2.07648e-02
2.715761165e+03  2.0771478e-02  2.86711e-04  2.07715e-02
2.715722369e+03  2.0774053e-02  2.85155e-04  2.07741e-02
2.715683574e+03  2.0777739e-02  2.84820e-04  2.07777e-02
2.715644779e+03  2.0776527e-02  2.85346e-04  2.07765e-02
2.715605984e+03  2.0782246e-02  2.86009e-04  2.07822e-02
2.715567191e+03  2.0687537e-02  2.88322e-04  2.06875e-02
2.715528397e+03  2.0789501e-02  2.88128e-04  2.07895e-02
2.715489605e+03  2.0791984e-02  2.90880e-04  2.07920e-02
2.715450812e+03  2.0796032e-02  2.98259e-04  2.07960e-02
2.715412021e+03  2.0674976e-02  3.10814e-04  2.06750e-02
2.715373230e+03  2.0793827e-02  3.06698e-04  2.07938e-02
2.715334439e+03  2.0805880e-02  2.95860e-04  2.08059e-02
2.715295649e+03  2.0809128e-02  2.89083e-04  2.08091e-02
2.715256860e+03  2.0810312e-02  2.87604e-04  2.08103e-02
2.715218071e+03  2.0780941e-02  2.88499e-04  2.07809e-02
2.715179283e+03  2.0817265e-02  2.89580e-04  2.08173e-02
2.715140495e+03  2.0530238e-02  2.92460e-04  2.05302e-02
2.715101708e+03  2.0596415e-02  3.02646e-04  2.05964e-02
2.715062921e+03  2.0826771e-02  3.16434e-04  2.08268e-02
2.715024135e+03  2.0800480e-02  3.22146e-04  2.08005e-02
2.714985350e+03  2.0815089e-02  3.45098e-04  2.08151e-02
2.714946565e+03  2.0837106e-02  3.54449e-04  2.08371e-02
2.714907780e+03  2.0839041e-02  3.29218e-04  2.08390e-02
2.714868997e+03  2.0843720e-02  3.30223e-04  2.08437e-02
2.714830213e+03  2.0847165e-02  3.42563e-04  2.08472e-02
2.714791431e+03  2.0850402e-02  3.20501e-04  2.08504e-02
2.714752648e+03  2.0853500e-02  3.73433e-04  2.08535e-02
2.714713867e+03  2.0854869e-02  3.12442e-04  2.08549e-02
2.714675086e+03  2.0697615e-02  2.92630e-04  2.06976e-02
2.714636305e+03  2.0860179e-02  2.88809e-04  2.08602e-02
2.714597525e+03  2.0857833e-02  2.89367e-04  2.08578e-02
2.714558746e+03  2.0869387e-02  2.94589e-04  2.08694e-02
2.714519967e+03  2.0872593e-02  3.00284e-04  2.08726e-02
2.714481189e+03  2.0875771e-02  2.92227e-04  2.08758e-02
2.714442411e+03  2.0878934e-02  2.95077e-04  2.08789e-02
2.714403634e+03  2.0877023e-02  2.92073e-04  2.08770e-02
2.714364857e+03  2.0884529e-02  2.87081e-04  2.08845e-02
2.714326081e+03  2.0883336e-02  2.87791e-04  2.08833e-02
2.714287305e+03  2.0891610e-02  2.84855e-04  2.08916e-02
2.714248530e+03  2.0893950e-02  2.87789e-04  2.08940e-02
2.714209756e+03  2.0897490e-02  2.99219e-04  2.08975e-02
2.714170982e+03  2.0901145e-02  2.87748e-04  2.09011e-02
2.714132209e+03  2.0904309e-02  2.84348e-04  2.09043e-02
2.714093436e+03  2.0907433e-02  2.83079e-04  2.09074e-02
2.714054664e+03  2.0898862e-02  2.82861e-04  2.08989e-02
2.714015892e+03  2.0877967e-02  2.83448e-04  2.08780e-02
2.713977121e+03  2.0916221e-02  2.84330e-04  2.09162e-02
2.713938351e+03  2.0857567e-02  2.87133e-04  2.08576e-02
2.713899581e+03  2.0851379e-02  2.98090e-04  2.08514e-02
2.713860811e+03  2.0919203e-02  3.10395e-04  2.09192e-02
2.713822042e+03  2.0928542e-02  2.94106e-04  2.09285e-02
2.713783274e+03  2.0932875e-02  2.86209e-04  2.09329e-02
2.713744506e+03  2.0935480e-02  2.84329e-04  2.09355e-02
2.713705739e+03  2.0939242e-02  2.85654e-04  2.09392e-02
2.713666972e+03  2.0941618e-02  2.96374e-04  2.09416e-02
2.713628206e+03  2.0945589e-02  2.87799e-04  2.09456e-02
2.713589441e+03  2.0948755e-02  2.83600e-04  2.09488e-02
2.713550676e+03  2.0950432e-02  2.82526e-04  2.09504e-02
2.713511911e+03  2.0955120e-02  2.81936e-04  2.09551e-02
2.713473147e+03  2.0958290e-02  2.81919e-04  2.09583e-02
2.713434384e+03  2.0961020e-02  2.81791e-04  2.09610e-02
2.713395621e+03  2.0961678e-02  2.82149e-04  2.09617e-02
2.713356859e+03  2.0954831e-02  2.82212e-04  2.09548e-02
2.713318097e+03  2.0970949e-02  2.82491e-04  2.09709e-02
2.713279336e+03  2.0973788e-02  2.83943e-04  2.09738e-02
2.713240575e+03  2.0977227e-02  2.86662e-04  2.09772e-02
2.713201815e+03  2.0977758e-02  2.89278e-04  2.09778e-02
2.713163056e+03  2.0848587e-02  2.85583e-04  2.08486e-02
2.713124297e+03  2.0986680e-02  2.83354e-04  2.09867e-02
2.713085539e+03  2.0981816e-02  2.82994e-04  2.09818e-02
2.713046781e+03  2.0993191e-02  2.83583e-04  2.09932e-02
2.713008024e+03  2.0996404e-02  2.82927e-04  2.09964e-02
2.712969267e+03  2.0999578e-02  2.83429e-04  2.09996e-02
2.712930511e+03  2.1001843e-02  2.85653e-04  2.10018e-02
2.712891755e+03  2.0984195e-02  2.83330e-04  2.09842e-02
2.712853000e+03  2.1006466e-02  2.83275e-04  2.10065e-02
2.712814246e+03  2.1012291e-02  2.84934e-04  2.10123e-02
2.712775492e+03  2.1015511e-02  2.90041e-04  2.10155e-02
2.712736738e+03  2.1018698e-02  3.02558e-04  2.10187e-02
2.712697985e+03  2.1021491e-02  2.91843e-04  2.10215e-02
2.712659233e+03  2.1025064e-02  2.85937e-04  2.10251e-02
2.712620481e+03  2.1028254e-02  2.84312e-04  2.10283e-02
2.712581730e+03  2.1031132e-02  2.83915e-04  2.10311e-02
2.712542980e+03  2.1034319e-02  2.84280e-04  2.10343e-02
2.712504230e+03  2.1037715e-02  2.84834e-04  2.10377e-02
2.712465480e+03  2.1039818e-02  2.85684e-04  2.10398e-02
2.712426731e+03  2.0906114e-02  2.86600e-04  2.09061e-02
2.712387983e+03  2.1047105e-02  2.90260e-04  2.10471e-02
2.712349235e+03  2.1050480e-02  2.94334e-04  2.10505e-02
2.712310488e+03  2.1045809e-02  3.04089e-04  2.10458e-02
2.712271741e+03  2.1056955e-02  3.44958e-04  2.10570e-02
2.712232995e+03  2.1058950e-02  3.22003e-04  2.10589e-02
2.712194249e+03  2.1062646e-02  3.42824e-04  2.10626e-02
2.712155504e+03  2.1066577e-02  5.53600e-04  2.10666e-02
2.712116759e+03  2.1069772e-02  6.41031e-04  2.10698e-02
2.712078015e+03  2.1072964e-02  5.47237e-04  2.10730e-02
2.712039272e+03  2.1076136e-02  5.70123e-04  2.10761e-02
2.712000529e+03  2.1079122e-02  4.29561e-04  2.10791e-02
2.711961787e+03  2.1082194e-02  3.31856e-04  2.10822e-02
2.711923045e+03  2.1085415e-02  3.18587e-04  2.10854e-02
2.711884304e+03  2.1088873e-02  3.04475e-04  2.10889e-02
2.711845563e+03  2.1087219e-02  3.06466e-04  2.10872e-02
2.711806823e+03  2.1090342e-02  3.31703e-04  2.10903e-02
2.711768084e+03  2.1085483e-02  4.78307e-04  2.10855e-02
2.711729345e+03  2.1100779e-02  3.65447e-04  2.11008e-02
2.711690606e+03  2.0957940e-02  3.15870e-04  2.09579e-02
2.711651868e+03  2.1100720e-02  3.06476e-04  2.11007e-02
2.711613131e+03  2.1102975e-02  3.10040e-04  2.11030e-02
2.711574394e+03  2.1106484e-02  3.19648e-04  2.11065e-02
2.711535658e+03  2.1114696e-02  3.15195e-04  2.11147e-02
2.711496922e+03  2.1120851e-02  3.17431e-04  2.11209e-02
2.711458187e+03  2.1123382e-02  3.18910e-04  2.11234e-02
2.711419453e+03  2.1127137e-02  3.28333e-04  2.11271e-02
2.711380719e+03  2.1129044e-02  3.64356e-04  2.11290e-02
2.711341985e+03  2.1128323e-02  5.47092e-04  2.11283e-02
2.711303252e+03  2.1136863e-02  5.18584e-04  2.11369e-02
2.711264520e+03  2.1140062e-02  5.20264e-04  2.11401e-02
2.711225788e+03  2.1143228e-02  3.91676e-04  2.11432e-02
2.711187057e+03  2.1140468e-02  3.15894e-04  2.11405e-02
2.711148326e+03  2.1148325e-02  2.99372e-04  2.11483e-02
2.711109596e+03  2.1044282e-02  2.93941e-04  2.10443e-02
2.711070866e+03  2.1155504e-02  2.93308e-04  2.11555e-02
2.711032137e+03  2.1158878e-02  2.96838e-04  2.11589e-02
2.710993409e+03  2.1162017e-02  3.09111e-04  2.11620e-02
2.710954681e+03  2.1028673e-02  3.47322e-04  2.10287e-02
2.710915954e+03  2.1168490e-02  3.08929e-04  2.11685e-02
2.710877227e+03  2.1170488e-02  2.93468e-04  2.11705e-02
2.710838501e+03  2.1175269e-02  2.88687e-04  2.11753e-02
2.710799775e+03  2.1171063e-02  2.86152e-04  2.11711e-02
2.710761050e+03  2.1181528e-02  2.85043e-04  2.11815e-02
2.710722325e+03  2.1184445e-02  2.84562e-04  2.11844e-02
2.710683601e+03  2.1187966e-02  2.84640e-04  2.11880e-02
2.710644878e+03  2.1152677e-02  2.84498e-04  2.11527e-02
2.710606155e+03  2.1194254e-02  2.84992e-04  2.11943e-02
2.710567432e+03  2.1197541e-02  2.86268e-04  2.11975e-02
2.710528710e+03  2.1162277e-02  2.89696e-04  2.11623e-02
2.710489989e+03  2.1196122e-02  2.94811e-04  2.11961e-02
2.710451268e+03  2.1207319e-02  2.93615e-04  2.12073e-02
2.710412548e+03  2.1210173e-02  2.91391e-04  2.12102e-02
2.710373829e+03  2.1213809e-02  2.93465e-04  2.12138e-02
2.710335109e+03  2.1217013e-02  2.96229e-04  2.12170e-02
2.710296391e+03  2.1220107e-02  2.90346e-04  2.12201e-02
2.710257673e+03  2.1223107e-02  2.85886e-04  2.12231e-02
2.710218956e+03  2.1090814e-02  2.84025e-04  2.10908e-02
2.710180239e+03  2.1204578e-02  2.83650e-04  2.12046e-02
2.710141522e+03  2.1232968e-02  2.84059e-04  2.12330e-02
2.710102807e+03  2.1236284e-02  2.84564e-04  2.12363e-02
2.710064091e+03  2.1239440e-02  2.87059e-04  2.12394e-02
2.710025377e+03  2.1235132e-02  2.88675e-04  2.12351e-02
2.709986663e+03  2.1245956e-02  2.86103e-04  2.12460e-02
2.709947949e+03  2.1249189e-02  2.84901e-04  2.12492e-02
2.709909236e+03  2.1252405e-02  2.87409e-04  2.12524e-02
2.709870524e+03  2.1255295e-02  2.84445e-04  2.12553e-02
2.709831812e+03  2.1258815e-02  2.83317e-04  2.12588e-02
2.709793100e+03  2.1262034e-02  2.82838e-04  2.12620e-02
2.709754390e+03  2.1265195e-02  2.82908e-04  2.12652e-02
2.709715679e+03  2.1268452e-02  2.83483e-04  2.12685e-02
2.709676970e+03  2.1271498e-02  2.83072e-04  2.12715e-02
2.709638261e+03  2.1274660e-02  2.83222e-04  2.12747e-02
2.709599552e+03  2.1277985e-02  2.83703e-04  2.12780e-02
2.709560844e+03  2.1279345e-02  2.84447e-04  2.12793e-02
2.709522137e+03  2.1269563e-02  2.86398e-04  2.12696e-02
2.709483430e+03  2.1011303e-02  2.87279e-04  2.10113e-02
2.709444723e+03  2.1289736e-02  2.91465e-04  2.12897e-02
2.709406018e+03  2.1293986e-02  3.04046e-04  2.12940e-02
2.709367312e+03  2.1297339e-02  3.08923e-04  2.12973e-02
2.709328608e+03  2.1300598e-02  3.12827e-04  2.13006e-02
2.709289904e+03  2.1296586e-02  3.01299e-04  2.12966e-02
2.709251200e+03  2.1304298e-02  2.92906e-04  2.13043e-02
2.709212497e+03  2.1310280e-02  2.89117e-04  2.13103e-02
2.709173794e+03  2.1313539e-02  2.88662e-04  2.13135e-02
2.709135092e+03  2.1316769e-02  2.91405e-04  2.13168e-02
2.709096391e+03  2.1319991e-02  3.02817e-04  2.13200e-02
2.709057690e+03  2.1320655e-02  3.59124e-04  2.13207e-02
2.709018990e+03  2.1326218e-02  3.24638e-04  2.13262e-02
2.708980290e+03  2.1329475e-02  2.93520e-04  2.13295e-02
2.708941591e+03  2.1332883e-02  2.88841e-04  2.13329e-02
2.708902893e+03  2.1334282e-02  2.88162e-04  2.13343e-02
2.708864194e+03  2.1336682e-02  2.88970e-04  2.13367e-02
2.708825497e+03  2.1342368e-02  2.93974e-04  2.13424e-02
2.708786800e+03  2.1345598e-02  2.90075e-04  2.13456e-02
2.708748104e+03  2.1227081e-02  2.95926e-04  2.12271e-02
2.708709408e+03  2.1350882e-02  3.02325e-04  2.13509e-02
2.708670712e+03  2.1355355e-02  2.89370e-04  2.13554e-02
2.708632018e+03  2.1358616e-02  2.86296e-04  2.13586e-02
2.708593324e+03  2.1361857e-02  2.85472e-04  2.13619e-02
2.708554630e+03  2.1364573e-02  2.85408e-04  2.13646e-02
2.708515937e+03  2.1361958e-02  2.85310e-04  2.13620e-02
2.708477244e+03  2.1371283e-02  2.85945e-04  2.13713e-02
2.708438552e+03  2.1374160e-02  2.87308e-04  2.13742e-02
2.708399861e+03  2.1376233e-02  2.88628e-04  2.13762e-02
2.708361170e+03  2.1364417e-02  2.91205e-04  2.13644e-02
2.708322480e+03  2.0495836e-02  2.94246e-04  2.04958e-02
2.708283790e+03  2.1383121e-02  3.03996e-04  2.13831e-02
2.708245101e+03  2.1388167e-02  3.22429e-04  2.13882e-02
2.708206412e+03  2.1393784e-02  3.61659e-04  2.13938e-02
2.708167724e+03  2.1397250e-02  3.94682e-04  2.13972e-02
2.708129036e+03  2.1400407e-02  3.56424e-04  2.14004e-02
2.708090349e+03  2.1394917e-02  3.20044e-04  2.13949e-02
2.708051663e+03  2.1407003e-02  3.02872e-04  2.14070e-02
2.708012977e+03  2.1300632e-02  2.95154e-04  2.13006e-02
2.707974292e+03  2.1408455e-02  2.92005e-04  2.14085e-02
2.707935607e+03  2.1416827e-02  2.92125e-04  2.14168e-02
2.707896923e+03  2.1415897e-02  2.89601e-04  2.14159e-02
2.707858239e+03  2.1423394e-02  2.87063e-04  2.14234e-02
2.707819556e+03  2.1426260e-02  2.86081e-04  2.14263e-02
2.707780873e+03  2.1427241e-02  2.86234e-04  2.14272e-02
2.707742191e+03  2.1427382e-02  2.86753e-04  2.14274e-02
2.707703510e+03  2.1436133e-02  2.86697e-04  2.14361e-02
2.707664829e+03  2.1439657e-02  2.88712e-04  2.14397e-02
2.707626148e+03  2.1442355e-02  2.91340e-04  2.14424e-02
2.707587469e+03  2.1444866e-02  2.86542e-04  2.14449e-02
2.707548789e+03  2.1449279e-02  2.84386e-04  2.14493e-02
2.707510111e+03  2.1452613e-02  2.83870e-04  2.14526e-02
2.707471432e+03  2.1455845e-02  2.83702e-04  2.14558e-02
2.707432755e+03  2.1459066e-02  2.83643e-04  2.14591e-02
2.707394078e+03  2.1462255e-02  2.84177e-04  2.14623e-02
2.707355401e+03  2.1465403e-02  2.84435e-04  2.14654e-02
2.707316725e+03  2.1468476e-02  2.86811e-04  2.14685e-02
2.707278050e+03  2.1392859e-02  2.86894e-04  2.13929e-02
2.707239375e+03  2.1374931e-02  2.85662e-04  2.13749e-02
2.707200701e+03  2.1439227e-02  2.87039e-04  2.14392e-02
2.707162027e+03  2.1481201e-02  2.92582e-04  2.14812e-02
2.707123354e+03  2.1468223e-02  2.97448e-04  2.14682e-02
2.707084681e+03  2.1468493e-02  2.99912e-04  2.14685e-02
2.707046009e+03  2.1491200e-02  2.97729e-04  2.14912e-02
2.707007338e+03  2.1489747e-02  2.94150e-04  2.14897e-02
2.706968667e+03  2.1495854e-02  2.91070e-04  2.14959e-02
2.706929996e+03  2.1501251e-02  2.89620e-04  2.15013e-02
2.706891326e+03  2.1504520e-02  2.87013e-04  2.15045e-02
2.706852657e+03  2.1507667e-02  2.85482e-04  2.15077e-02
2.706813988e+03  2.1511026e-02  2.84601e-04  2.15110e-02
2.706775320e+03  2.1514276e-02  2.84618e-04  2.15143e-02
2.706736652e+03  2.1517524e-02  2.84353e-04  2.15175e-02
2.706697985e+03  2.1520769e-02  2.83777e-04  2.15208e-02
2.706659319e+03  2.1524008e-02  2.83906e-04  2.15240e-02
2.706620653e+03  2.1527132e-02  2.83731e-04  2.15271e-02
2.706581987e+03  2.1528112e-02  2.84089e-04  2.15281e-02
2.706543322e+03  2.1529990e-02  2.84443e-04  2.15300e-02
2.706504658e+03  2.1446119e-02  2.84970e-04  2.14461e-02
2.706465994e+03  2.1539955e-02  2.86157e-04  2.15400e-02
2.706427331e+03  2.1542858e-02  2.92211e-04  2.15429e-02
2.706388668e+03  2.1470568e-02  2.95701e-04  2.14706e-02
2.706350006e+03  2.1351017e-02  2.95339e-04  2.13510e-02
2.706311344e+03  2.1550829e-02  2.97042e-04  2.15508e-02
2.706272683e+03  2.1556330e-02  2.99962e-04  2.15563e-02
2.706234023e+03  2.1553990e-02  3.12563e-04  2.15540e-02
2.706195363e+03  2.1563012e-02  3.18782e-04  2.15630e-02
2.706156704e+03  2.1566311e-02  3.05919e-04  2.15663e-02
2.706118045e+03  2.1569539e-02  2.94587e-04  2.15695e-02
2.706079386e+03  2.1572835e-02  2.89974e-04  2.15728e-02
2.706040729e+03  2.1576116e-02  2.87364e-04  2.15761e-02
2.706002072e+03  2.1579359e-02  2.85701e-04  2.15794e-02
2.705963415e+03  2.1581685e-02  2.85279e-04  2.15817e-02
2.705924759e+03  2.1585886e-02  2.84455e-04  2.15859e-02
2.705886103e+03  2.1589134e-02  2.84004e-04  2.15891e-02
2.705847448e+03  2.1592274e-02  2.83827e-04  2.15923e-02
2.705808794e+03  2.1594770e-02  2.83753e-04  2.15948e-02
2.705770140e+03  2.1519303e-02  2.83624e-04  2.15193e-02
2.705731487e+03  2.1602058e-02  2.84426e-04  2.16021e-02
2.705692834e+03  2.1604937e-02  2.83521e-04  2.16049e-02
2.705654182e+03  2.1605690e-02  2.83344e-04  2.16057e-02
2.705615530e+03  2.1611977e-02  2.84461e-04  2.16120e-02
2.705576879e+03  2.1615259e-02  2.84943e-04  2.16153e-02
2.705538229e+03  2.1618527e-02  2.84347e-04  2.16185e-02
2.705499579e+03  2.1621777e-02  2.84864e-04  2.16218e-02
2.705460929e+03  2.1620626e-02  2.84338e-04  2.16206e-02
2.705422280e+03  2.1628283e-02  2.83482e-04  2.16283e-02
2.705383632e+03  2.1631591e-02  2.83193e-04  2.16316e-02
2.705344984e+03  2.1634868e-02  2.83368e-04  2.16349e-02
2.705306337e+03  2.1637857e-02  2.83038e-04  2.16379e-02
2.705267690e+03  2.1641401e-02  2.83062e-04  2.16414e-02
2.705229044e+03  2.1644514e-02  2.83379e-04  2.16445e-02
2.705190399e+03  2.1647747e-02  2.83455e-04  2.16477e-02
2.705151753e+03  2.1651186e-02  2.84966e-04  2.16512e-02
2.705113109e+03  2.1654409e-02  2.84740e-04  2.16544e-02
2.705074465e+03  2.1657216e-02  2.83930e-04  2.16572e-02
2.705035822e+03  2.1593674e-02  2.83916e-04  2.15937e-02
2.704997179e+03  2.1664116e-02  2.83814e-04  2.16641e-02
2.704958537e+03  2.1667174e-02  2.84018e-04  2.16672e-02
2.704919895e+03  2.1670728e-02  2.84527e-04  2.16707e-02
2.704881254e+03  2.1674069e-02  2.85540e-04  2.16741e-02
2.704842613e+03  2.1677341e-02  2.87585e-04  2.16773e-02
2.704803973e+03  2.1680601e-02  2.92328e-04  2.16806e-02
2.704765334e+03  2.1683062e-02  3.10990e-04  2.16831e-02
2.704726695e+03  2.1686474e-02  3.77216e-04  2.16865e-02
2.704688056e+03  2.1687004e-02  3.13783e-04  2.16870e-02
2.704649418e+03  2.1693556e-02  3.05466e-04  2.16936e-02
2.704610781e+03  2.1669940e-02  3.53681e-04  2.16699e-02
2.704572144e+03  2.1700052e-02  3.30765e-04  2.17001e-02
2.704533508e+03  2.1703488e-02  3.30766e-04  2.17035e-02
2.704494873e+03  2.1706772e-02  2.98464e-04  2.17068e-02
2.704456237e+03  2.1710035e-02  2.94157e-04  2.17100e-02
2.704417603e+03  2.1708083e-02  2.90020e-04  2.17081e-02
2.704378969e+03  2.1715557e-02  2.87327e-04  2.17156e-02
2.704340335e+03  2.1716900e-02  2.86431e-04  2.17169e-02
2.704301703e+03  2.1672674e-02  2.87218e-04  2.16727e-02
2.704263070e+03  2.1726308e-02  2.85794e-04  2.17263e-02
2.704224438e+03  2.1729410e-02  2.85605e-04  2.17294e-02
2.704185807e+03  2.1732992e-02  2.84880e-04  2.17330e-02
2.704147177e+03  2.1736280e-02  2.85595e-04  2.17363e-02
2.704108546e+03  2.1739563e-02  2.90398e-04  2.17396e-02
2.704069917e+03  2.1742846e-02  2.85588e-04  2.17428e-02
2.704031288e+03  2.1746105e-02  2.84269e-04  2.17461e-02
2.703992659e+03  2.1749402e-02  2.83548e-04  2.17494e-02
2.703954031e+03  2.1749121e-02  2.83378e-04  2.17491e-02
2.703915404e+03  2.1755929e-02  2.83388e-04  2.17559e-02
2.703876777e+03  2.1759190e-02  2.83839e-04  2.17592e-02
2.703838151e+03  2.1762534e-02  2.83707e-04  2.17625e-02
2.703799525e+03  2.1765808e-02  2.83419e-04  2.17658e-02
2.703760900e+03  2.1767596e-02  2.83392e-04  2.17676e-02
2.703722276e+03  2.1772369e-02  2.83997e-04  2.17724e-02
2.703683652e+03  2.1775648e-02  2.83850e-04  2.17756e-02
2.703645028e+03  2.1778916e-02  2.84456e-04  2.17789e-02
2.703606405e+03  2.1782075e-02  2.86277e-04  2.17821e-02
2.703567783e+03  2.1751280e-02  2.89854e-04  2.17513e-02
2.703529161e+03  2.1788671e-02  2.84578e-04  2.17887e-02
2.703490540e+03  2.1791554e-02  2.83674e-04  2.17916e-02
2.703451919e+03  2.1795342e-02  2.83552e-04  2.17953e-02
2.703413299e+03  2.1798635e-02  2.83996e-04  2.17986e-02
2.703374679e+03  2.1801817e-02  2.84919e-04  2.18018e-02
2.703336060e+03  2.1805075e-02  2.89004e-04  2.18051e-02
2.703297441e+03  2.1808442e-02  2.87077e-04  2.18084e-02
2.703258823e+03  2.1798476e-02  2.87351e-04  2.17985e-02
2.703220206e+03  2.1814796e-02  2.85171e-04  2.18148e-02
2.703181589e+03  2.1815158e-02  2.85269e-04  2.18152e-02
2.703142973e+03  2.1820223e-02  2.86279e-04  2.18202e-02
2.703104357e+03  2.1824863e-02  2.88980e-04  2.18249e-02
2.703065742e+03  2.1828102e-02  2.90301e-04  2.18281e-02
2.703027127e+03  2.1828706e-02  2.86739e-04  2.18287e-02
2.702988513e+03  2.1834800e-02  2.85152e-04  2.18348e-02
2.702949899e+03  2.1838115e-02  2.85591e-04  2.18381e-02
2.702911286e+03  2.1841392e-02  2.86555e-04  2.18414e-02
2.702872674e+03  2.1844652e-02  2.87511e-04  2.18447e-02
2.702834062e+03  2.1830739e-02  2.94317e-04  2.18307e-02
2.702795451e+03  2.1851030e-02  3.02527e-04  2.18510e-02
2.702756840e+03  2.1854566e-02  2.90711e-04  2.18546e-02
2.702718230e+03  2.1857877e-02  2.94595e-04  2.18579e-02
2.702679620e+03  2.1861173e-02  2.95727e-04  2.18612e-02
2.702641011e+03  2.1864468e-02  3.01165e-04  2.18645e-02
2.702602402e+03  2.1867695e-02  2.88536e-04  2.18677e-02
2.702563794e+03  2.1871051e-02  2.85418e-04  2.18711e-02
2.702525187e+03  2.1871990e-02  2.84746e-04  2.18720e-02
2.702486580e+03  2.1877379e-02  2.85816e-04  2.18774e-02
2.702447973e+03  2.1880905e-02  2.86565e-04  2.18809e-02
2.702409367e+03  2.1881398e-02  2.90265e-04  2.18814e-02
2.702370762e+03  2.1887423e-02  2.86853e-04  2.18874e-02
2.702332157e+03  2.1878488e-02  2.86305e-04  2.18785e-02
2.702293553e+03  2.1830506e-02  2.85866e-04  2.18305e-02
2.702254949e+03  2.1884158e-02  2.87048e-04  2.18842e-02
2.702216346e+03  2.1900529e-02  2.90137e-04  2.19005e-02
2.702177744e+03  2.1904025e-02  2.98337e-04  2.19040e-02
2.702139142e+03  2.1907347e-02  3.06793e-04  2.19073e-02
2.702100540e+03  2.1910658e-02  3.04850e-04  2.19107e-02
2.702061939e+03  2.1913806e-02  2.95438e-04  2.19138e-02
2.702023339e+03  2.1917268e-02  2.94566e-04  2.19173e-02
2.701984739e+03  2.1920579e-02  2.88239e-04  2.19206e-02
2.701946140e+03  2.1923873e-02  2.88356e-04  2.19239e-02
2.701907541e+03  2.1926934e-02  2.97865e-04  2.19269e-02
2.701868943e+03  2.1929277e-02  2.88885e-04  2.19293e-02
2.701830346e+03  2.1933767e-02  2.85289e-04  2.19338e-02
2.701791749e+03  2.1937100e-02  2.84903e-04  2.19371e-02
2.701753152e+03  2.1940403e-02  2.84926e-04  2.19404e-02
2.701714556e+03  2.1943705e-02  2.84522e-04  2.19437e-02
2.701675961e+03  2.1944871e-02  2.84970e-04  2.19449e-02
2.701637366e+03  2.1949975e-02  2.85307e-04  2.19500e-02
2.701598772e+03  2.1953617e-02  2.85176e-04  2.19536e-02
2.701560178e+03  2.1956923e-02  2.84369e-04  2.19569e-02
2.701521585e+03  2.1960214e-02  2.85088e-04  2.19602e-02
2.701482992e+03  2.1963418e-02  2.84371e-04  2.19634e-02
2.701444400e+03  2.1966820e-02  2.83635e-04  2.19668e-02
2.701405809e+03  2.1970009e-02  2.83582e-04  2.19700e-02
2.701367218e+03  2.1956219e-02  2.83649e-04  2.19562e-02
2.701328627e+03  2.1976519e-02  2.83927e-04  2.19765e-02
2.701290038e+03  2.1980041e-02  2.84133e-04  2.19800e-02
2.701251448e+03  2.1982265e-02  2.84043e-04  2.19823e-02
2.701212860e+03  2.1986698e-02  2.83626e-04  2.19867e-02
2.701174271e+03  2.1990021e-02  2.83526e-04  2.19900e-02
2.701135684e+03  2.1993336e-02  2.83533e-04  2.19933e-02
2.701097097e+03  2.1996637e-02  2.83566e-04  2.19966e-02
2.701058510e+03  2.1999963e-02  2.84030e-04  2.20000e-02
2.701019924e+03  2.2003277e-02  2.83748e-04  2.20033e-02
2.700981339e+03  2.2006591e-02  2.83721e-04  2.20066e-02
2.700942754e+03  2.2009902e-02  2.84030e-04  2.20099e-02
2.700904169e+03  2.2011067e-02  2.84604e-04  2.20111e-02
2.700865586e+03  2.2016519e-02  2.85059e-04  2.20165e-02
2.700827002e+03  2.2019826e-02  2.84053e-04  2.20198e-02
2.700788420e+03  2.2023148e-02  2.83712e-04  2.20231e-02
2.700749837e+03  2.2026456e-02  2.83683e-04  2.20265e-02
2.700711256e+03  2.2029757e-02  2.83706e-04  2.20298e-02
2.700672675e+03  2.2032963e-02  2.83876e-04  2.20330e-02
2.700634094e+03  2.2001256e-02  2.84229e-04  2.20013e-02
2.700595514e+03  2.2039305e-02  2.85193e-04  2.20393e-02
2.700556935e+03  2.2042985e-02  2.84160e-04  2.20430e-02
2.700518356e+03  2.2046302e-02  2.84090e-04  2.20463e-02
2.700479778e+03  2.2049637e-02  2.84047e-04  2.20496e-02
2.700441200e+03  2.2052953e-02  2.84269e-04  2.20530e-02
2.700402623e+03  2.2056271e-02  2.86286e-04  2.20563e-02
2.700364046e+03  2.2059588e-02  2.88341e-04  2.20596e-02
2.700325470e+03  2.2062906e-02  2.85128e-04  2.20629e-02
2.700286895e+03  2.2066226e-02  2.84896e-04  2.20662e-02
2.700248320e+03  2.2069547e-02  2.84143e-04  2.20695e-02
2.700209745e+03  2.2072868e-02  2.84283e-04  2.20729e-02
2.700171171e+03  2.2076185e-02  2.84624e-04  2.20762e-02
2.700132598e+03  2.2077554e-02  2.84025e-04  2.20776e-02
2.700094025e+03  2.2082836e-02  2.83982e-04  2.20828e-02
2.700055453e+03  2.2086161e-02  2.83903e-04  2.20862e-02
2.700016882e+03  2.2088559e-02  2.84008e-04  2.20886e-02