# ------------------------------------------------------------------------
# Radiance spectrum
# NASA-GSFC Planetary Spectrum Generator (PSG) (Villanueva et al. 2018, 2022)
# Synthesized on Fri Aug 15 21:13:21 2025
# Doppler velocities [km/s] (vobs,vrot+vorb,vwidth,vrfl,vstr): -17.63700,-0.00000,0.01000,-1.06846,0.00000
# ------------------------------------------------------------------------
# Spectra synthesized with the Planetary and Universal Model of Atmospheric Scattering (PUMAS, Villanueva et al. 2018, 2022)
# Single scattering radiative transfer method
# Radiative transfer took 0.188 seconds
# ------------------------------------------------------------------------
# Spectral unit: Frequency[cm-1]
# Radiance unit: Spectral radiance [W/sr/m2/um]
# Wave/freq Total Noise Mars
2.740000000e+03  3.5264848e-01  5.73800e-04  3.52648e-01
2.739960858e+03  3.5195897e-01  5.70461e-04  3.51959e-01
2.739921716e+03  3.5215306e-01  5.69772e-04  3.52153e-01
2.739882575e+03  3.5141712e-01  5.68903e-04  3.51417e-01
2.739843434e+03  3.5120324e-01  5.68751e-04  3.51203e-01
2.739804294e+03  3.5200202e-01  5.69387e-04  3.52002e-01
2.739765155e+03  3.4974984e-01  5.68206e-04  3.49750e-01
2.739726016e+03  3.5241470e-01  5.70370e-04  3.52415e-01
2.739686877e+03  3.5350773e-01  5.72045e-04  3.53508e-01
2.739647739e+03  3.5128619e-01  5.72548e-04  3.51286e-01
2.739608602e+03  3.5356937e-01  5.78291e-04  3.53569e-01
2.739569465e+03  3.5320376e-01  5.77642e-04  3.53204e-01
2.739530329e+03  3.5345620e-01  5.77137e-04  3.53456e-01
2.739491194e+03  3.5239192e-01  5.78697e-04  3.52392e-01
2.739452059e+03  2.9028024e-01  5.35870e-04  2.90280e-01
2.739412924e+03  3.5313424e-01  5.75776e-04  3.53134e-01
2.739373790e+03  3.5347656e-01  5.76078e-04  3.53477e-01
2.739334657e+03  3.5323821e-01  5.78744e-04  3.53238e-01
2.739295524e+03  3.5168338e-01  6.00849e-04  3.51683e-01
2.739256392e+03  3.5143896e-01  5.87879e-04  3.51439e-01
2.739217260e+03  3.5183373e-01  5.78266e-04  3.51834e-01
2.739178129e+03  3.5093078e-01  5.75999e-04  3.50931e-01
2.739138999e+03  3.5258545e-01  5.78311e-04  3.52585e-01
2.739099869e+03  3.4729940e-01  5.78782e-04  3.47299e-01
2.739060739e+03  3.2436703e-01  5.69240e-04  3.24367e-01
2.739021610e+03  3.5304140e-01  6.00837e-04  3.53041e-01
2.738982482e+03  3.5325123e-01  6.24809e-04  3.53251e-01
2.738943354e+03  3.5178724e-01  6.73040e-04  3.51787e-01
2.738904227e+03  3.5259774e-01  6.94157e-04  3.52598e-01
2.738865100e+03  3.5291666e-01  6.57876e-04  3.52917e-01
2.738825974e+03  3.5256857e-01  6.70788e-04  3.52569e-01
2.738786849e+03  2.9495635e-01  6.19254e-04  2.94956e-01
2.738747724e+03  3.4895842e-01  6.11294e-04  3.48958e-01
2.738708599e+03  3.5242898e-01  6.28713e-04  3.52429e-01
2.738669476e+03  3.5228615e-01  6.00735e-04  3.52286e-01
2.738630352e+03  3.5277375e-01  5.84145e-04  3.52774e-01
2.738591229e+03  3.5275507e-01  5.79093e-04  3.52755e-01
2.738552107e+03  3.5148268e-01  5.74350e-04  3.51483e-01
2.738512986e+03  3.5001574e-01  5.72275e-04  3.50016e-01
2.738473865e+03  3.5076408e-01  5.71891e-04  3.50764e-01
2.738434744e+03  3.5194648e-01  5.72205e-04  3.51946e-01
2.738395624e+03  3.5260851e-01  5.72593e-04  3.52609e-01
2.738356505e+03  3.5299046e-01  5.73223e-04  3.52990e-01
2.738317386e+03  3.5299971e-01  5.73830e-04  3.53000e-01
2.738278268e+03  3.5307269e-01  5.74923e-04  3.53073e-01
2.738239150e+03  3.5280713e-01  5.77446e-04  3.52807e-01
2.738200033e+03  3.4145994e-01  5.80101e-04  3.41460e-01
2.738160916e+03  3.5183431e-01  6.36317e-04  3.51834e-01
2.738121800e+03  3.5020718e-01  6.06968e-04  3.50207e-01
2.738082685e+03  2.9329143e-01  5.67401e-04  2.93291e-01
2.738043570e+03  3.5181937e-01  6.15889e-04  3.51819e-01
2.738004456e+03  3.5285212e-01  5.99395e-04  3.52852e-01
2.737965342e+03  3.5284137e-01  5.84954e-04  3.52841e-01
2.737926229e+03  3.5251621e-01  5.79403e-04  3.52516e-01
2.737887116e+03  3.5251868e-01  5.74744e-04  3.52519e-01
2.737848004e+03  3.5254946e-01  5.72723e-04  3.52549e-01
2.737808892e+03  3.5264009e-01  5.71754e-04  3.52640e-01
2.737769781e+03  3.5255885e-01  5.71224e-04  3.52559e-01
2.737730671e+03  3.5242778e-01  5.72057e-04  3.52428e-01
2.737691561e+03  3.5243704e-01  5.70639e-04  3.52437e-01
2.737652452e+03  3.5253407e-01  5.70378e-04  3.52534e-01
2.737613343e+03  3.5246638e-01  5.72825e-04  3.52466e-01
2.737574235e+03  3.5240885e-01  5.74981e-04  3.52409e-01
2.737535127e+03  3.5226880e-01  5.70057e-04  3.52269e-01
2.737496020e+03  3.5206970e-01  5.70696e-04  3.52070e-01
2.737456913e+03  3.5184093e-01  5.72860e-04  3.51841e-01
2.737417807e+03  3.3973575e-01  5.64222e-04  3.39736e-01
2.737378702e+03  3.0881218e-01  5.44465e-04  3.08812e-01
2.737339597e+03  3.5171506e-01  5.76415e-04  3.51715e-01
2.737300493e+03  3.5080687e-01  5.74116e-04  3.50807e-01
2.737261389e+03  3.3969253e-01  5.78784e-04  3.39693e-01
2.737222286e+03  3.5165129e-01  5.90023e-04  3.51651e-01
2.737183183e+03  3.5187739e-01  6.32203e-04  3.51877e-01
2.737144081e+03  3.5193689e-01  6.18104e-04  3.51937e-01
2.737104980e+03  3.5203896e-01  6.24702e-04  3.52039e-01
2.737065879e+03  3.5215080e-01  6.08331e-04  3.52151e-01
2.737026778e+03  3.5223446e-01  5.92828e-04  3.52234e-01
2.736987679e+03  3.5207274e-01  5.78432e-04  3.52073e-01
2.736948579e+03  3.5204216e-01  5.73756e-04  3.52042e-01
2.736909481e+03  3.5200503e-01  5.73776e-04  3.52005e-01
2.736870382e+03  3.5209142e-01  5.71234e-04  3.52091e-01
2.736831285e+03  3.5180574e-01  5.70280e-04  3.51806e-01
2.736792188e+03  3.5215701e-01  5.71705e-04  3.52157e-01
2.736753091e+03  3.5204492e-01  5.69977e-04  3.52045e-01
2.736713995e+03  3.0095526e-01  5.36579e-04  3.00955e-01
2.736674900e+03  3.5204675e-01  5.74559e-04  3.52047e-01
2.736635805e+03  3.5235524e-01  5.73878e-04  3.52355e-01
2.736596711e+03  3.5231785e-01  5.70032e-04  3.52318e-01
2.736557617e+03  3.5192776e-01  5.71514e-04  3.51928e-01
2.736518524e+03  3.5219949e-01  5.72762e-04  3.52199e-01
2.736479432e+03  3.5225716e-01  5.69371e-04  3.52257e-01
2.736440340e+03  3.5195555e-01  5.68865e-04  3.51956e-01
2.736401248e+03  3.5167666e-01  5.68873e-04  3.51677e-01
2.736362157e+03  3.5222137e-01  5.69885e-04  3.52221e-01
2.736323067e+03  3.5233619e-01  5.71317e-04  3.52336e-01
2.736283977e+03  3.4791680e-01  5.70531e-04  3.47917e-01
2.736244888e+03  3.5219255e-01  5.72620e-04  3.52193e-01
2.736205799e+03  3.5230445e-01  5.77133e-04  3.52304e-01
2.736166711e+03  3.5222135e-01  5.83415e-04  3.52221e-01
2.736127624e+03  3.5217600e-01  5.98882e-04  3.52176e-01
2.736088537e+03  3.5213415e-01  6.14867e-04  3.52134e-01
2.736049450e+03  3.3283479e-01  6.15012e-04  3.32835e-01
2.736010365e+03  3.2328412e-01  5.69701e-04  3.23284e-01
2.735971279e+03  3.5202072e-01  5.78117e-04  3.52021e-01
2.735932194e+03  3.5204469e-01  5.74641e-04  3.52045e-01
2.735893110e+03  3.5202843e-01  5.72666e-04  3.52028e-01
2.735854027e+03  3.5004719e-01  5.71345e-04  3.50047e-01
2.735814944e+03  3.5139315e-01  5.72019e-04  3.51393e-01
2.735775861e+03  3.5140323e-01  5.72892e-04  3.51403e-01
2.735736779e+03  3.5178233e-01  5.72688e-04  3.51782e-01
2.735697698e+03  3.5180761e-01  5.75877e-04  3.51808e-01
2.735658617e+03  3.5179355e-01  5.75631e-04  3.51794e-01
2.735619537e+03  3.5124813e-01  5.73576e-04  3.51248e-01
2.735580457e+03  3.5068526e-01  5.69846e-04  3.50685e-01
2.735541378e+03  3.5123843e-01  5.69592e-04  3.51238e-01
2.735502299e+03  3.5153491e-01  5.69621e-04  3.51535e-01
2.735463221e+03  3.5150422e-01  5.71333e-04  3.51504e-01
2.735424144e+03  3.5141626e-01  5.72561e-04  3.51416e-01
2.735385067e+03  3.5114876e-01  5.73754e-04  3.51149e-01
2.735345990e+03  3.0718924e-01  5.39807e-04  3.07189e-01
2.735306914e+03  3.5133726e-01  5.68405e-04  3.51337e-01
2.735267839e+03  3.5140647e-01  5.68057e-04  3.51406e-01
2.735228765e+03  3.5135663e-01  5.69474e-04  3.51357e-01
2.735189690e+03  3.5139332e-01  5.69514e-04  3.51393e-01
2.735150617e+03  3.5158092e-01  5.69064e-04  3.51581e-01
2.735111544e+03  3.5163510e-01  5.71444e-04  3.51635e-01
2.735072471e+03  3.5135303e-01  5.68726e-04  3.51353e-01
2.735033399e+03  3.5106139e-01  5.71764e-04  3.51061e-01
2.734994328e+03  3.5174262e-01  5.70270e-04  3.51743e-01
2.734955257e+03  3.5163247e-01  5.69942e-04  3.51632e-01
2.734916187e+03  3.5164096e-01  5.77589e-04  3.51641e-01
2.734877117e+03  3.5138031e-01  5.71474e-04  3.51380e-01
2.734838048e+03  3.5161937e-01  5.68369e-04  3.51619e-01
2.734798980e+03  3.5167979e-01  5.67771e-04  3.51680e-01
2.734759912e+03  3.5170172e-01  5.67662e-04  3.51702e-01
2.734720844e+03  3.5155735e-01  5.68057e-04  3.51557e-01
2.734681777e+03  3.1119139e-01  5.40876e-04  3.11191e-01
2.734642711e+03  3.5089928e-01  5.68100e-04  3.50899e-01
2.734603645e+03  3.5126045e-01  5.70364e-04  3.51260e-01
2.734564580e+03  3.5121138e-01  5.69405e-04  3.51211e-01
2.734525515e+03  3.5125458e-01  5.73929e-04  3.51255e-01
2.734486451e+03  3.5120542e-01  5.76202e-04  3.51205e-01
2.734447388e+03  3.5120015e-01  5.84252e-04  3.51200e-01
2.734408325e+03  3.5115097e-01  5.77650e-04  3.51151e-01
2.734369262e+03  3.5113303e-01  5.69623e-04  3.51133e-01
2.734330201e+03  3.5109518e-01  5.68529e-04  3.51095e-01
2.734291139e+03  3.5074236e-01  5.67546e-04  3.50742e-01
2.734252078e+03  3.5107248e-01  5.67336e-04  3.51072e-01
2.734213018e+03  3.5105479e-01  5.67039e-04  3.51055e-01
2.734173959e+03  3.5103320e-01  5.67078e-04  3.51033e-01
2.734134900e+03  3.5089524e-01  5.66924e-04  3.50895e-01
2.734095841e+03  3.5111410e-01  5.67475e-04  3.51114e-01
2.734056783e+03  3.5107958e-01  5.67196e-04  3.51080e-01
2.734017726e+03  3.4809228e-01  5.65573e-04  3.48092e-01
2.733978669e+03  3.1639263e-01  5.46199e-04  3.16393e-01
2.733939613e+03  3.4846289e-01  5.71734e-04  3.48463e-01
2.733900557e+03  3.4898604e-01  5.74127e-04  3.48986e-01
2.733861502e+03  3.4897894e-01  5.74993e-04  3.48979e-01
2.733822447e+03  3.4813723e-01  5.74800e-04  3.48137e-01
2.733783393e+03  3.4968627e-01  5.86071e-04  3.49686e-01
2.733744340e+03  3.4983110e-01  5.78152e-04  3.49831e-01
2.733705287e+03  3.4621360e-01  5.71516e-04  3.46214e-01
2.733666234e+03  3.4653107e-01  5.72449e-04  3.46531e-01
2.733627182e+03  3.4861357e-01  5.68940e-04  3.48614e-01
2.733588131e+03  3.4858915e-01  5.71025e-04  3.48589e-01
2.733549081e+03  3.4736226e-01  5.67940e-04  3.47362e-01
2.733510030e+03  3.4533239e-01  5.64219e-04  3.45332e-01
2.733470981e+03  3.3896552e-01  5.61665e-04  3.38966e-01
2.733431932e+03  3.1946529e-01  5.46485e-04  3.19465e-01
2.733392883e+03  3.0075357e-01  5.33413e-04  3.00754e-01
2.733353835e+03  3.1939468e-01  5.46743e-04  3.19395e-01
2.733314788e+03  3.0638483e-01  5.37510e-04  3.06385e-01
2.733275741e+03  3.4400190e-01  5.63248e-04  3.44002e-01
2.733236695e+03  3.4528040e-01  5.64342e-04  3.45280e-01
2.733197649e+03  3.4801628e-01  5.68665e-04  3.48016e-01
2.733158604e+03  3.4953466e-01  5.76643e-04  3.49535e-01
2.733119560e+03  3.4995284e-01  5.72364e-04  3.49953e-01
2.733080516e+03  3.4998510e-01  5.71353e-04  3.49985e-01
2.733041472e+03  3.5013508e-01  5.84282e-04  3.50135e-01
2.733002429e+03  3.5029450e-01  5.80662e-04  3.50295e-01
2.732963387e+03  3.5048526e-01  5.74254e-04  3.50485e-01
2.732924345e+03  3.5047847e-01  5.69439e-04  3.50478e-01
2.732885304e+03  3.5051389e-01  5.68170e-04  3.50514e-01
2.732846263e+03  3.5000061e-01  5.68041e-04  3.50001e-01
2.732807223e+03  3.4939575e-01  5.68394e-04  3.49396e-01
2.732768184e+03  3.4977341e-01  5.71360e-04  3.49773e-01
2.732729145e+03  3.5047146e-01  5.88270e-04  3.50471e-01
2.732690106e+03  3.5041035e-01  5.92196e-04  3.50410e-01
2.732651068e+03  3.2068957e-01  5.53572e-04  3.20690e-01
2.732612031e+03  3.4996217e-01  5.71503e-04  3.49962e-01
2.732572994e+03  3.5009886e-01  5.73089e-04  3.50099e-01
2.732533958e+03  3.5006921e-01  5.80324e-04  3.50069e-01
2.732494922e+03  3.4950067e-01  5.93996e-04  3.49501e-01
2.732455887e+03  3.4990339e-01  5.84886e-04  3.49903e-01
2.732416853e+03  3.5046901e-01  5.74977e-04  3.50469e-01
2.732377819e+03  3.5054525e-01  5.71199e-04  3.50545e-01
2.732338785e+03  3.4944039e-01  5.68187e-04  3.49440e-01
2.732299753e+03  3.4343066e-01  5.63277e-04  3.43431e-01
2.732260720e+03  3.4238055e-01  5.63591e-04  3.42381e-01
2.732221689e+03  3.4616942e-01  5.64482e-04  3.46169e-01
2.732182657e+03  3.4703800e-01  5.64576e-04  3.47038e-01
2.732143627e+03  3.4960539e-01  5.66205e-04  3.49605e-01
2.732104597e+03  3.5010433e-01  5.66460e-04  3.50104e-01
2.732065567e+03  3.5011926e-01  5.66596e-04  3.50119e-01
2.732026538e+03  3.4861604e-01  5.65364e-04  3.48616e-01
2.731987510e+03  3.2148076e-01  5.47688e-04  3.21481e-01
2.731948482e+03  3.4828298e-01  5.65371e-04  3.48283e-01
2.731909455e+03  3.4980288e-01  5.66407e-04  3.49803e-01
2.731870428e+03  3.4994904e-01  5.66766e-04  3.49949e-01
2.731831402e+03  3.5033664e-01  5.69591e-04  3.50337e-01
2.731792376e+03  3.5050932e-01  5.70415e-04  3.50509e-01
2.731753351e+03  3.5046806e-01  5.68766e-04  3.50468e-01
2.731714327e+03  3.5024767e-01  5.66960e-04  3.50248e-01
2.731675303e+03  3.4901612e-01  5.66150e-04  3.49016e-01
2.731636279e+03  3.4787686e-01  5.65373e-04  3.47877e-01
2.731597257e+03  3.4871949e-01  5.66116e-04  3.48719e-01
2.731558234e+03  3.5007203e-01  5.68045e-04  3.50072e-01
2.731519213e+03  3.5032259e-01  5.69035e-04  3.50323e-01
2.731480191e+03  3.5017378e-01  5.75929e-04  3.50174e-01
2.731441171e+03  3.5002311e-01  5.73746e-04  3.50023e-01
2.731402151e+03  3.4930311e-01  5.68558e-04  3.49303e-01
2.731363131e+03  3.4835726e-01  5.67195e-04  3.48357e-01
2.731324112e+03  3.2509840e-01  5.52162e-04  3.25098e-01
2.731285094e+03  3.4841095e-01  5.68827e-04  3.48411e-01
2.731246076e+03  3.4968756e-01  5.71172e-04  3.49688e-01
2.731207059e+03  3.4982574e-01  5.70655e-04  3.49826e-01
2.731168042e+03  3.4978072e-01  5.71919e-04  3.49781e-01
2.731129026e+03  3.4969777e-01  5.74240e-04  3.49698e-01
2.731090011e+03  3.2843118e-01  5.63914e-04  3.28431e-01
2.731050996e+03  3.4886540e-01  5.80757e-04  3.48865e-01
2.731011981e+03  3.5006090e-01  5.92084e-04  3.50061e-01
2.730972967e+03  3.5013855e-01  6.15775e-04  3.50139e-01
2.730933954e+03  3.5016840e-01  6.46611e-04  3.50168e-01
2.730894941e+03  3.5015861e-01  6.31113e-04  3.50159e-01
2.730855929e+03  3.5003218e-01  5.99698e-04  3.50032e-01
2.730816917e+03  3.4992217e-01  5.83988e-04  3.49922e-01
2.730777906e+03  3.4943049e-01  5.76453e-04  3.49430e-01
2.730738896e+03  3.4771210e-01  5.71722e-04  3.47712e-01
2.730699886e+03  3.4741384e-01  5.70022e-04  3.47414e-01
2.730660876e+03  3.2958872e-01  5.58440e-04  3.29589e-01
2.730621867e+03  3.4959831e-01  5.75492e-04  3.49598e-01
2.730582859e+03  3.4991272e-01  5.70242e-04  3.49913e-01
2.730543851e+03  3.4917390e-01  5.68122e-04  3.49174e-01
2.730504844e+03  3.4539487e-01  5.65957e-04  3.45395e-01
2.730465837e+03  3.4641345e-01  5.65955e-04  3.46413e-01
2.730426831e+03  3.4969443e-01  5.67648e-04  3.49694e-01
2.730387826e+03  3.4980327e-01  5.67761e-04  3.49803e-01
2.730348821e+03  3.4889658e-01  5.67842e-04  3.48897e-01
2.730309816e+03  3.4961280e-01  5.71300e-04  3.49613e-01
2.730270812e+03  3.4967899e-01  5.72974e-04  3.49679e-01
2.730231809e+03  3.4929004e-01  5.68387e-04  3.49290e-01
2.730192806e+03  3.4842214e-01  5.68563e-04  3.48422e-01
2.730153804e+03  3.4660894e-01  5.67209e-04  3.46609e-01
2.730114802e+03  3.4457027e-01  5.70363e-04  3.44570e-01
2.730075801e+03  3.4136395e-01  5.66184e-04  3.41364e-01
2.730036801e+03  3.4610213e-01  5.68227e-04  3.46102e-01
2.729997801e+03  3.3172733e-01  5.60281e-04  3.31727e-01
2.729958801e+03  3.4905137e-01  5.76561e-04  3.49051e-01
2.729919803e+03  3.4939412e-01  5.85952e-04  3.49394e-01
2.729880804e+03  3.4898609e-01  5.88332e-04  3.48986e-01
2.729841807e+03  3.4229029e-01  5.75628e-04  3.42290e-01
2.729802809e+03  3.4955156e-01  5.76860e-04  3.49552e-01
2.729763813e+03  3.4943143e-01  5.79272e-04  3.49431e-01
2.729724817e+03  3.4961088e-01  5.87810e-04  3.49611e-01
2.729685821e+03  3.4960703e-01  6.06820e-04  3.49607e-01
2.729646826e+03  3.4978893e-01  6.09748e-04  3.49789e-01
2.729607832e+03  3.4901406e-01  6.37813e-04  3.49014e-01
2.729568838e+03  3.4949252e-01  6.67455e-04  3.49493e-01
2.729529845e+03  3.4951081e-01  5.97855e-04  3.49511e-01
2.729490852e+03  3.4939564e-01  5.77447e-04  3.49396e-01
2.729451860e+03  3.4924942e-01  5.73085e-04  3.49249e-01
2.729412868e+03  3.4923303e-01  5.74687e-04  3.49233e-01
2.729373877e+03  3.4924117e-01  5.88303e-04  3.49241e-01
2.729334887e+03  3.3468087e-01  5.95227e-04  3.34681e-01
2.729295897e+03  3.4891222e-01  5.74147e-04  3.48912e-01
2.729256907e+03  3.4892829e-01  5.69365e-04  3.48928e-01
2.729217919e+03  3.4891118e-01  5.67929e-04  3.48911e-01
2.729178930e+03  3.4842228e-01  5.67593e-04  3.48422e-01
2.729139943e+03  3.4851777e-01  5.66818e-04  3.48518e-01
2.729100955e+03  3.4828520e-01  5.66422e-04  3.48285e-01
2.729061969e+03  3.4777643e-01  5.66455e-04  3.47776e-01
2.729022983e+03  3.4678161e-01  5.67241e-04  3.46782e-01
2.728983997e+03  3.4613619e-01  5.67132e-04  3.46136e-01
2.728945012e+03  3.4574302e-01  5.65508e-04  3.45743e-01
2.728906028e+03  3.4562173e-01  5.64456e-04  3.45622e-01
2.728867044e+03  3.4584209e-01  5.64267e-04  3.45842e-01
2.728828061e+03  3.4611847e-01  5.64114e-04  3.46118e-01
2.728789078e+03  3.4763926e-01  5.65260e-04  3.47639e-01
2.728750096e+03  3.4797874e-01  5.66155e-04  3.47979e-01
2.728711114e+03  3.4825134e-01  5.67614e-04  3.48251e-01
2.728672133e+03  3.3626141e-01  5.64489e-04  3.36261e-01
2.728633153e+03  3.4859831e-01  5.73508e-04  3.48598e-01
2.728594173e+03  3.4877135e-01  5.70141e-04  3.48771e-01
2.728555194e+03  3.4887309e-01  5.67176e-04  3.48873e-01
2.728516215e+03  3.4889133e-01  5.67141e-04  3.48891e-01
2.728477237e+03  3.4896141e-01  5.67844e-04  3.48961e-01
2.728438259e+03  3.4905460e-01  5.68736e-04  3.49055e-01
2.728399282e+03  3.4903560e-01  5.80019e-04  3.49036e-01
2.728360305e+03  3.4899658e-01  5.85787e-04  3.48997e-01
2.728321329e+03  3.4902515e-01  5.69855e-04  3.49025e-01
2.728282354e+03  3.4902702e-01  5.67373e-04  3.49027e-01
2.728243379e+03  3.4874070e-01  5.67076e-04  3.48741e-01
2.728204404e+03  3.4672673e-01  5.65986e-04  3.46727e-01
2.728165431e+03  3.4903442e-01  5.67567e-04  3.49034e-01
2.728126457e+03  3.4911021e-01  5.68965e-04  3.49110e-01
2.728087485e+03  3.4819519e-01  5.71311e-04  3.48195e-01
2.728048513e+03  3.4900687e-01  5.74050e-04  3.49007e-01
2.728009541e+03  3.3853286e-01  5.64538e-04  3.38533e-01
2.727970570e+03  3.4876086e-01  5.68874e-04  3.48761e-01
2.727931600e+03  3.4874079e-01  5.68088e-04  3.48741e-01
2.727892630e+03  3.4855467e-01  5.68522e-04  3.48555e-01
2.727853660e+03  3.4733345e-01  5.68483e-04  3.47333e-01
2.727814692e+03  3.4664164e-01  5.66468e-04  3.46642e-01
2.727775723e+03  3.4734015e-01  5.66130e-04  3.47340e-01
2.727736756e+03  3.4803465e-01  5.66279e-04  3.48035e-01
2.727697789e+03  3.4839457e-01  5.66791e-04  3.48395e-01
2.727658822e+03  3.4893317e-01  5.68241e-04  3.48933e-01
2.727619856e+03  3.4893218e-01  5.67611e-04  3.48932e-01
2.727580891e+03  3.4891090e-01  5.67918e-04  3.48911e-01
2.727541926e+03  3.4865402e-01  5.69210e-04  3.48654e-01
2.727502961e+03  3.4752385e-01  5.68502e-04  3.47524e-01
2.727463998e+03  3.4769109e-01  5.68334e-04  3.47691e-01
2.727425034e+03  3.4850840e-01  5.68219e-04  3.48508e-01
2.727386072e+03  3.4804600e-01  5.68093e-04  3.48046e-01
2.727347110e+03  3.3889471e-01  5.62749e-04  3.38895e-01
2.727308148e+03  3.4781392e-01  5.70886e-04  3.47814e-01
2.727269187e+03  3.4712440e-01  5.83195e-04  3.47124e-01
2.727230227e+03  3.4685664e-01  5.77908e-04  3.46857e-01
2.727191267e+03  3.4755774e-01  5.72551e-04  3.47558e-01
2.727152307e+03  3.4776521e-01  5.73083e-04  3.47765e-01
2.727113349e+03  3.4668324e-01  5.74757e-04  3.46683e-01
2.727074391e+03  3.4645980e-01  5.77753e-04  3.46460e-01
2.727035433e+03  3.4767068e-01  5.83033e-04  3.47671e-01
2.726996476e+03  3.4774562e-01  5.95041e-04  3.47746e-01
2.726957519e+03  3.4744498e-01  6.37321e-04  3.47445e-01
2.726918563e+03  3.4680916e-01  9.11565e-04  3.46809e-01
2.726879608e+03  3.4639913e-01  7.31275e-04  3.46399e-01
2.726840653e+03  3.4699166e-01  6.45271e-04  3.46992e-01
2.726801699e+03  3.4621499e-01  7.07752e-04  3.46215e-01
2.726762745e+03  3.4576691e-01  6.68603e-04  3.45767e-01
2.726723792e+03  3.4010807e-01  7.40816e-04  3.40108e-01
2.726684839e+03  3.4639588e-01  1.28262e-03  3.46396e-01
2.726645887e+03  3.4019945e-01  2.02441e-03  3.40199e-01
2.726606935e+03  3.3300241e-01  1.85166e-03  3.33002e-01
2.726567984e+03  3.4026643e-01  1.04083e-03  3.40266e-01
2.726529034e+03  3.4422266e-01  1.01028e-03  3.44223e-01
2.726490084e+03  3.4678069e-01  7.51393e-04  3.46781e-01
2.726451135e+03  3.4679883e-01  6.61981e-04  3.46799e-01
2.726412186e+03  3.4559207e-01  6.15512e-04  3.45592e-01
2.726373238e+03  3.4699899e-01  6.02731e-04  3.46999e-01
2.726334290e+03  3.1504040e-01  5.80165e-04  3.15040e-01
2.726295343e+03  3.3944431e-01  6.22844e-04  3.39444e-01
2.726256397e+03  3.4813800e-01  6.35067e-04  3.48138e-01
2.726217451e+03  3.4816518e-01  6.59583e-04  3.48165e-01
2.726178505e+03  3.4824508e-01  7.25025e-04  3.48245e-01
2.726139561e+03  3.4809076e-01  7.42614e-04  3.48091e-01
2.726100616e+03  3.4780675e-01  6.64943e-04  3.47807e-01
2.726061673e+03  3.4195332e-01  6.12199e-04  3.41953e-01
2.726022729e+03  3.4730430e-01  5.95818e-04  3.47304e-01
2.725983787e+03  3.4582603e-01  5.85827e-04  3.45826e-01
2.725944845e+03  3.4534214e-01  5.81811e-04  3.45342e-01
2.725905903e+03  3.4703800e-01  5.83000e-04  3.47038e-01
2.725866962e+03  3.4614732e-01  5.92285e-04  3.46147e-01
2.725828022e+03  3.3074039e-01  6.44578e-04  3.30740e-01
2.725789082e+03  3.4747330e-01  6.06647e-04  3.47473e-01
2.725750143e+03  3.4817905e-01  5.99940e-04  3.48179e-01
2.725711204e+03  3.4822112e-01  6.23455e-04  3.48221e-01
2.725672266e+03  3.4817989e-01  6.41998e-04  3.48180e-01
2.725633328e+03  3.4814021e-01  6.10911e-04  3.48140e-01
2.725594391e+03  3.4799867e-01  5.88081e-04  3.47999e-01
2.725555455e+03  3.4787984e-01  5.79115e-04  3.47880e-01
2.725516519e+03  3.4779674e-01  5.78447e-04  3.47797e-01
2.725477583e+03  3.4745493e-01  5.77957e-04  3.47455e-01
2.725438648e+03  3.4242836e-01  5.85583e-04  3.42428e-01
2.725399714e+03  3.4624576e-01  5.83741e-04  3.46246e-01
2.725360780e+03  3.4770376e-01  5.73492e-04  3.47704e-01
2.725321847e+03  3.4784751e-01  5.72766e-04  3.47848e-01
2.725282915e+03  3.4779228e-01  5.72283e-04  3.47792e-01
2.725243983e+03  3.4765875e-01  5.68502e-04  3.47659e-01
2.725205051e+03  3.4752164e-01  5.67549e-04  3.47522e-01
2.725166120e+03  3.4717587e-01  5.66619e-04  3.47176e-01
2.725127190e+03  3.4686982e-01  5.66561e-04  3.46870e-01
2.725088260e+03  3.4504574e-01  5.67219e-04  3.45046e-01
2.725049331e+03  3.4667634e-01  5.72061e-04  3.46676e-01
2.725010402e+03  3.4667133e-01  5.67109e-04  3.46671e-01
2.724971474e+03  3.4575313e-01  5.65811e-04  3.45753e-01
2.724932546e+03  3.4617133e-01  5.66443e-04  3.46171e-01
2.724893619e+03  3.4702874e-01  5.68062e-04  3.47029e-01
2.724854693e+03  3.4714309e-01  5.71631e-04  3.47143e-01
2.724815767e+03  3.4727644e-01  5.87137e-04  3.47276e-01
2.724776841e+03  3.4373859e-01  5.76020e-04  3.43739e-01
2.724737916e+03  3.4753711e-01  5.71503e-04  3.47537e-01
2.724698992e+03  3.4759186e-01  5.69127e-04  3.47592e-01
2.724660068e+03  3.4753665e-01  5.68018e-04  3.47537e-01
2.724621145e+03  3.4725221e-01  5.67672e-04  3.47252e-01
2.724582223e+03  3.4749191e-01  5.68162e-04  3.47492e-01
2.724543301e+03  3.4712814e-01  5.68601e-04  3.47128e-01
2.724504379e+03  3.4708724e-01  5.71071e-04  3.47087e-01
2.724465458e+03  3.4715110e-01  5.78943e-04  3.47151e-01
2.724426538e+03  3.4705964e-01  6.21996e-04  3.47060e-01
2.724387618e+03  3.4668424e-01  5.93593e-04  3.46684e-01
2.724348699e+03  3.4349098e-01  5.75090e-04  3.43491e-01
2.724309780e+03  3.4656138e-01  5.71451e-04  3.46561e-01
2.724270862e+03  3.4624606e-01  5.71538e-04  3.46246e-01
2.724231944e+03  3.4572135e-01  5.74867e-04  3.45721e-01
2.724193027e+03  3.4506402e-01  5.78758e-04  3.45064e-01
2.724154111e+03  3.4080666e-01  5.70339e-04  3.40807e-01
2.724115195e+03  3.4129853e-01  5.68244e-04  3.41299e-01
2.724076279e+03  3.3616343e-01  5.64934e-04  3.36163e-01
2.724037365e+03  3.2522451e-01  5.58930e-04  3.25225e-01
2.723998450e+03  3.1526596e-01  5.54230e-04  3.15266e-01
2.723959537e+03  3.1845272e-01  5.60816e-04  3.18453e-01
2.723920623e+03  3.1171482e-01  5.61384e-04  3.11715e-01
2.723881711e+03  3.3943473e-01  5.93079e-04  3.39435e-01
2.723842799e+03  3.3464049e-01  6.18785e-04  3.34640e-01
2.723803887e+03  3.4226806e-01  6.85201e-04  3.42268e-01
2.723764976e+03  3.4461455e-01  7.07830e-04  3.44615e-01
2.723726066e+03  3.4544881e-01  6.59537e-04  3.45449e-01
2.723687156e+03  3.4583163e-01  6.34435e-04  3.45832e-01
2.723648247e+03  3.4600531e-01  6.15030e-04  3.46005e-01
2.723609338e+03  3.4387703e-01  5.96577e-04  3.43877e-01
2.723570430e+03  3.4471357e-01  5.90787e-04  3.44714e-01
2.723531522e+03  3.4322466e-01  5.90039e-04  3.43225e-01
2.723492615e+03  2.9270059e-01  5.61890e-04  2.92701e-01
2.723453709e+03  3.4482979e-01  6.12482e-04  3.44830e-01
2.723414803e+03  3.4487150e-01  6.48032e-04  3.44871e-01
2.723375898e+03  3.4481359e-01  7.32554e-04  3.44814e-01
2.723336993e+03  3.4496846e-01  8.43297e-04  3.44968e-01
2.723298089e+03  3.4513767e-01  7.64415e-04  3.45138e-01
2.723259185e+03  3.4520089e-01  6.62434e-04  3.45201e-01
2.723220282e+03  3.4520452e-01  6.17121e-04  3.45205e-01
2.723181379e+03  3.4528761e-01  5.97167e-04  3.45288e-01
2.723142477e+03  3.4550982e-01  5.87330e-04  3.45510e-01
2.723103576e+03  3.4595910e-01  5.82520e-04  3.45959e-01
2.723064675e+03  3.4582165e-01  5.80114e-04  3.45822e-01
2.723025774e+03  3.4659146e-01  5.81170e-04  3.46591e-01
2.722986875e+03  3.4664944e-01  5.80307e-04  3.46649e-01
2.722947975e+03  3.4635356e-01  5.81567e-04  3.46354e-01
2.722909077e+03  3.4633863e-01  5.85580e-04  3.46339e-01
2.722870178e+03  3.4452299e-01  5.87161e-04  3.44523e-01
2.722831281e+03  2.9566706e-01  5.58026e-04  2.95667e-01
2.722792384e+03  3.4558194e-01  6.04462e-04  3.45582e-01
2.722753487e+03  3.4684977e-01  6.33621e-04  3.46850e-01
2.722714591e+03  3.4688059e-01  7.01235e-04  3.46881e-01
2.722675696e+03  3.4684994e-01  8.31843e-04  3.46850e-01
2.722636801e+03  3.4691255e-01  8.14642e-04  3.46913e-01
2.722597907e+03  3.4696285e-01  6.88947e-04  3.46963e-01
2.722559013e+03  3.4695309e-01  6.30892e-04  3.46953e-01
2.722520120e+03  3.4670969e-01  6.02945e-04  3.46710e-01
2.722481228e+03  3.4671096e-01  5.90908e-04  3.46711e-01
2.722442336e+03  3.4669338e-01  5.87428e-04  3.46693e-01
2.722403444e+03  3.4668591e-01  5.81715e-04  3.46686e-01
2.722364553e+03  3.4658284e-01  5.79298e-04  3.46583e-01
2.722325663e+03  3.4623549e-01  5.78088e-04  3.46235e-01
2.722286773e+03  3.4585166e-01  5.77738e-04  3.45852e-01
2.722247884e+03  3.4432555e-01  5.78429e-04  3.44326e-01
2.722208995e+03  3.4607596e-01  5.84177e-04  3.46076e-01
2.722170107e+03  3.4642123e-01  5.83856e-04  3.46421e-01
2.722131219e+03  3.4644974e-01  5.89154e-04  3.46450e-01
2.722092332e+03  3.0731817e-01  5.70701e-04  3.07318e-01
2.722053446e+03  3.2188033e-01  5.95685e-04  3.21880e-01
2.722014560e+03  3.3417182e-01  6.39145e-04  3.34172e-01
2.721975674e+03  3.4667943e-01  7.40731e-04  3.46679e-01
2.721936790e+03  3.4668648e-01  9.55046e-04  3.46686e-01
2.721897905e+03  3.4669774e-01  1.03139e-03  3.46698e-01
2.721859022e+03  3.4215258e-01  9.15937e-04  3.42153e-01
2.721820139e+03  3.4635955e-01  7.28361e-04  3.46360e-01
2.721781256e+03  3.4656042e-01  6.49538e-04  3.46560e-01
2.721742374e+03  3.4663821e-01  6.22358e-04  3.46638e-01
2.721703492e+03  3.4662015e-01  6.14651e-04  3.46620e-01
2.721664612e+03  3.4667127e-01  6.00095e-04  3.46671e-01
2.721625731e+03  3.4555428e-01  5.86840e-04  3.45554e-01
2.721586851e+03  3.4672529e-01  5.81905e-04  3.46725e-01
2.721547972e+03  3.4666620e-01  5.78387e-04  3.46666e-01
2.721509093e+03  3.4654027e-01  5.81783e-04  3.46540e-01
2.721470215e+03  3.4653167e-01  5.78338e-04  3.46532e-01
2.721431338e+03  3.4628424e-01  5.74112e-04  3.46284e-01
2.721392461e+03  3.4623279e-01  5.74982e-04  3.46233e-01
2.721353584e+03  3.4337727e-01  5.72356e-04  3.43377e-01
2.721314708e+03  3.4640380e-01  5.74882e-04  3.46404e-01
2.721275833e+03  3.4652257e-01  5.80836e-04  3.46523e-01
2.721236958e+03  3.4650741e-01  5.92248e-04  3.46507e-01
2.721198084e+03  3.4654716e-01  5.80454e-04  3.46547e-01
2.721159210e+03  3.4652647e-01  5.81105e-04  3.46526e-01
2.721120337e+03  3.4632242e-01  5.83616e-04  3.46322e-01
2.721081464e+03  3.2596142e-01  5.74642e-04  3.25961e-01
2.721042592e+03  3.4560359e-01  5.97387e-04  3.45604e-01
2.721003721e+03  3.0607190e-01  5.89758e-04  3.06072e-01
2.720964850e+03  3.4408911e-01  6.61159e-04  3.44089e-01
2.720925979e+03  3.4562417e-01  7.37278e-04  3.45624e-01
2.720887110e+03  3.4611083e-01  7.61393e-04  3.46111e-01
2.720848240e+03  3.4631109e-01  7.83167e-04  3.46311e-01
2.720809372e+03  3.4629514e-01  7.85005e-04  3.46295e-01
2.720770504e+03  3.4622242e-01  7.15619e-04  3.46222e-01
2.720731636e+03  3.3781881e-01  6.36986e-04  3.37819e-01
2.720692769e+03  3.3399584e-01  6.16013e-04  3.33996e-01
2.720653902e+03  3.1788792e-01  6.07041e-04  3.17888e-01
2.720615037e+03  3.4261578e-01  6.50204e-04  3.42616e-01
2.720576171e+03  3.4604803e-01  7.21987e-04  3.46048e-01
2.720537306e+03  3.4612002e-01  7.81677e-04  3.46120e-01
2.720498442e+03  3.4489034e-01  7.80344e-04  3.44890e-01
2.720459578e+03  3.4575420e-01  7.18356e-04  3.45754e-01
2.720420715e+03  3.4605910e-01  6.50422e-04  3.46059e-01
2.720381853e+03  3.4529172e-01  6.20361e-04  3.45292e-01
2.720342991e+03  3.4590041e-01  6.14744e-04  3.45900e-01
2.720304129e+03  3.1698821e-01  5.92064e-04  3.16988e-01
2.720265268e+03  3.4264209e-01  6.06951e-04  3.42642e-01
2.720226408e+03  3.4518268e-01  6.22606e-04  3.45183e-01
2.720187548e+03  3.4524908e-01  6.76762e-04  3.45249e-01
2.720148689e+03  3.3534819e-01  8.36683e-04  3.35348e-01
2.720109830e+03  3.4534636e-01  8.96949e-04  3.45346e-01
2.720070972e+03  3.4520939e-01  7.08455e-04  3.45209e-01
2.720032114e+03  3.4417300e-01  6.51387e-04  3.44173e-01
2.719993257e+03  3.4519229e-01  6.60048e-04  3.45192e-01
2.719954401e+03  3.4495163e-01  6.41426e-04  3.44952e-01
2.719915545e+03  3.4435168e-01  6.07853e-04  3.44352e-01
2.719876689e+03  3.4057560e-01  5.89723e-04  3.40576e-01
2.719837835e+03  3.4299539e-01  5.81012e-04  3.42995e-01
2.719798980e+03  3.3778297e-01  5.72111e-04  3.37783e-01
2.719760127e+03  3.3836770e-01  5.70260e-04  3.38368e-01
2.719721273e+03  3.3460873e-01  5.68904e-04  3.34609e-01
2.719682421e+03  3.2197183e-01  5.64076e-04  3.21972e-01
2.719643569e+03  3.0481524e-01  5.63648e-04  3.04815e-01
2.719604717e+03  3.1066379e-01  5.66665e-04  3.10664e-01
2.719565866e+03  3.2638911e-01  5.65275e-04  3.26389e-01
2.719527016e+03  3.3336673e-01  5.64125e-04  3.33367e-01
2.719488166e+03  3.3433198e-01  5.64017e-04  3.34332e-01
2.719449317e+03  3.3807375e-01  5.66298e-04  3.38074e-01
2.719410468e+03  3.4170428e-01  5.65060e-04  3.41704e-01
2.719371620e+03  3.4308526e-01  5.64962e-04  3.43085e-01
2.719332772e+03  3.4371525e-01  5.65019e-04  3.43715e-01
2.719293925e+03  3.4380951e-01  5.64931e-04  3.43810e-01
2.719255079e+03  3.4325379e-01  5.64740e-04  3.43254e-01
2.719216233e+03  3.4446639e-01  5.66387e-04  3.44466e-01
2.719177387e+03  3.4425024e-01  5.67382e-04  3.44250e-01
2.719138543e+03  3.4236157e-01  5.69519e-04  3.42362e-01
2.719099698e+03  3.4243583e-01  5.71769e-04  3.42436e-01
2.719060855e+03  3.4447642e-01  5.70165e-04  3.44476e-01
2.719022011e+03  3.4443977e-01  5.68052e-04  3.44440e-01
2.718983169e+03  3.4415427e-01  5.67398e-04  3.44154e-01
2.718944327e+03  3.4219557e-01  5.66472e-04  3.42196e-01
2.718905485e+03  3.4303788e-01  5.68428e-04  3.43038e-01
2.718866644e+03  3.4319792e-01  5.71450e-04  3.43198e-01
2.718827804e+03  3.3442536e-01  5.71676e-04  3.34425e-01
2.718788964e+03  3.3573990e-01  5.83187e-04  3.35740e-01
2.718750125e+03  3.4345825e-01  6.01794e-04  3.43458e-01
2.718711286e+03  3.3332332e-01  6.26759e-04  3.33323e-01
2.718672448e+03  3.4249753e-01  7.11245e-04  3.42498e-01
2.718633610e+03  3.4199073e-01  7.05443e-04  3.41991e-01
2.718594773e+03  3.4080081e-01  6.48797e-04  3.40801e-01
2.718555937e+03  3.3993620e-01  6.48037e-04  3.39936e-01
2.718517101e+03  3.3763488e-01  6.23262e-04  3.37635e-01
2.718478265e+03  3.3456355e-01  5.91513e-04  3.34564e-01
2.718439430e+03  3.2823337e-01  5.72180e-04  3.28233e-01
2.718400596e+03  3.1486848e-01  5.55809e-04  3.14868e-01
2.718361762e+03  2.9072501e-01  5.34416e-04  2.90725e-01
2.718322929e+03  2.8226942e-01  5.26225e-04  2.82269e-01
2.718284097e+03  2.9681007e-01  5.35027e-04  2.96810e-01
2.718245264e+03  3.1526712e-01  5.47441e-04  3.15267e-01
2.718206433e+03  3.2561761e-01  5.56184e-04  3.25618e-01
2.718167602e+03  3.3133408e-01  5.59422e-04  3.31334e-01
2.718128772e+03  3.3523014e-01  5.66315e-04  3.35230e-01
2.718089942e+03  3.3750219e-01  5.67090e-04  3.37502e-01
2.718051112e+03  3.3888020e-01  5.79334e-04  3.38880e-01
2.718012284e+03  3.4000777e-01  5.71503e-04  3.40008e-01
2.717973455e+03  3.4080069e-01  5.68127e-04  3.40801e-01
2.717934628e+03  3.4156378e-01  5.68966e-04  3.41564e-01
2.717895801e+03  3.3172442e-01  5.61904e-04  3.31724e-01
2.717856974e+03  3.4280230e-01  5.72725e-04  3.42802e-01
2.717818148e+03  3.4310750e-01  5.83507e-04  3.43108e-01
2.717779323e+03  3.4330120e-01  6.22330e-04  3.43301e-01
2.717740498e+03  3.4286713e-01  7.16747e-04  3.42867e-01
2.717701674e+03  3.4152970e-01  6.29808e-04  3.41530e-01
2.717662850e+03  3.4231638e-01  5.84872e-04  3.42316e-01
2.717624027e+03  3.3736739e-01  5.69633e-04  3.37367e-01
2.717585204e+03  3.4231949e-01  5.69706e-04  3.42319e-01
2.717546382e+03  3.4192985e-01  5.67496e-04  3.41930e-01
2.717507560e+03  3.4363727e-01  5.69553e-04  3.43637e-01
2.717468739e+03  3.4419392e-01  5.74357e-04  3.44194e-01
2.717429919e+03  3.4422386e-01  5.81472e-04  3.44224e-01
2.717391099e+03  3.4404448e-01  5.72931e-04  3.44044e-01
2.717352280e+03  3.4348853e-01  5.73670e-04  3.43489e-01
2.717313461e+03  3.4347317e-01  6.04827e-04  3.43473e-01
2.717274643e+03  3.4339308e-01  6.00715e-04  3.43393e-01
2.717235825e+03  3.4404582e-01  5.97237e-04  3.44046e-01
2.717197008e+03  3.4410829e-01  6.18257e-04  3.44108e-01
2.717158192e+03  3.4333906e-01  5.79393e-04  3.43339e-01
2.717119376e+03  3.4206817e-01  5.71869e-04  3.42068e-01
2.717080560e+03  3.3944747e-01  5.66782e-04  3.39447e-01
2.717041745e+03  3.4359578e-01  5.69737e-04  3.43596e-01
2.717002931e+03  3.4195483e-01  5.70964e-04  3.41955e-01
2.716964117e+03  3.3872659e-01  5.76760e-04  3.38727e-01
2.716925304e+03  3.4399897e-01  5.98111e-04  3.43999e-01
2.716886491e+03  3.3908420e-01  5.98373e-04  3.39084e-01
2.716847679e+03  3.4286930e-01  5.96537e-04  3.42869e-01
2.716808868e+03  3.4213136e-01  6.06027e-04  3.42131e-01
2.716770057e+03  3.4351006e-01  5.90855e-04  3.43510e-01
2.716731246e+03  3.4389428e-01  5.75384e-04  3.43894e-01
2.716692436e+03  3.4393992e-01  5.69945e-04  3.43940e-01
2.716653627e+03  3.4413986e-01  5.67293e-04  3.44140e-01
2.716614818e+03  3.4416000e-01  5.66215e-04  3.44160e-01
2.716576010e+03  3.4397694e-01  5.65801e-04  3.43977e-01
2.716537202e+03  3.4397526e-01  5.66257e-04  3.43975e-01
2.716498395e+03  3.4392537e-01  5.67025e-04  3.43925e-01
2.716459589e+03  3.4368423e-01  5.67882e-04  3.43684e-01
2.716420783e+03  3.2910491e-01  5.60541e-04  3.29105e-01
2.716381977e+03  3.4352223e-01  5.75694e-04  3.43522e-01
2.716343172e+03  3.4345587e-01  5.84920e-04  3.43456e-01
2.716304368e+03  3.4337308e-01  6.09571e-04  3.43373e-01
2.716265564e+03  3.4321847e-01  6.38226e-04  3.43218e-01
2.716226761e+03  3.4297478e-01  6.13521e-04  3.42975e-01
2.716187958e+03  3.4271689e-01  5.87426e-04  3.42717e-01
2.716149156e+03  3.3592868e-01  5.72816e-04  3.35929e-01
2.716110354e+03  3.3477161e-01  5.69176e-04  3.34772e-01
2.716071553e+03  3.4135853e-01  5.74208e-04  3.41359e-01
2.716032753e+03  3.4065703e-01  5.80634e-04  3.40657e-01
2.715993953e+03  3.4012446e-01  6.05341e-04  3.40124e-01
2.715955154e+03  3.3882841e-01  6.49933e-04  3.38828e-01
2.715916355e+03  3.3712375e-01  6.09393e-04  3.37124e-01
2.715877557e+03  3.3475997e-01  5.77334e-04  3.34760e-01
2.715838759e+03  3.3178616e-01  5.67316e-04  3.31786e-01
2.715799962e+03  3.2708665e-01  5.59866e-04  3.27087e-01
2.715761165e+03  3.1896328e-01  5.51317e-04  3.18963e-01
2.715722369e+03  3.0305920e-01  5.38759e-04  3.03059e-01
2.715683574e+03  2.8144998e-01  5.23326e-04  2.81450e-01
2.715644779e+03  2.7590699e-01  5.19959e-04  2.75907e-01
2.715605984e+03  2.9414530e-01  5.33498e-04  2.94145e-01
2.715567191e+03  3.0719896e-01  5.45182e-04  3.07199e-01
2.715528397e+03  3.2105956e-01  5.54226e-04  3.21060e-01
2.715489605e+03  3.2727454e-01  5.61465e-04  3.27275e-01
2.715450812e+03  3.3173362e-01  5.72756e-04  3.31734e-01
2.715412021e+03  3.2989730e-01  5.85970e-04  3.29897e-01
2.715373230e+03  3.3640262e-01  5.85481e-04  3.36403e-01
2.715334439e+03  3.3823619e-01  5.74337e-04  3.38236e-01
2.715295649e+03  3.3905691e-01  5.67207e-04  3.39057e-01
2.715256860e+03  3.3961807e-01  5.65900e-04  3.39618e-01
2.715218071e+03  3.3903505e-01  5.66557e-04  3.39035e-01
2.715179283e+03  3.4115216e-01  5.69107e-04  3.41152e-01
2.715140495e+03  3.3017931e-01  5.65479e-04  3.30179e-01
2.715101708e+03  3.3269805e-01  5.78584e-04  3.32698e-01
2.715062921e+03  3.4196722e-01  6.00297e-04  3.41967e-01
2.715024135e+03  3.4096495e-01  6.06265e-04  3.40965e-01
2.714985350e+03  3.4163037e-01  6.33565e-04  3.41630e-01
2.714946565e+03  3.4258915e-01  6.45261e-04  3.42589e-01
2.714907780e+03  3.4238363e-01  6.15377e-04  3.42384e-01
2.714868997e+03  3.4213112e-01  6.16360e-04  3.42131e-01
2.714830213e+03  3.4184993e-01  6.30631e-04  3.41850e-01
2.714791431e+03  3.4011599e-01  6.03640e-04  3.40116e-01
2.714752648e+03  3.3606938e-01  6.63177e-04  3.36069e-01
2.714713867e+03  3.3650081e-01  5.91866e-04  3.36501e-01
2.714675086e+03  3.3441146e-01  5.68134e-04  3.34411e-01
2.714636305e+03  3.4257267e-01  5.68973e-04  3.42573e-01
2.714597525e+03  3.4286728e-01  5.69790e-04  3.42867e-01
2.714558746e+03  3.4334255e-01  5.75986e-04  3.43343e-01
2.714519967e+03  3.4346862e-01  5.82534e-04  3.43469e-01
2.714481189e+03  3.4356317e-01  5.73425e-04  3.43563e-01
2.714442411e+03  3.4349098e-01  5.76593e-04  3.43491e-01
2.714403634e+03  3.4285288e-01  5.72761e-04  3.42853e-01
2.714364857e+03  3.4299988e-01  5.67204e-04  3.43000e-01
2.714326081e+03  3.4329955e-01  5.68192e-04  3.43300e-01
2.714287305e+03  3.4353158e-01  5.65018e-04  3.43532e-01
2.714248530e+03  3.4340036e-01  5.68220e-04  3.43400e-01
2.714209756e+03  3.4338529e-01  5.81147e-04  3.43385e-01
2.714170982e+03  3.4341166e-01  5.68152e-04  3.43412e-01
2.714132209e+03  3.4342829e-01  5.64325e-04  3.43428e-01
2.714093436e+03  3.4327884e-01  5.62790e-04  3.43279e-01
2.714054664e+03  3.4205074e-01  5.61747e-04  3.42051e-01
2.714015892e+03  3.3956883e-01  5.60802e-04  3.39569e-01
2.713977121e+03  3.4198544e-01  5.63307e-04  3.41985e-01
2.713938351e+03  3.4039377e-01  5.65487e-04  3.40394e-01
2.713899581e+03  3.3991685e-01  5.77551e-04  3.39917e-01
2.713860811e+03  3.4273721e-01  5.93384e-04  3.42737e-01
2.713822042e+03  3.4275014e-01  5.74773e-04  3.42750e-01
2.713783274e+03  3.4155156e-01  5.65061e-04  3.41552e-01
2.713744506e+03  3.4192926e-01  5.63185e-04  3.41929e-01
2.713705739e+03  3.4317265e-01  5.65470e-04  3.43173e-01
2.713666972e+03  3.4346769e-01  5.77760e-04  3.43468e-01
2.713628206e+03  3.4354743e-01  5.68099e-04  3.43547e-01
2.713589441e+03  3.4361621e-01  5.63412e-04  3.43616e-01
2.713550676e+03  3.4355098e-01  5.62154e-04  3.43551e-01
2.713511911e+03  3.4354441e-01  5.61473e-04  3.43544e-01
2.713473147e+03  3.4357297e-01  5.61459e-04  3.43573e-01
2.713434384e+03  3.4358057e-01  5.61307e-04  3.43581e-01
2.713395621e+03  3.4336557e-01  5.61557e-04  3.43366e-01
2.713356859e+03  3.4292011e-01  5.61338e-04  3.42920e-01
2.713318097e+03  3.4356295e-01  5.62036e-04  3.43563e-01
2.713279336e+03  3.4357046e-01  5.63654e-04  3.43570e-01
2.713240575e+03  3.4353100e-01  5.66667e-04  3.43531e-01
2.713201815e+03  3.4333462e-01  5.69473e-04  3.43335e-01
2.713163056e+03  3.3803369e-01  5.62021e-04  3.38034e-01
2.713124297e+03  3.4321716e-01  5.62708e-04  3.43217e-01
2.713085539e+03  3.4279425e-01  5.62027e-04  3.42794e-01
2.713046781e+03  3.4261571e-01  5.62544e-04  3.42616e-01
2.713008024e+03  3.4174610e-01  5.61228e-04  3.41746e-01
2.712969267e+03  3.4230590e-01  5.62141e-04  3.42306e-01
2.712930511e+03  3.4273094e-01  5.64898e-04  3.42731e-01
2.712891755e+03  3.4184011e-01  5.61730e-04  3.41840e-01
2.712853000e+03  3.4272775e-01  5.62206e-04  3.42728e-01
2.712814246e+03  3.4284192e-01  5.64121e-04  3.42842e-01
2.712775492e+03  3.4293961e-01  5.69913e-04  3.42940e-01
2.712736738e+03  3.4300606e-01  5.84139e-04  3.43006e-01
2.712697985e+03  3.4306203e-01  5.71999e-04  3.43062e-01
2.712659233e+03  3.4301994e-01  5.65306e-04  3.43020e-01
2.712620481e+03  3.4295251e-01  5.63426e-04  3.42953e-01
2.712581730e+03  3.4282349e-01  5.62883e-04  3.42823e-01
2.712542980e+03  3.4271649e-01  5.63209e-04  3.42716e-01
2.712504230e+03  3.4256839e-01  5.63718e-04  3.42568e-01
2.712465480e+03  3.4226753e-01  5.64462e-04  3.42268e-01
2.712426731e+03  3.3663870e-01  5.61980e-04  3.36639e-01
2.712387983e+03  3.4201305e-01  5.69410e-04  3.42013e-01
2.712349235e+03  3.4224179e-01  5.74144e-04  3.42242e-01
2.712310488e+03  3.4207029e-01  5.85113e-04  3.42070e-01
2.712271741e+03  3.4250870e-01  6.32812e-04  3.42509e-01
2.712232995e+03  3.4258507e-01  6.06025e-04  3.42585e-01
2.712194249e+03  3.4274235e-01  6.30430e-04  3.42742e-01
2.712155504e+03  3.4284813e-01  8.89884e-04  3.42848e-01
2.712116759e+03  3.4285928e-01  1.00134e-03  3.42859e-01
2.712078015e+03  3.4279215e-01  8.81733e-04  3.42792e-01
2.712039272e+03  3.4274475e-01  9.10675e-04  3.42745e-01
2.712000529e+03  3.4268370e-01  7.34734e-04  3.42684e-01
2.711961787e+03  3.4235782e-01  6.17216e-04  3.42358e-01
2.711923045e+03  3.4229084e-01  6.01748e-04  3.42291e-01
2.711884304e+03  3.4248699e-01  5.85655e-04  3.42487e-01
2.711845563e+03  3.4236384e-01  5.87840e-04  3.42364e-01
2.711806823e+03  3.4256738e-01  6.17123e-04  3.42567e-01
2.711768084e+03  3.4222641e-01  7.94554e-04  3.42226e-01
2.711729345e+03  3.4268407e-01  6.56978e-04  3.42684e-01
2.711690606e+03  3.3686222e-01  5.95074e-04  3.36862e-01
2.711651868e+03  3.4217964e-01  5.87658e-04  3.42180e-01
2.711613131e+03  3.4218078e-01  5.91725e-04  3.42181e-01
2.711574394e+03  3.4238883e-01  6.02911e-04  3.42389e-01
2.711535658e+03  3.4265011e-01  5.97925e-04  3.42650e-01
2.711496922e+03  3.4276339e-01  6.00560e-04  3.42763e-01
2.711458187e+03  3.4268901e-01  6.02203e-04  3.42689e-01
2.711419453e+03  3.4269954e-01  6.13120e-04  3.42700e-01
2.711380719e+03  3.4268287e-01  6.55521e-04  3.42683e-01
2.711341985e+03  3.4252487e-01  8.80861e-04  3.42525e-01
2.711303252e+03  3.4269121e-01  8.45029e-04  3.42691e-01
2.711264520e+03  3.4267861e-01  8.47108e-04  3.42679e-01
2.711225788e+03  3.4276998e-01  6.88278e-04  3.42770e-01
2.711187057e+03  3.4253553e-01  5.98521e-04  3.42536e-01
2.711148326e+03  3.4267632e-01  5.79691e-04  3.42676e-01
2.711109596e+03  3.3821864e-01  5.70741e-04  3.38219e-01
2.711070866e+03  3.4260455e-01  5.72747e-04  3.42605e-01
2.711032137e+03  3.4259163e-01  5.76716e-04  3.42592e-01
2.710993409e+03  3.4257166e-01  5.90669e-04  3.42572e-01
2.710954681e+03  3.3727170e-01  6.31597e-04  3.37272e-01
2.710915954e+03  3.4254731e-01  5.90413e-04  3.42547e-01
2.710877227e+03  3.4243376e-01  5.72745e-04  3.42434e-01
2.710838501e+03  3.4248282e-01  5.67377e-04  3.42483e-01
2.710799775e+03  3.4218549e-01  5.64335e-04  3.42185e-01
2.710761050e+03  3.4243888e-01  5.63234e-04  3.42439e-01
2.710722325e+03  3.4241544e-01  5.62668e-04  3.42415e-01
2.710683601e+03  3.4244084e-01  5.62757e-04  3.42441e-01
2.710644878e+03  3.4069278e-01  5.61499e-04  3.40693e-01
2.710606155e+03  3.4239208e-01  5.63092e-04  3.42392e-01
2.710567432e+03  3.4240581e-01  5.64514e-04  3.42406e-01
2.710528710e+03  3.4077607e-01  5.67335e-04  3.40776e-01
2.710489989e+03  3.4188991e-01  5.73769e-04  3.41890e-01
2.710451268e+03  3.4214693e-01  5.72562e-04  3.42147e-01
2.710412548e+03  3.4199952e-01  5.69945e-04  3.42000e-01
2.710373829e+03  3.4191354e-01  5.72211e-04  3.41914e-01
2.710335109e+03  3.4161508e-01  5.75120e-04  3.41615e-01
2.710296391e+03  3.4160403e-01  5.68467e-04  3.41604e-01
2.710257673e+03  3.4208352e-01  5.63763e-04  3.42084e-01
2.710218956e+03  3.3708175e-01  5.58596e-04  3.37082e-01
2.710180239e+03  3.4127972e-01  5.60749e-04  3.41280e-01
2.710141522e+03  3.4231446e-01  5.61830e-04  3.42314e-01
2.710102807e+03  3.4229243e-01  5.62365e-04  3.42292e-01
2.710064091e+03  3.4231649e-01  5.65159e-04  3.42316e-01
2.710025377e+03  3.4202919e-01  5.66779e-04  3.42029e-01
2.709986663e+03  3.4229431e-01  5.64045e-04  3.42294e-01
2.709947949e+03  3.4232491e-01  5.62707e-04  3.42325e-01
2.709909236e+03  3.4232007e-01  5.65497e-04  3.42320e-01
2.709870524e+03  3.4226391e-01  5.62130e-04  3.42264e-01
2.709831812e+03  3.4215361e-01  5.60784e-04  3.42154e-01
2.709793100e+03  3.4214422e-01  5.60230e-04  3.42144e-01
2.709754390e+03  3.4199710e-01  5.60198e-04  3.41997e-01
2.709715679e+03  3.4193201e-01  5.60783e-04  3.41932e-01
2.709676970e+03  3.4196202e-01  5.60331e-04  3.41962e-01
2.709638261e+03  3.4202271e-01  5.60524e-04  3.42023e-01
2.709599552e+03  3.4200718e-01  5.61036e-04  3.42007e-01
2.709560844e+03  3.4183112e-01  5.61741e-04  3.41831e-01
2.709522137e+03  3.4078038e-01  5.63240e-04  3.40780e-01
2.709483430e+03  3.2978139e-01  5.57345e-04  3.29781e-01
2.709444723e+03  3.4116996e-01  5.69127e-04  3.41170e-01
2.709406018e+03  3.4166359e-01  5.83668e-04  3.41664e-01
2.709367312e+03  3.4181536e-01  5.89315e-04  3.41815e-01
2.709328608e+03  3.4180822e-01  5.93764e-04  3.41808e-01
2.709289904e+03  3.4146728e-01  5.80382e-04  3.41467e-01
2.709251200e+03  3.4173183e-01  5.71047e-04  3.41732e-01
2.709212497e+03  3.4185603e-01  5.66853e-04  3.41856e-01
2.709173794e+03  3.4174389e-01  5.66255e-04  3.41744e-01
2.709135092e+03  3.4176592e-01  5.69335e-04  3.41766e-01
2.709096391e+03  3.4170458e-01  5.82179e-04  3.41705e-01
2.709057690e+03  3.4154325e-01  6.47471e-04  3.41543e-01
2.709018990e+03  3.4159666e-01  6.07103e-04  3.41597e-01
2.708980290e+03  3.4145994e-01  5.71457e-04  3.41460e-01
2.708941591e+03  3.4119597e-01  5.66013e-04  3.41196e-01
2.708902893e+03  3.4131915e-01  5.65321e-04  3.41319e-01
2.708864194e+03  3.4135775e-01  5.66238e-04  3.41358e-01
2.708825497e+03  3.4146463e-01  5.71914e-04  3.41465e-01
2.708786800e+03  3.4144667e-01  5.67503e-04  3.41447e-01
2.708748104e+03  3.3659047e-01  5.71042e-04  3.36590e-01
2.708709408e+03  3.4035578e-01  5.80580e-04  3.40356e-01
2.708670712e+03  3.4024673e-01  5.65885e-04  3.40247e-01
2.708632018e+03  3.4092766e-01  5.62876e-04  3.40928e-01
2.708593324e+03  3.4115928e-01  5.62094e-04  3.41159e-01
2.708554630e+03  3.4117358e-01  5.62018e-04  3.41174e-01
2.708515937e+03  3.4095452e-01  5.61760e-04  3.40955e-01
2.708477244e+03  3.4118487e-01  5.62597e-04  3.41185e-01
2.708438552e+03  3.4114486e-01  5.64080e-04  3.41145e-01
2.708399861e+03  3.4101366e-01  5.65459e-04  3.41014e-01
2.708361170e+03  3.4044442e-01  5.67982e-04  3.40444e-01
2.708322480e+03  3.0875991e-01  5.51379e-04  3.08760e-01
2.708283790e+03  3.4034589e-01  5.82313e-04  3.40346e-01
2.708245101e+03  3.4087545e-01  6.03754e-04  3.40875e-01
2.708206412e+03  3.4135698e-01  6.49962e-04  3.41357e-01
2.708167724e+03  3.4142021e-01  6.89457e-04  3.41420e-01
2.708129036e+03  3.4144447e-01  6.43796e-04  3.41444e-01
2.708090349e+03  3.4108947e-01  6.01096e-04  3.41089e-01
2.708051663e+03  3.4139919e-01  5.81640e-04  3.41399e-01
2.708012977e+03  3.3722293e-01  5.70302e-04  3.37223e-01
2.707974292e+03  3.4121767e-01  5.69229e-04  3.41218e-01
2.707935607e+03  3.4136106e-01  5.69435e-04  3.41361e-01
2.707896923e+03  3.4074764e-01  5.66194e-04  3.40748e-01
2.707858239e+03  3.3993212e-01  5.62802e-04  3.39932e-01
2.707819556e+03  3.3999730e-01  5.61736e-04  3.39997e-01
2.707780873e+03  3.4072369e-01  5.62369e-04  3.40724e-01
2.707742191e+03  3.4092794e-01  5.63073e-04  3.40928e-01
2.707703510e+03  3.4119457e-01  5.63162e-04  3.41195e-01
2.707664829e+03  3.4121514e-01  5.65414e-04  3.41215e-01
2.707626148e+03  3.4129520e-01  5.68397e-04  3.41295e-01
2.707587469e+03  3.4133885e-01  5.63042e-04  3.41339e-01
2.707548789e+03  3.4140423e-01  5.60665e-04  3.41404e-01
2.707510111e+03  3.4132256e-01  5.60022e-04  3.41323e-01
2.707471432e+03  3.4054097e-01  5.59313e-04  3.40541e-01
2.707432755e+03  3.3912858e-01  5.58314e-04  3.39129e-01
2.707394078e+03  3.4026426e-01  5.59634e-04  3.40264e-01
2.707355401e+03  3.4118779e-01  5.60508e-04  3.41188e-01
2.707316725e+03  3.4053578e-01  5.62719e-04  3.40536e-01
2.707278050e+03  3.3583902e-01  5.59835e-04  3.35839e-01
2.707239375e+03  3.3619372e-01  5.58714e-04  3.36194e-01
2.707200701e+03  3.3950197e-01  5.62312e-04  3.39502e-01
2.707162027e+03  3.4116831e-01  5.69536e-04  3.41168e-01
2.707123354e+03  3.4041860e-01  5.74529e-04  3.40419e-01
2.707084681e+03  3.4018849e-01  5.77148e-04  3.40188e-01
2.707046009e+03  3.4105249e-01  5.75210e-04  3.41052e-01
2.707007338e+03  3.4092467e-01  5.71088e-04  3.40925e-01
2.706968667e+03  3.4102008e-01  5.67674e-04  3.41020e-01
2.706929996e+03  3.4085937e-01  5.65928e-04  3.40859e-01
2.706891326e+03  3.3955864e-01  5.62151e-04  3.39559e-01
2.706852657e+03  3.3906041e-01  5.60106e-04  3.39060e-01
2.706813988e+03  3.4050374e-01  5.60053e-04  3.40504e-01
2.706775320e+03  3.4054137e-01  5.60082e-04  3.40541e-01
2.706736652e+03  3.3890632e-01  5.58708e-04  3.38906e-01
2.706697985e+03  3.3918108e-01  5.58233e-04  3.39181e-01
2.706659319e+03  3.4066818e-01  5.59330e-04  3.40668e-01
2.706620653e+03  3.4088766e-01  5.59265e-04  3.40888e-01
2.706581987e+03  3.4077764e-01  5.59581e-04  3.40778e-01
2.706543322e+03  3.4063341e-01  5.59869e-04  3.40633e-01
2.706504658e+03  3.3731645e-01  5.58401e-04  3.37316e-01
2.706465994e+03  3.4074694e-01  5.61818e-04  3.40747e-01
2.706427331e+03  3.4078028e-01  5.68595e-04  3.40780e-01
2.706388668e+03  3.3762545e-01  5.70530e-04  3.37625e-01
2.706350006e+03  3.3227062e-01  5.66742e-04  3.32271e-01
2.706311344e+03  3.3963925e-01  5.73233e-04  3.39639e-01
2.706272683e+03  3.3907144e-01  5.76131e-04  3.39071e-01
2.706234023e+03  3.3983338e-01  5.90937e-04  3.39833e-01
2.706195363e+03  3.4080321e-01  5.98683e-04  3.40803e-01
2.706156704e+03  3.4085483e-01  5.84013e-04  3.40855e-01
2.706118045e+03  3.4064421e-01  5.71057e-04  3.40644e-01
2.706079386e+03  3.3997351e-01  5.65433e-04  3.39974e-01
2.706040729e+03  3.3992753e-01  5.62475e-04  3.39928e-01
2.706002072e+03  3.4058313e-01  5.61036e-04  3.40583e-01
2.705963415e+03  3.4060067e-01  5.60565e-04  3.40601e-01
2.705924759e+03  3.4064917e-01  5.59664e-04  3.40649e-01
2.705886103e+03  3.4070663e-01  5.59187e-04  3.40707e-01
2.705847448e+03  3.4067291e-01  5.58954e-04  3.40673e-01
2.705808794e+03  3.4054455e-01  5.58776e-04  3.40545e-01
2.705770140e+03  3.3754857e-01  5.56780e-04  3.37549e-01
2.705731487e+03  3.4050976e-01  5.59471e-04  3.40510e-01
2.705692834e+03  3.4049183e-01  5.58441e-04  3.40492e-01
2.705654182e+03  3.4038484e-01  5.58165e-04  3.40385e-01
2.705615530e+03  3.4046521e-01  5.59440e-04  3.40465e-01
2.705576879e+03  3.4041824e-01  5.59931e-04  3.40418e-01
2.705538229e+03  3.4039009e-01  5.59236e-04  3.40390e-01
2.705499579e+03  3.4030566e-01  5.59742e-04  3.40306e-01
2.705460929e+03  3.3999045e-01  5.58945e-04  3.39990e-01
2.705422280e+03  3.3962814e-01  5.57739e-04  3.39628e-01
2.705383632e+03  3.3829641e-01  5.56537e-04  3.38296e-01
2.705344984e+03  3.3883610e-01  5.57069e-04  3.38836e-01
2.705306337e+03  3.3884327e-01  5.56694e-04  3.38843e-01
2.705267690e+03  3.3805888e-01  5.56197e-04  3.38059e-01
2.705229044e+03  3.3675120e-01  5.55681e-04  3.36751e-01
2.705190399e+03  3.3652836e-01  5.55607e-04  3.36528e-01
2.705151753e+03  3.3801310e-01  5.58236e-04  3.38013e-01
2.705113109e+03  3.3867265e-01  5.58402e-04  3.38673e-01
2.705074465e+03  3.3877128e-01  5.57553e-04  3.38771e-01
2.705035822e+03  3.3622190e-01  5.55957e-04  3.36222e-01
2.704997179e+03  3.3820112e-01  5.57025e-04  3.38201e-01
2.704958537e+03  3.3696751e-01  5.56434e-04  3.36968e-01
2.704919895e+03  3.3706235e-01  5.57046e-04  3.37062e-01
2.704881254e+03  3.3679058e-01  5.57978e-04  3.36791e-01
2.704842613e+03  3.3352998e-01  5.58097e-04  3.33530e-01
2.704803973e+03  3.2424138e-01  5.57195e-04  3.24241e-01
2.704765334e+03  3.1435861e-01  5.71326e-04  3.14359e-01
2.704726695e+03  3.2399356e-01  6.54434e-04  3.23994e-01
2.704688056e+03  3.3333367e-01  5.87360e-04  3.33334e-01
2.704649418e+03  3.3615321e-01  5.79798e-04  3.36153e-01
2.704610781e+03  3.3553399e-01  6.34952e-04  3.35534e-01
2.704572144e+03  3.3570382e-01  6.08369e-04  3.35704e-01
2.704533508e+03  3.3272959e-01  6.06321e-04  3.32730e-01
2.704494873e+03  3.2435998e-01  5.63991e-04  3.24360e-01
2.704456237e+03  3.1052985e-01  5.49862e-04  3.10530e-01
2.704417603e+03  3.1474682e-01  5.48150e-04  3.14747e-01
2.704378969e+03  3.2865619e-01  5.54435e-04  3.28656e-01
2.704340335e+03  3.3415810e-01  5.57053e-04  3.34158e-01
2.704301703e+03  3.3389060e-01  5.57803e-04  3.33891e-01
2.704263070e+03  3.3651871e-01  5.57860e-04  3.36519e-01
2.704224438e+03  3.3665839e-01  5.57728e-04  3.36658e-01
2.704185807e+03  3.3612720e-01  5.56563e-04  3.36127e-01
2.704147177e+03  3.3496556e-01  5.56582e-04  3.34966e-01
2.704108546e+03  3.3225441e-01  5.60117e-04  3.32254e-01
2.704069917e+03  3.2448631e-01  5.49645e-04  3.24486e-01
2.704031288e+03  3.0827921e-01  5.37345e-04  3.08279e-01
2.703992659e+03  3.0581847e-01  5.34883e-04  3.05818e-01
2.703954031e+03  3.1662815e-01  5.41957e-04  3.16628e-01
2.703915404e+03  3.1439386e-01  5.40455e-04  3.14394e-01
2.703876777e+03  2.9424270e-01  5.27265e-04  2.94243e-01
2.703838151e+03  2.8077896e-01  5.17776e-04  2.80779e-01
2.703799525e+03  3.0473796e-01  5.33945e-04  3.04738e-01
2.703760900e+03  3.2387185e-01  5.46717e-04  3.23872e-01
2.703722276e+03  3.3102727e-01  5.52082e-04  3.31027e-01
2.703683652e+03  3.3432880e-01  5.54069e-04  3.34329e-01
2.703645028e+03  3.3613008e-01  5.55902e-04  3.36130e-01
2.703606405e+03  3.3717137e-01  5.58586e-04  3.37171e-01
2.703567783e+03  3.3660598e-01  5.62225e-04  3.36606e-01
2.703529161e+03  3.3827198e-01  5.57392e-04  3.38272e-01
2.703490540e+03  3.3857385e-01  5.56574e-04  3.38574e-01
2.703451919e+03  3.3796858e-01  5.56031e-04  3.37969e-01
2.703413299e+03  3.3709466e-01  5.55940e-04  3.37095e-01
2.703374679e+03  3.3830550e-01  5.57737e-04  3.38305e-01
2.703336060e+03  3.3902943e-01  5.62732e-04  3.39029e-01
2.703297441e+03  3.3924114e-01  5.60713e-04  3.39241e-01
2.703258823e+03  3.3880401e-01  5.60737e-04  3.38804e-01
2.703220206e+03  3.3938007e-01  5.58659e-04  3.39380e-01
2.703181589e+03  3.3934687e-01  5.58737e-04  3.39347e-01
2.703142973e+03  3.3943521e-01  5.59899e-04  3.39435e-01
2.703104357e+03  3.3934931e-01  5.62829e-04  3.39349e-01
2.703065742e+03  3.3918846e-01  5.64182e-04  3.39188e-01
2.703027127e+03  3.3924261e-01  5.60244e-04  3.39243e-01
2.702988513e+03  3.3949601e-01  5.58630e-04  3.39496e-01
2.702949899e+03  3.3956648e-01  5.59149e-04  3.39566e-01
2.702911286e+03  3.3956326e-01  5.60202e-04  3.39563e-01
2.702872674e+03  3.3951876e-01  5.61222e-04  3.39519e-01
2.702834062e+03  3.3884936e-01  5.68383e-04  3.38849e-01
2.702795451e+03  3.3950819e-01  5.78000e-04  3.39508e-01
2.702756840e+03  3.3952214e-01  5.64744e-04  3.39522e-01
2.702718230e+03  3.3953081e-01  5.69074e-04  3.39531e-01
2.702679620e+03  3.3952061e-01  5.70321e-04  3.39521e-01
2.702641011e+03  3.3939397e-01  5.76331e-04  3.39394e-01
2.702602402e+03  3.3923525e-01  5.62079e-04  3.39235e-01
2.702563794e+03  3.3842398e-01  5.58075e-04  3.38424e-01
2.702525187e+03  3.3691026e-01  5.56334e-04  3.36910e-01
2.702486580e+03  3.3778960e-01  5.58075e-04  3.37790e-01
2.702447973e+03  3.3848820e-01  5.59347e-04  3.38488e-01
2.702409367e+03  3.3790193e-01  5.63065e-04  3.37902e-01
2.702370762e+03  3.3689399e-01  5.58598e-04  3.36894e-01
2.702332157e+03  3.3613019e-01  5.57496e-04  3.36130e-01
2.702293553e+03  3.3533238e-01  5.56547e-04  3.35332e-01
2.702254949e+03  3.3763027e-01  5.59272e-04  3.37630e-01
2.702216346e+03  3.3744588e-01  5.62550e-04  3.37446e-01
2.702177744e+03  3.3745984e-01  5.71704e-04  3.37460e-01
2.702139142e+03  3.3882089e-01  5.82112e-04  3.38821e-01
2.702100540e+03  3.3908943e-01  5.80080e-04  3.39089e-01
2.702061939e+03  3.3912424e-01  5.69508e-04  3.39124e-01
2.702023339e+03  3.3909300e-01  5.68497e-04  3.39093e-01
2.701984739e+03  3.3889222e-01  5.61300e-04  3.38892e-01
2.701946140e+03  3.3899013e-01  5.61480e-04  3.38990e-01
2.701907541e+03  3.3914624e-01  5.72184e-04  3.39146e-01
2.701868943e+03  3.3918318e-01  5.62167e-04  3.39183e-01
2.701830346e+03  3.3924625e-01  5.58203e-04  3.39246e-01
2.701791749e+03  3.3926670e-01  5.57775e-04  3.39267e-01
2.701753152e+03  3.3924400e-01  5.57771e-04  3.39244e-01
2.701714556e+03  3.3925126e-01  5.57315e-04  3.39251e-01
2.701675961e+03  3.3913335e-01  5.57723e-04  3.39133e-01
2.701637366e+03  3.3917917e-01  5.58110e-04  3.39179e-01
2.701598772e+03  3.3900326e-01  5.57836e-04  3.39003e-01
2.701560178e+03  3.3897538e-01  5.56912e-04  3.38975e-01
2.701521585e+03  3.3909494e-01  5.57771e-04  3.39095e-01
2.701482992e+03  3.3910967e-01  5.56973e-04  3.39110e-01
2.701444400e+03  3.3892653e-01  5.56027e-04  3.38927e-01
2.701405809e+03  3.3899078e-01  5.55997e-04  3.38991e-01
2.701367218e+03  3.3840193e-01  5.55699e-04  3.38402e-01
2.701328627e+03  3.3916494e-01  5.56464e-04  3.39165e-01
2.701290038e+03  3.3923760e-01  5.56723e-04  3.39238e-01
2.701251448e+03  3.3914042e-01  5.56549e-04  3.39140e-01
2.701212860e+03  3.3912060e-01  5.56060e-04  3.39121e-01
2.701174271e+03  3.3903912e-01  5.55883e-04  3.39039e-01
2.701135684e+03  3.3906359e-01  5.55893e-04  3.39064e-01
2.701097097e+03  3.3906290e-01  5.55915e-04  3.39063e-01
2.701058510e+03  3.3910262e-01  5.56439e-04  3.39103e-01
2.701019924e+03  3.3913809e-01  5.56138e-04  3.39138e-01
2.700981339e+03  3.3915037e-01  5.56101e-04  3.39150e-01
2.700942754e+03  3.3906340e-01  5.56372e-04  3.39063e-01
2.700904169e+03  3.3893320e-01  5.56911e-04  3.38933e-01
2.700865586e+03  3.3886802e-01  5.57356e-04  3.38868e-01
2.700827002e+03  3.3884431e-01  5.56215e-04  3.38844e-01
2.700788420e+03  3.3886160e-01  5.55835e-04  3.38862e-01
2.700749837e+03  3.3886443e-01  5.55791e-04  3.38864e-01
2.700711256e+03  3.3882754e-01  5.55778e-04  3.38828e-01
2.700672675e+03  3.3869430e-01  5.55867e-04  3.38694e-01
2.700634094e+03  3.3706202e-01  5.55232e-04  3.37062e-01
2.700595514e+03  3.3826935e-01  5.57019e-04  3.38269e-01
2.700556935e+03  3.3845909e-01  5.55986e-04  3.38459e-01
2.700518356e+03  3.3862849e-01  5.56005e-04  3.38628e-01
2.700479778e+03  3.3866325e-01  5.55966e-04  3.38663e-01
2.700441200e+03  3.3862066e-01  5.56170e-04  3.38621e-01
2.700402623e+03  3.3856574e-01  5.58350e-04  3.38566e-01
2.700364046e+03  3.3865647e-01  5.60672e-04  3.38656e-01
2.700325470e+03  3.3875632e-01  5.57165e-04  3.38756e-01
2.700286895e+03  3.3864279e-01  5.56821e-04  3.38643e-01
2.700248320e+03  3.3871465e-01  5.56022e-04  3.38715e-01
2.700209745e+03  3.3879238e-01  5.56214e-04  3.38792e-01
2.700171171e+03  3.3873149e-01  5.56537e-04  3.38731e-01
2.700132598e+03  3.3856161e-01  5.55754e-04  3.38562e-01
2.700094025e+03  3.3863477e-01  5.55738e-04  3.38635e-01
2.700055453e+03  3.3862199e-01  5.55629e-04  3.38622e-01
2.700016882e+03  3.3852769e-01  5.55671e-04  3.38528e-01