# ------------------------------------------------------------------------
# Radiance spectrum
# NASA-GSFC Planetary Spectrum Generator (PSG) (Villanueva et al. 2018, 2022)
# Synthesized on Fri Aug 15 21:13:25 2025
# Doppler velocities [km/s] (vobs,vrot+vorb,vwidth,vrfl,vstr): -17.63700,-0.00000,0.01000,-1.06846,0.00000
# ------------------------------------------------------------------------
# Spectra synthesized with the Planetary and Universal Model of Atmospheric Scattering (PUMAS, Villanueva et al. 2018, 2022)
# Single scattering radiative transfer method
# Radiative transfer took 0.233 seconds
# ------------------------------------------------------------------------
# Spectral unit: Frequency[cm-1]
# Radiance unit: Spectral radiance [W/sr/m2/um]
# Wave/freq Total Noise Mars
2.740000000e+03  3.4638193e-02  2.99579e-04  3.46382e-02
2.739960858e+03  3.4643647e-02  2.97106e-04  3.46436e-02
2.739921716e+03  3.4648853e-02  2.96415e-04  3.46489e-02
2.739882575e+03  3.4653911e-02  2.96095e-04  3.46539e-02
2.739843434e+03  3.4658967e-02  2.96098e-04  3.46590e-02
2.739804294e+03  3.4663224e-02  2.96208e-04  3.46632e-02
2.739765155e+03  3.4620678e-02  2.96417e-04  3.46207e-02
2.739726016e+03  3.4673560e-02  2.96852e-04  3.46736e-02
2.739686877e+03  3.4678408e-02  2.97693e-04  3.46784e-02
2.739647739e+03  3.4586740e-02  2.99274e-04  3.45867e-02
2.739608602e+03  3.4687429e-02  3.03054e-04  3.46874e-02
2.739569465e+03  3.4677343e-02  3.02699e-04  3.46773e-02
2.739530329e+03  3.4694247e-02  3.02152e-04  3.46942e-02
2.739491194e+03  3.4655745e-02  3.04051e-04  3.46557e-02
2.739452059e+03  3.0732595e-02  2.98811e-04  3.07326e-02
2.739412924e+03  3.4695909e-02  3.01189e-04  3.46959e-02
2.739373790e+03  3.4716611e-02  3.01289e-04  3.47166e-02
2.739334657e+03  3.4723282e-02  3.03728e-04  3.47233e-02
2.739295524e+03  3.4728795e-02  3.23446e-04  3.47288e-02
2.739256392e+03  3.4733936e-02  3.12587e-04  3.47339e-02
2.739217260e+03  3.4738735e-02  3.04154e-04  3.47387e-02
2.739178129e+03  3.4743119e-02  3.02732e-04  3.47431e-02
2.739138999e+03  3.4745227e-02  3.03791e-04  3.47452e-02
2.739099869e+03  3.4494868e-02  3.06893e-04  3.44949e-02
2.739060739e+03  3.3394829e-02  3.10656e-04  3.33948e-02
2.739021610e+03  3.4758342e-02  3.22758e-04  3.47583e-02
2.738982482e+03  3.4767724e-02  3.42792e-04  3.47677e-02
2.738943354e+03  3.4711585e-02  3.83401e-04  3.47116e-02
2.738904227e+03  3.4753853e-02  4.00190e-04  3.47539e-02
2.738865100e+03  3.4782536e-02  3.70416e-04  3.47825e-02
2.738825974e+03  3.4780135e-02  3.81217e-04  3.47801e-02
2.738786849e+03  3.1170242e-02  3.68998e-04  3.11702e-02
2.738747724e+03  3.4637490e-02  3.33817e-04  3.46375e-02
2.738708599e+03  3.4800060e-02  3.46621e-04  3.48001e-02
2.738669476e+03  3.4803965e-02  3.23232e-04  3.48040e-02
2.738630352e+03  3.4814591e-02  3.08869e-04  3.48146e-02
2.738591229e+03  3.4820047e-02  3.04567e-04  3.48200e-02
2.738552107e+03  3.4825289e-02  3.01225e-04  3.48253e-02
2.738512986e+03  3.4830434e-02  3.00282e-04  3.48304e-02
2.738473865e+03  3.4835198e-02  2.99540e-04  3.48352e-02
2.738434744e+03  3.4838014e-02  2.99153e-04  3.48380e-02
2.738395624e+03  3.4845549e-02  2.99131e-04  3.48455e-02
2.738356505e+03  3.4850563e-02  2.99472e-04  3.48506e-02
2.738317386e+03  3.4855295e-02  3.00003e-04  3.48553e-02
2.738278268e+03  3.4859710e-02  3.00916e-04  3.48597e-02
2.738239150e+03  3.4855695e-02  3.03238e-04  3.48557e-02
2.738200033e+03  3.4370867e-02  3.11401e-04  3.43709e-02
2.738160916e+03  3.4871147e-02  3.53504e-04  3.48711e-02
2.738121800e+03  3.4865581e-02  3.29876e-04  3.48656e-02
2.738082685e+03  3.1392115e-02  3.25819e-04  3.13921e-02
2.738043570e+03  3.4861986e-02  3.36473e-04  3.48620e-02
2.738004456e+03  3.4893476e-02  3.22027e-04  3.48935e-02
2.737965342e+03  3.4900267e-02  3.09762e-04  3.49003e-02
2.737926229e+03  3.4900567e-02  3.05201e-04  3.49006e-02
2.737887116e+03  3.4911215e-02  3.01215e-04  3.49112e-02
2.737848004e+03  3.4916438e-02  2.99470e-04  3.49164e-02
2.737808892e+03  3.4921575e-02  2.98597e-04  3.49216e-02
2.737769781e+03  3.4924754e-02  2.98197e-04  3.49248e-02
2.737730671e+03  3.4931685e-02  2.99006e-04  3.49317e-02
2.737691561e+03  3.4936805e-02  2.97791e-04  3.49368e-02
2.737652452e+03  3.4941801e-02  2.97524e-04  3.49418e-02
2.737613343e+03  3.4946798e-02  2.99689e-04  3.49468e-02
2.737574235e+03  3.4951644e-02  3.01593e-04  3.49516e-02
2.737535127e+03  3.4956474e-02  2.97437e-04  3.49565e-02
2.737496020e+03  3.4960742e-02  2.98115e-04  3.49607e-02
2.737456913e+03  3.4962518e-02  3.00122e-04  3.49625e-02
2.737417807e+03  3.4381475e-02  2.98842e-04  3.43815e-02
2.737378702e+03  3.2317359e-02  2.97298e-04  3.23174e-02
2.737339597e+03  3.4976251e-02  3.03295e-04  3.49763e-02
2.737300493e+03  3.4948502e-02  3.01803e-04  3.49485e-02
2.737261389e+03  3.4470814e-02  3.11603e-04  3.44708e-02
2.737222286e+03  3.4991479e-02  3.15029e-04  3.49915e-02
2.737183183e+03  3.4999054e-02  3.50443e-04  3.49991e-02
2.737144081e+03  3.5003295e-02  3.38638e-04  3.50033e-02
2.737104980e+03  3.5011235e-02  3.44123e-04  3.50112e-02
2.737065879e+03  3.5017893e-02  3.30332e-04  3.50179e-02
2.737026778e+03  3.5023028e-02  3.17166e-04  3.50230e-02
2.736987679e+03  3.5028107e-02  3.04961e-04  3.50281e-02
2.736948579e+03  3.5033147e-02  3.00968e-04  3.50331e-02
2.736909481e+03  3.5038131e-02  3.01020e-04  3.50381e-02
2.736870382e+03  3.5042950e-02  2.98790e-04  3.50430e-02
2.736831285e+03  3.5034748e-02  2.98124e-04  3.50347e-02
2.736792188e+03  3.5051413e-02  2.99186e-04  3.50514e-02
2.736753091e+03  3.5048681e-02  2.97759e-04  3.50487e-02
2.736713995e+03  3.2100291e-02  2.94980e-04  3.21003e-02
2.736674900e+03  3.5054890e-02  3.01737e-04  3.50549e-02
2.736635805e+03  3.5070163e-02  3.01002e-04  3.50702e-02
2.736596711e+03  3.5077195e-02  2.97718e-04  3.50772e-02
2.736557617e+03  3.5068008e-02  2.99216e-04  3.50680e-02
2.736518524e+03  3.5088783e-02  3.00173e-04  3.50888e-02
2.736479432e+03  3.5094114e-02  2.97224e-04  3.50941e-02
2.736440340e+03  3.5096125e-02  2.96967e-04  3.50961e-02
2.736401248e+03  3.5099083e-02  2.97142e-04  3.50991e-02
2.736362157e+03  3.5109299e-02  2.97731e-04  3.51093e-02
2.736323067e+03  3.5113713e-02  2.98917e-04  3.51137e-02
2.736283977e+03  3.4926976e-02  3.00520e-04  3.49270e-02
2.736244888e+03  3.5113271e-02  3.00138e-04  3.51133e-02
2.736205799e+03  3.5129321e-02  3.03992e-04  3.51293e-02
2.736166711e+03  3.5134379e-02  3.09449e-04  3.51344e-02
2.736127624e+03  3.5138904e-02  3.22676e-04  3.51389e-02
2.736088537e+03  3.5141524e-02  3.36212e-04  3.51415e-02
2.736049450e+03  3.4105886e-02  3.46297e-04  3.41059e-02
2.736010365e+03  3.3485663e-02  3.12416e-04  3.34857e-02
2.735971279e+03  3.5156609e-02  3.05080e-04  3.51566e-02
2.735932194e+03  3.5164315e-02  3.02090e-04  3.51643e-02
2.735893110e+03  3.5169880e-02  3.00410e-04  3.51699e-02
2.735854027e+03  3.5094667e-02  3.00304e-04  3.50947e-02
2.735814944e+03  3.5168882e-02  3.00224e-04  3.51689e-02
2.735775861e+03  3.5172659e-02  3.00984e-04  3.51727e-02
2.735736779e+03  3.5190403e-02  3.00623e-04  3.51904e-02
2.735697698e+03  3.5194163e-02  3.03372e-04  3.51942e-02
2.735658617e+03  3.5200423e-02  3.03184e-04  3.52004e-02
2.735619537e+03  3.5200257e-02  3.01728e-04  3.52003e-02
2.735580457e+03  3.5185677e-02  2.98811e-04  3.51857e-02
2.735541378e+03  3.5202349e-02  2.98306e-04  3.52023e-02
2.735502299e+03  3.5221153e-02  2.98194e-04  3.52212e-02
2.735463221e+03  3.5225954e-02  2.99707e-04  3.52260e-02
2.735424144e+03  3.5229923e-02  3.00831e-04  3.52299e-02
2.735385067e+03  3.5225557e-02  3.02015e-04  3.52256e-02
2.735345990e+03  3.2805206e-02  2.95146e-04  3.28052e-02
2.735306914e+03  3.5239680e-02  2.97313e-04  3.52397e-02
2.735267839e+03  3.5250551e-02  2.96993e-04  3.52506e-02
2.735228765e+03  3.5256695e-02  2.98265e-04  3.52567e-02
2.735189690e+03  3.5262120e-02  2.98292e-04  3.52621e-02
2.735150617e+03  3.5266435e-02  2.97809e-04  3.52664e-02
2.735111544e+03  3.5271885e-02  2.99854e-04  3.52719e-02
2.735072471e+03  3.5277466e-02  2.97674e-04  3.52775e-02
2.735033399e+03  3.5266673e-02  3.00464e-04  3.52667e-02
2.734994328e+03  3.5287891e-02  2.98819e-04  3.52879e-02
2.734955257e+03  3.5291298e-02  2.98609e-04  3.52913e-02
2.734916187e+03  3.5298106e-02  3.05224e-04  3.52981e-02
2.734877117e+03  3.5295106e-02  3.00098e-04  3.52951e-02
2.734838048e+03  3.5307772e-02  2.97297e-04  3.53078e-02
2.734798980e+03  3.5313078e-02  2.96758e-04  3.53131e-02
2.734759912e+03  3.5317568e-02  2.96663e-04  3.53176e-02
2.734720844e+03  3.5319612e-02  2.97098e-04  3.53196e-02
2.734681777e+03  3.3157650e-02  2.94215e-04  3.31576e-02
2.734642711e+03  3.5311014e-02  2.97512e-04  3.53110e-02
2.734603645e+03  3.5337054e-02  2.99310e-04  3.53371e-02
2.734564580e+03  3.5343526e-02  2.98522e-04  3.53435e-02
2.734525515e+03  3.5349034e-02  3.02426e-04  3.53490e-02
2.734486451e+03  3.5353892e-02  3.04430e-04  3.53539e-02
2.734447388e+03  3.5359354e-02  3.11370e-04  3.53594e-02
2.734408325e+03  3.5363007e-02  3.05735e-04  3.53630e-02
2.734369262e+03  3.5369810e-02  2.98825e-04  3.53698e-02
2.734330201e+03  3.5374913e-02  2.97913e-04  3.53749e-02
2.734291139e+03  3.5363851e-02  2.97253e-04  3.53639e-02
2.734252078e+03  3.5385020e-02  2.96917e-04  3.53850e-02
2.734213018e+03  3.5388694e-02  2.96682e-04  3.53887e-02
2.734173959e+03  3.5395269e-02  2.96743e-04  3.53953e-02
2.734134900e+03  3.5390088e-02  2.96689e-04  3.53901e-02
2.734095841e+03  3.5404758e-02  2.97069e-04  3.54048e-02
2.734056783e+03  3.5408652e-02  2.96859e-04  3.54087e-02
2.734017726e+03  3.5285962e-02  2.96999e-04  3.52860e-02
2.733978669e+03  3.3602205e-02  2.96473e-04  3.36022e-02
2.733939613e+03  3.5423378e-02  3.02320e-04  3.54234e-02
2.733900557e+03  3.5430497e-02  3.04108e-04  3.54305e-02
2.733861502e+03  3.5436091e-02  3.04875e-04  3.54361e-02
2.733822447e+03  3.5441040e-02  3.05202e-04  3.54410e-02
2.733783393e+03  3.5446620e-02  3.14032e-04  3.54466e-02
2.733744340e+03  3.5451798e-02  3.07158e-04  3.54518e-02
2.733705287e+03  3.5456884e-02  3.03502e-04  3.54569e-02
2.733666234e+03  3.5459769e-02  3.04139e-04  3.54598e-02
2.733627182e+03  3.5467221e-02  2.99927e-04  3.54672e-02
2.733588131e+03  3.5472334e-02  3.01763e-04  3.54723e-02
2.733549081e+03  3.5461660e-02  2.99781e-04  3.54617e-02
2.733510030e+03  3.5481390e-02  2.97736e-04  3.54814e-02
2.733470981e+03  3.5486809e-02  2.99186e-04  3.54868e-02
2.733431932e+03  3.5491926e-02  2.97341e-04  3.54919e-02
2.733392883e+03  3.5496034e-02  2.97132e-04  3.54960e-02
2.733353835e+03  3.5481242e-02  2.97612e-04  3.54812e-02
2.733314788e+03  3.3802644e-02  2.95214e-04  3.38026e-02
2.733275741e+03  3.5509583e-02  2.97731e-04  3.55096e-02
2.733236695e+03  3.5517693e-02  2.97969e-04  3.55177e-02
2.733197649e+03  3.5523355e-02  3.00181e-04  3.55234e-02
2.733158604e+03  3.5528427e-02  3.06236e-04  3.55284e-02
2.733119560e+03  3.5533888e-02  3.02314e-04  3.55339e-02
2.733080516e+03  3.5536933e-02  3.01431e-04  3.55369e-02
2.733041472e+03  3.5544243e-02  3.12512e-04  3.55442e-02
2.733002429e+03  3.5549396e-02  3.09324e-04  3.55494e-02
2.732963387e+03  3.5554470e-02  3.03702e-04  3.55545e-02
2.732924345e+03  3.5556749e-02  2.99546e-04  3.55567e-02
2.732885304e+03  3.5564772e-02  2.98442e-04  3.55648e-02
2.732846263e+03  3.5569890e-02  2.98635e-04  3.55699e-02
2.732807223e+03  3.5574763e-02  2.99299e-04  3.55748e-02
2.732768184e+03  3.5562760e-02  3.01650e-04  3.55628e-02
2.732729145e+03  3.5584217e-02  3.15853e-04  3.55842e-02
2.732690106e+03  3.5586026e-02  3.19256e-04  3.55860e-02
2.732651068e+03  3.4094974e-02  3.01265e-04  3.40950e-02
2.732612031e+03  3.5580672e-02  3.01719e-04  3.55807e-02
2.732572994e+03  3.5592086e-02  3.03036e-04  3.55921e-02
2.732533958e+03  3.5610143e-02  3.09330e-04  3.56101e-02
2.732494922e+03  3.5616149e-02  3.21391e-04  3.56161e-02
2.732455887e+03  3.5621403e-02  3.13376e-04  3.56214e-02
2.732416853e+03  3.5626602e-02  3.04533e-04  3.56266e-02
2.732377819e+03  3.5631777e-02  3.01233e-04  3.56318e-02
2.732338785e+03  3.5636939e-02  2.99260e-04  3.56369e-02
2.732299753e+03  3.5642092e-02  2.98433e-04  3.56421e-02
2.732260720e+03  3.5647235e-02  2.99324e-04  3.56472e-02
2.732221689e+03  3.5652329e-02  2.97942e-04  3.56523e-02
2.732182657e+03  3.5654011e-02  2.97537e-04  3.56540e-02
2.732143627e+03  3.5662569e-02  2.97512e-04  3.56626e-02
2.732104597e+03  3.5667581e-02  2.97465e-04  3.56676e-02
2.732065567e+03  3.5671670e-02  2.97587e-04  3.56717e-02
2.732026538e+03  3.5659076e-02  2.97360e-04  3.56591e-02
2.731987510e+03  3.4391234e-02  2.96090e-04  3.43912e-02
2.731948482e+03  3.5680809e-02  2.97598e-04  3.56808e-02
2.731909455e+03  3.5692506e-02  2.97657e-04  3.56925e-02
2.731870428e+03  3.5686334e-02  2.97887e-04  3.56863e-02
2.731831402e+03  3.5697949e-02  3.00143e-04  3.56979e-02
2.731792376e+03  3.5709017e-02  3.00782e-04  3.57090e-02
2.731753351e+03  3.5714236e-02  2.99388e-04  3.57142e-02
2.731714327e+03  3.5719387e-02  2.97957e-04  3.57194e-02
2.731675303e+03  3.5724385e-02  2.97965e-04  3.57244e-02
2.731636279e+03  3.5729768e-02  2.97951e-04  3.57298e-02
2.731597257e+03  3.5734924e-02  2.98132e-04  3.57349e-02
2.731558234e+03  3.5739853e-02  2.99055e-04  3.57399e-02
2.731519213e+03  3.5745192e-02  2.99787e-04  3.57452e-02
2.731480191e+03  3.5749235e-02  3.05858e-04  3.57492e-02
2.731441171e+03  3.5751637e-02  3.04066e-04  3.57516e-02
2.731402151e+03  3.5742492e-02  2.99971e-04  3.57425e-02
2.731363131e+03  3.5763175e-02  2.99357e-04  3.57632e-02
2.731324112e+03  3.4662224e-02  2.98349e-04  3.46622e-02
2.731285094e+03  3.5749591e-02  3.00744e-04  3.57496e-02
2.731246076e+03  3.5779899e-02  3.02099e-04  3.57799e-02
2.731207059e+03  3.5785658e-02  3.01586e-04  3.57857e-02
2.731168042e+03  3.5790143e-02  3.02721e-04  3.57901e-02
2.731129026e+03  3.5789779e-02  3.04787e-04  3.57898e-02
2.731090011e+03  3.4799919e-02  3.06912e-04  3.47999e-02
2.731050996e+03  3.5755804e-02  3.10864e-04  3.57558e-02
2.731011981e+03  3.5810582e-02  3.19983e-04  3.58106e-02
2.730972967e+03  3.5816933e-02  3.40081e-04  3.58169e-02
2.730933954e+03  3.5822444e-02  3.65906e-04  3.58224e-02
2.730894941e+03  3.5827758e-02  3.52994e-04  3.58278e-02
2.730855929e+03  3.5832992e-02  3.26558e-04  3.58330e-02
2.730816917e+03  3.5838176e-02  3.13192e-04  3.58382e-02
2.730777906e+03  3.5843293e-02  3.06988e-04  3.58433e-02
2.730738896e+03  3.5846110e-02  3.03881e-04  3.58461e-02
2.730699886e+03  3.5850122e-02  3.02588e-04  3.58501e-02
2.730660876e+03  3.4914276e-02  3.01655e-04  3.49143e-02
2.730621867e+03  3.5854123e-02  3.06106e-04  3.58541e-02
2.730582859e+03  3.5867542e-02  3.01400e-04  3.58675e-02
2.730543851e+03  3.5873406e-02  2.99992e-04  3.58734e-02
2.730504844e+03  3.5866330e-02  3.00262e-04  3.58663e-02
2.730465837e+03  3.5874089e-02  2.99694e-04  3.58741e-02
2.730426831e+03  3.5890012e-02  2.99326e-04  3.58900e-02
2.730387826e+03  3.5895232e-02  2.99376e-04  3.58952e-02
2.730348821e+03  3.5874889e-02  2.99945e-04  3.58749e-02
2.730309816e+03  3.5905549e-02  3.02588e-04  3.59055e-02
2.730270812e+03  3.5910600e-02  3.04017e-04  3.59106e-02
2.730231809e+03  3.5915827e-02  3.00269e-04  3.59158e-02
2.730192806e+03  3.5921110e-02  3.00930e-04  3.59211e-02
2.730153804e+03  3.5926170e-02  3.00799e-04  3.59262e-02
2.730114802e+03  3.5930904e-02  3.04725e-04  3.59309e-02
2.730075801e+03  3.5772163e-02  3.02742e-04  3.57722e-02
2.730036801e+03  3.5879697e-02  3.01940e-04  3.58797e-02
2.729997801e+03  3.5143188e-02  3.02424e-04  3.51432e-02
2.729958801e+03  3.5941849e-02  3.07581e-04  3.59418e-02
2.729919803e+03  3.5956541e-02  3.15508e-04  3.59565e-02
2.729880804e+03  3.5961304e-02  3.17799e-04  3.59613e-02
2.729841807e+03  3.5665700e-02  3.10331e-04  3.56657e-02
2.729802809e+03  3.5967974e-02  3.07617e-04  3.59680e-02
2.729763813e+03  3.5965600e-02  3.09775e-04  3.59656e-02
2.729724817e+03  3.5983290e-02  3.17053e-04  3.59833e-02
2.729685821e+03  3.5986697e-02  3.33295e-04  3.59867e-02
2.729646826e+03  3.5993822e-02  3.35692e-04  3.59938e-02
2.729607832e+03  3.5971108e-02  3.59737e-04  3.59711e-02
2.729568838e+03  3.6001749e-02  3.84130e-04  3.60017e-02
2.729529845e+03  3.6009484e-02  3.25782e-04  3.60095e-02
2.729490852e+03  3.6014676e-02  3.08332e-04  3.60147e-02
2.729451860e+03  3.6019816e-02  3.04652e-04  3.60198e-02
2.729412868e+03  3.6024591e-02  3.06063e-04  3.60246e-02
2.729373877e+03  3.6029016e-02  3.17815e-04  3.60290e-02
2.729334887e+03  3.5359755e-02  3.31378e-04  3.53598e-02
2.729295897e+03  3.6036036e-02  3.05815e-04  3.60360e-02
2.729256907e+03  3.6042950e-02  3.01670e-04  3.60429e-02
2.729217919e+03  3.6048418e-02  3.00443e-04  3.60484e-02
2.729178930e+03  3.6037137e-02  3.00422e-04  3.60371e-02
2.729139943e+03  3.6056538e-02  2.99724e-04  3.60565e-02
2.729100955e+03  3.6066665e-02  2.99531e-04  3.60667e-02
2.729061969e+03  3.6071702e-02  2.99864e-04  3.60717e-02
2.729022983e+03  3.6066508e-02  3.01118e-04  3.60665e-02
2.728983997e+03  3.6082047e-02  3.01418e-04  3.60820e-02
2.728945012e+03  3.6087550e-02  3.00241e-04  3.60876e-02
2.728906028e+03  3.6092738e-02  2.99406e-04  3.60927e-02
2.728867044e+03  3.6097645e-02  2.99128e-04  3.60976e-02
2.728828061e+03  3.6067316e-02  2.98806e-04  3.60673e-02
2.728789078e+03  3.6108224e-02  2.98996e-04  3.61082e-02
2.728750096e+03  3.6113264e-02  2.99597e-04  3.61133e-02
2.728711114e+03  3.6116229e-02  3.00725e-04  3.61162e-02
2.728672133e+03  3.5559254e-02  3.04225e-04  3.55593e-02
2.728633153e+03  3.6127218e-02  3.05681e-04  3.61272e-02
2.728594173e+03  3.6133353e-02  3.02672e-04  3.61334e-02
2.728555194e+03  3.6139497e-02  3.00048e-04  3.61395e-02
2.728516215e+03  3.6142215e-02  3.00018e-04  3.61422e-02
2.728477237e+03  3.6147450e-02  3.00604e-04  3.61474e-02
2.728438259e+03  3.6155249e-02  3.01345e-04  3.61552e-02
2.728399282e+03  3.6160472e-02  3.11157e-04  3.61605e-02
2.728360305e+03  3.6165686e-02  3.16167e-04  3.61657e-02
2.728321329e+03  3.6170832e-02  3.02378e-04  3.61708e-02
2.728282354e+03  3.6175845e-02  3.00229e-04  3.61758e-02
2.728243379e+03  3.6169902e-02  3.00133e-04  3.61699e-02
2.728204404e+03  3.6084105e-02  3.00233e-04  3.60841e-02
2.728165431e+03  3.6191287e-02  3.00435e-04  3.61913e-02
2.728126457e+03  3.6196656e-02  3.01624e-04  3.61967e-02
2.728087485e+03  3.6159590e-02  3.04149e-04  3.61596e-02
2.728048513e+03  3.6204154e-02  3.06128e-04  3.62042e-02
2.728009541e+03  3.5737514e-02  3.03295e-04  3.57375e-02
2.727970570e+03  3.6215606e-02  3.01797e-04  3.62156e-02
2.727931600e+03  3.6222345e-02  3.01139e-04  3.62223e-02
2.727892630e+03  3.6228041e-02  3.01639e-04  3.62280e-02
2.727853660e+03  3.6233514e-02  3.02315e-04  3.62335e-02
2.727814692e+03  3.6238552e-02  3.00967e-04  3.62386e-02
2.727775723e+03  3.6241514e-02  3.00284e-04  3.62415e-02
2.727736756e+03  3.6246547e-02  3.00031e-04  3.62465e-02
2.727697789e+03  3.6240098e-02  3.00272e-04  3.62401e-02
2.727658822e+03  3.6258418e-02  3.01260e-04  3.62584e-02
2.727619856e+03  3.6264877e-02  3.00726e-04  3.62649e-02
2.727580891e+03  3.6269894e-02  3.01021e-04  3.62699e-02
2.727541926e+03  3.6275280e-02  3.02307e-04  3.62753e-02
2.727502961e+03  3.6272861e-02  3.02339e-04  3.62729e-02
2.727463998e+03  3.6285656e-02  3.02120e-04  3.62857e-02
2.727425034e+03  3.6289432e-02  3.01566e-04  3.62894e-02
2.727386072e+03  3.6278569e-02  3.01714e-04  3.62786e-02
2.727347110e+03  3.5882330e-02  3.01823e-04  3.58823e-02
2.727308148e+03  3.6305863e-02  3.04328e-04  3.63059e-02
2.727269187e+03  3.6303726e-02  3.15394e-04  3.63037e-02
2.727230227e+03  3.6304224e-02  3.10984e-04  3.63042e-02
2.727191267e+03  3.6322389e-02  3.05965e-04  3.63224e-02
2.727152307e+03  3.6327661e-02  3.06323e-04  3.63277e-02
2.727113349e+03  3.6331574e-02  3.08409e-04  3.63316e-02
2.727074391e+03  3.6335522e-02  3.11147e-04  3.63355e-02
2.727035433e+03  3.6343358e-02  3.15036e-04  3.63434e-02
2.726996476e+03  3.6346747e-02  3.25331e-04  3.63467e-02
2.726957519e+03  3.6353022e-02  3.61327e-04  3.63530e-02
2.726918563e+03  3.6359139e-02  5.83056e-04  3.63591e-02
2.726879608e+03  3.6364199e-02  4.39394e-04  3.63642e-02
2.726840653e+03  3.6369130e-02  3.68291e-04  3.63691e-02
2.726801699e+03  3.6370331e-02  4.20367e-04  3.63703e-02
2.726762745e+03  3.6359574e-02  3.88424e-04  3.63596e-02
2.726723792e+03  3.6065479e-02  4.50702e-04  3.60655e-02
2.726684839e+03  3.6387931e-02  8.72068e-04  3.63879e-02
2.726645887e+03  3.6395461e-02  1.44750e-03  3.63955e-02
2.726606935e+03  3.6376256e-02  1.32361e-03  3.63763e-02
2.726567984e+03  3.6372409e-02  6.89369e-04  3.63724e-02
2.726529034e+03  3.6411078e-02  6.62605e-04  3.64111e-02
2.726490084e+03  3.6416210e-02  4.55642e-04  3.64162e-02
2.726451135e+03  3.6420987e-02  3.82477e-04  3.64210e-02
2.726412186e+03  3.6424991e-02  3.44236e-04  3.64250e-02
2.726373238e+03  3.6424839e-02  3.32561e-04  3.64248e-02
2.726334290e+03  3.4722781e-02  3.29963e-04  3.47228e-02
2.726295343e+03  3.6027844e-02  3.53575e-04  3.60278e-02
2.726256397e+03  3.6442072e-02  3.59306e-04  3.64421e-02
2.726217451e+03  3.6448777e-02  3.79774e-04  3.64488e-02
2.726178505e+03  3.6457615e-02  4.33504e-04  3.64576e-02
2.726139561e+03  3.6462672e-02  4.47892e-04  3.64627e-02
2.726100616e+03  3.6467743e-02  3.84485e-04  3.64677e-02
2.726061673e+03  3.6217556e-02  3.43363e-04  3.62176e-02
2.726022729e+03  3.6478943e-02  3.26615e-04  3.64789e-02
2.725983787e+03  3.6480665e-02  3.18886e-04  3.64807e-02
2.725944845e+03  3.6489760e-02  3.15715e-04  3.64898e-02
2.725905903e+03  3.6494326e-02  3.15783e-04  3.64943e-02
2.725866962e+03  3.6484752e-02  3.24289e-04  3.64848e-02
2.725828022e+03  3.5801772e-02  3.76918e-04  3.58018e-02
2.725789082e+03  3.6509057e-02  3.35855e-04  3.65091e-02
2.725750143e+03  3.6515992e-02  3.29743e-04  3.65160e-02
2.725711204e+03  3.6521601e-02  3.49707e-04  3.65216e-02
2.725672266e+03  3.6526993e-02  3.65332e-04  3.65270e-02
2.725633328e+03  3.6532306e-02  3.39160e-04  3.65323e-02
2.725594391e+03  3.6534906e-02  3.19728e-04  3.65349e-02
2.725555455e+03  3.6542877e-02  3.12070e-04  3.65429e-02
2.725516519e+03  3.6548107e-02  3.11553e-04  3.65481e-02
2.725477583e+03  3.6550386e-02  3.11334e-04  3.65504e-02
2.725438648e+03  3.6372554e-02  3.20613e-04  3.63726e-02
2.725399714e+03  3.6540100e-02  3.17035e-04  3.65401e-02
2.725360780e+03  3.6569071e-02  3.07360e-04  3.65691e-02
2.725321847e+03  3.6574494e-02  3.06661e-04  3.65745e-02
2.725282915e+03  3.6579793e-02  3.06286e-04  3.65798e-02
2.725243983e+03  3.6583198e-02  3.03078e-04  3.65832e-02
2.725205051e+03  3.6589433e-02  3.02339e-04  3.65894e-02
2.725166120e+03  3.6595577e-02  3.01738e-04  3.65956e-02
2.725127190e+03  3.6600661e-02  3.01876e-04  3.66007e-02
2.725088260e+03  3.6530327e-02  3.03417e-04  3.65303e-02
2.725049331e+03  3.6611201e-02  3.06814e-04  3.66112e-02
2.725010402e+03  3.6616534e-02  3.02510e-04  3.66165e-02
2.724971474e+03  3.6575349e-02  3.01858e-04  3.65753e-02
2.724932546e+03  3.6598430e-02  3.02207e-04  3.65984e-02
2.724893619e+03  3.6632332e-02  3.03180e-04  3.66323e-02
2.724854693e+03  3.6634720e-02  3.06240e-04  3.66347e-02
2.724815767e+03  3.6642381e-02  3.19619e-04  3.66424e-02
2.724776841e+03  3.6481531e-02  3.11840e-04  3.64815e-02
2.724737916e+03  3.6650558e-02  3.05945e-04  3.66506e-02
2.724698992e+03  3.6658769e-02  3.03859e-04  3.66588e-02
2.724660068e+03  3.6662724e-02  3.02934e-04  3.66627e-02
2.724621145e+03  3.6655751e-02  3.02793e-04  3.66558e-02
2.724582223e+03  3.6674624e-02  3.03115e-04  3.66746e-02
2.724543301e+03  3.6679567e-02  3.03720e-04  3.66796e-02
2.724504379e+03  3.6684933e-02  3.05913e-04  3.66849e-02
2.724465458e+03  3.6690427e-02  3.12736e-04  3.66904e-02
2.724426538e+03  3.6695592e-02  3.49648e-04  3.66956e-02
2.724387618e+03  3.6690540e-02  3.25662e-04  3.66905e-02
2.724348699e+03  3.6556571e-02  3.11350e-04  3.65566e-02
2.724309780e+03  3.6709732e-02  3.06613e-04  3.67097e-02
2.724270862e+03  3.6716554e-02  3.06886e-04  3.67166e-02
2.724231944e+03  3.6721936e-02  3.10100e-04  3.67219e-02
2.724193027e+03  3.6727051e-02  3.13871e-04  3.67271e-02
2.724154111e+03  3.6598115e-02  3.08849e-04  3.65981e-02
2.724115195e+03  3.6735408e-02  3.06909e-04  3.67354e-02
2.724076279e+03  3.6742544e-02  3.07007e-04  3.67425e-02
2.724037365e+03  3.6747335e-02  3.08180e-04  3.67473e-02
2.723998450e+03  3.6747939e-02  3.10009e-04  3.67479e-02
2.723959537e+03  3.6514026e-02  3.13624e-04  3.65140e-02
2.723920623e+03  3.5592332e-02  3.17090e-04  3.55923e-02
2.723881711e+03  3.6764266e-02  3.29612e-04  3.67643e-02
2.723842799e+03  3.6486799e-02  3.54085e-04  3.64868e-02
2.723803887e+03  3.6776151e-02  4.05515e-04  3.67762e-02
2.723764976e+03  3.6784495e-02  4.22742e-04  3.67845e-02
2.723726066e+03  3.6788103e-02  3.82366e-04  3.67881e-02
2.723687156e+03  3.6795282e-02  3.61147e-04  3.67953e-02
2.723648247e+03  3.6800256e-02  3.44656e-04  3.68003e-02
2.723609338e+03  3.6711285e-02  3.30032e-04  3.67113e-02
2.723570430e+03  3.6803235e-02  3.24690e-04  3.68032e-02
2.723531522e+03  3.6794448e-02  3.24903e-04  3.67944e-02
2.723492615e+03  3.4052611e-02  3.27561e-04  3.40526e-02
2.723453709e+03  3.6808689e-02  3.43224e-04  3.68087e-02
2.723414803e+03  3.6826830e-02  3.73223e-04  3.68268e-02
2.723375898e+03  3.6836920e-02  4.43000e-04  3.68369e-02
2.723336993e+03  3.6842970e-02  5.32111e-04  3.68430e-02
2.723298089e+03  3.6848602e-02  4.68695e-04  3.68486e-02
2.723259185e+03  3.6853357e-02  3.85120e-04  3.68534e-02
2.723220282e+03  3.6857215e-02  3.47060e-04  3.68572e-02
2.723181379e+03  3.6862794e-02  3.29998e-04  3.68628e-02
2.723142477e+03  3.6870112e-02  3.21419e-04  3.68701e-02
2.723103576e+03  3.6875308e-02  3.17017e-04  3.68753e-02
2.723064675e+03  3.6854817e-02  3.14993e-04  3.68548e-02
2.723025774e+03  3.6884752e-02  3.15512e-04  3.68848e-02
2.722986875e+03  3.6890782e-02  3.14745e-04  3.68908e-02
2.722947975e+03  3.6886738e-02  3.16010e-04  3.68867e-02
2.722909077e+03  3.6899042e-02  3.19515e-04  3.68990e-02
2.722870178e+03  3.6811034e-02  3.21825e-04  3.68110e-02
2.722831281e+03  3.4164251e-02  3.22531e-04  3.41643e-02
2.722792384e+03  3.6859492e-02  3.36155e-04  3.68595e-02
2.722753487e+03  3.6918337e-02  3.60234e-04  3.69183e-02
2.722714591e+03  3.6926721e-02  4.16422e-04  3.69267e-02
2.722675696e+03  3.6930731e-02  5.22079e-04  3.69307e-02
2.722636801e+03  3.6938781e-02  5.08306e-04  3.69388e-02
2.722597907e+03  3.6944331e-02  4.06314e-04  3.69443e-02
2.722559013e+03  3.6949694e-02  3.57957e-04  3.69497e-02
2.722520120e+03  3.6944899e-02  3.34368e-04  3.69449e-02
2.722481228e+03  3.6957934e-02  3.24057e-04  3.69579e-02
2.722442336e+03  3.6964114e-02  3.21082e-04  3.69641e-02
2.722403444e+03  3.6968619e-02  3.16156e-04  3.69686e-02
2.722364553e+03  3.6976247e-02  3.14136e-04  3.69762e-02
2.722325663e+03  3.6981386e-02  3.13298e-04  3.69814e-02
2.722286773e+03  3.6986610e-02  3.13229e-04  3.69866e-02
2.722247884e+03  3.6926201e-02  3.14640e-04  3.69262e-02
2.722208995e+03  3.6990352e-02  3.18705e-04  3.69904e-02
2.722170107e+03  3.7000298e-02  3.18248e-04  3.70003e-02
2.722131219e+03  3.6997583e-02  3.22816e-04  3.69976e-02
2.722092332e+03  3.5005428e-02  3.27629e-04  3.50054e-02
2.722053446e+03  3.5728593e-02  3.41394e-04  3.57286e-02
2.722014560e+03  3.6398360e-02  3.71917e-04  3.63984e-02
2.721975674e+03  3.7024462e-02  4.49146e-04  3.70245e-02
2.721936790e+03  3.7030664e-02  6.20241e-04  3.70307e-02
2.721897905e+03  3.7037960e-02  6.80192e-04  3.70380e-02
2.721859022e+03  3.6840165e-02  5.92278e-04  3.68402e-02
2.721820139e+03  3.7049161e-02  4.39342e-04  3.70492e-02
2.721781256e+03  3.7055843e-02  3.74163e-04  3.70558e-02
2.721742374e+03  3.7059099e-02  3.51246e-04  3.70591e-02
2.721703492e+03  3.7065091e-02  3.44729e-04  3.70651e-02
2.721664612e+03  3.7072197e-02  3.32287e-04  3.70722e-02
2.721625731e+03  3.7026749e-02  3.21471e-04  3.70267e-02
2.721586851e+03  3.7082348e-02  3.16601e-04  3.70823e-02
2.721547972e+03  3.7088290e-02  3.13596e-04  3.70883e-02
2.721509093e+03  3.7093641e-02  3.16631e-04  3.70936e-02
2.721470215e+03  3.7098903e-02  3.13659e-04  3.70989e-02
2.721431338e+03  3.7096500e-02  3.10127e-04  3.70965e-02
2.721392461e+03  3.7103433e-02  3.10931e-04  3.71034e-02
2.721353584e+03  3.6978127e-02  3.10136e-04  3.69781e-02
2.721314708e+03  3.7119696e-02  3.10780e-04  3.71197e-02
2.721275833e+03  3.7124722e-02  3.15904e-04  3.71247e-02
2.721236958e+03  3.7128381e-02  3.25794e-04  3.71284e-02
2.721198084e+03  3.7135095e-02  3.15587e-04  3.71351e-02
2.721159210e+03  3.7139890e-02  3.16178e-04  3.71399e-02
2.721120337e+03  3.7141661e-02  3.18482e-04  3.71417e-02
2.721081464e+03  3.6166086e-02  3.21400e-04  3.61661e-02
2.721042592e+03  3.7136915e-02  3.30788e-04  3.71369e-02
2.721003721e+03  3.5061428e-02  3.45352e-04  3.50614e-02
2.720964850e+03  3.7077738e-02  3.85558e-04  3.70777e-02
2.720925979e+03  3.7153587e-02  4.47449e-04  3.71536e-02
2.720887110e+03  3.7176656e-02  4.66782e-04  3.71767e-02
2.720848240e+03  3.7182802e-02  4.84278e-04  3.71828e-02
2.720809372e+03  3.7188063e-02  4.85789e-04  3.71881e-02
2.720770504e+03  3.7190513e-02  4.29477e-04  3.71905e-02
2.720731636e+03  3.6793013e-02  3.68703e-04  3.67930e-02
2.720692769e+03  3.6610266e-02  3.52961e-04  3.66103e-02
2.720653902e+03  3.5793677e-02  3.53989e-04  3.57937e-02
2.720615037e+03  3.7051235e-02  3.77321e-04  3.70512e-02
2.720576171e+03  3.7218399e-02  4.34885e-04  3.72184e-02
2.720537306e+03  3.7225275e-02  4.83347e-04  3.72253e-02
2.720498442e+03  3.7172714e-02  4.82994e-04  3.71727e-02
2.720459578e+03  3.7218614e-02  4.32125e-04  3.72186e-02
2.720420715e+03  3.7242129e-02  3.75752e-04  3.72421e-02
2.720381853e+03  3.7217516e-02  3.50832e-04  3.72175e-02
2.720342991e+03  3.7249210e-02  3.45749e-04  3.72492e-02
2.720304129e+03  3.5780665e-02  3.41662e-04  3.57807e-02
2.720265268e+03  3.7121502e-02  3.40852e-04  3.71215e-02
2.720226408e+03  3.7255034e-02  3.52881e-04  3.72550e-02
2.720187548e+03  3.7272832e-02  3.98284e-04  3.72728e-02
2.720148689e+03  3.6806902e-02  5.34224e-04  3.68069e-02
2.720109830e+03  3.7278839e-02  5.76271e-04  3.72788e-02
2.720070972e+03  3.7279054e-02  4.24514e-04  3.72791e-02
2.720032114e+03  3.7240608e-02  3.77764e-04  3.72406e-02
2.719993257e+03  3.7301615e-02  3.84490e-04  3.73016e-02
2.719954401e+03  3.7307051e-02  3.69041e-04  3.73071e-02
2.719915545e+03  3.7301456e-02  3.40924e-04  3.73015e-02
2.719876689e+03  3.7153900e-02  3.27358e-04  3.71539e-02
2.719837835e+03  3.7320629e-02  3.18614e-04  3.73206e-02
2.719798980e+03  3.7174563e-02  3.13706e-04  3.71746e-02
2.719760127e+03  3.7304947e-02  3.11911e-04  3.73049e-02
2.719721273e+03  3.7338999e-02  3.12964e-04  3.73390e-02
2.719682421e+03  3.7335402e-02  3.16204e-04  3.73354e-02
2.719643569e+03  3.7350220e-02  3.26297e-04  3.73502e-02
2.719604717e+03  3.7355668e-02  3.25373e-04  3.73557e-02
2.719565866e+03  3.7361053e-02  3.14679e-04  3.73611e-02
2.719527016e+03  3.7364535e-02  3.09561e-04  3.73645e-02
2.719488166e+03  3.7369359e-02  3.08914e-04  3.73694e-02
2.719449317e+03  3.7377166e-02  3.08755e-04  3.73772e-02
2.719410468e+03  3.7382389e-02  3.05577e-04  3.73824e-02
2.719371620e+03  3.7387886e-02  3.04708e-04  3.73879e-02
2.719332772e+03  3.7393184e-02  3.04409e-04  3.73932e-02
2.719293925e+03  3.7389104e-02  3.04280e-04  3.73891e-02
2.719255079e+03  3.7356893e-02  3.04401e-04  3.73569e-02
2.719216233e+03  3.7408847e-02  3.05221e-04  3.74088e-02
2.719177387e+03  3.7399797e-02  3.06215e-04  3.73998e-02
2.719138543e+03  3.7318900e-02  3.09086e-04  3.73189e-02
2.719099698e+03  3.7327481e-02  3.11031e-04  3.73275e-02
2.719060855e+03  3.7428456e-02  3.08582e-04  3.74285e-02
2.719022011e+03  3.7435891e-02  3.06768e-04  3.74359e-02
2.718983169e+03  3.7441108e-02  3.06372e-04  3.74411e-02
2.718944327e+03  3.7374521e-02  3.06614e-04  3.73745e-02
2.718905485e+03  3.7448217e-02  3.07942e-04  3.74482e-02
2.718866644e+03  3.7452970e-02  3.10511e-04  3.74530e-02
2.718827804e+03  3.7030270e-02  3.15302e-04  3.70303e-02
2.718788964e+03  3.7093513e-02  3.24662e-04  3.70935e-02
2.718750125e+03  3.7469718e-02  3.36704e-04  3.74697e-02
2.718711286e+03  3.7011591e-02  3.63449e-04  3.70116e-02
2.718672448e+03  3.7480098e-02  4.29088e-04  3.74801e-02
2.718633610e+03  3.7488628e-02  4.24639e-04  3.74886e-02
2.718594773e+03  3.7477760e-02  3.78220e-04  3.74778e-02
2.718555937e+03  3.7500107e-02  3.78132e-04  3.75001e-02
2.718517101e+03  3.7492066e-02  3.58539e-04  3.74921e-02
2.718478265e+03  3.7510256e-02  3.33144e-04  3.75103e-02
2.718439430e+03  3.7516536e-02  3.20058e-04  3.75165e-02
2.718400596e+03  3.7506059e-02  3.13623e-04  3.75061e-02
2.718361762e+03  3.7334281e-02  3.09228e-04  3.73343e-02
2.718322929e+03  3.7531055e-02  3.07451e-04  3.75311e-02
2.718284097e+03  3.7538261e-02  3.06208e-04  3.75383e-02
2.718245264e+03  3.7543686e-02  3.06006e-04  3.75437e-02
2.718206433e+03  3.7548402e-02  3.07592e-04  3.75484e-02
2.718167602e+03  3.7554462e-02  3.07095e-04  3.75545e-02
2.718128772e+03  3.7559801e-02  3.10903e-04  3.75598e-02
2.718089942e+03  3.7564949e-02  3.10273e-04  3.75649e-02
2.718051112e+03  3.7566940e-02  3.20196e-04  3.75669e-02
2.718012284e+03  3.7575840e-02  3.12718e-04  3.75758e-02
2.717973455e+03  3.7576194e-02  3.09305e-04  3.75762e-02
2.717934628e+03  3.7583172e-02  3.09616e-04  3.75832e-02
2.717895801e+03  3.7090746e-02  3.08548e-04  3.70907e-02
2.717856974e+03  3.7596278e-02  3.12226e-04  3.75963e-02
2.717818148e+03  3.7601636e-02  3.21466e-04  3.76016e-02
2.717779323e+03  3.7608247e-02  3.54723e-04  3.76082e-02
2.717740498e+03  3.7613659e-02  4.33808e-04  3.76137e-02
2.717701674e+03  3.7618922e-02  3.62141e-04  3.76189e-02
2.717662850e+03  3.7611592e-02  3.23153e-04  3.76116e-02
2.717624027e+03  3.7327402e-02  3.12388e-04  3.73274e-02
2.717585204e+03  3.7627923e-02  3.09951e-04  3.76279e-02
2.717546382e+03  3.7640488e-02  3.08258e-04  3.76405e-02
2.717507560e+03  3.7646069e-02  3.09094e-04  3.76461e-02
2.717468739e+03  3.7651516e-02  3.12995e-04  3.76515e-02
2.717429919e+03  3.7656642e-02  3.19196e-04  3.76566e-02
2.717391099e+03  3.7662289e-02  3.11862e-04  3.76623e-02
2.717352280e+03  3.7652368e-02  3.12824e-04  3.76524e-02
2.717313461e+03  3.7659665e-02  3.39836e-04  3.76597e-02
2.717274643e+03  3.7652437e-02  3.36350e-04  3.76524e-02
2.717235825e+03  3.7682397e-02  3.33021e-04  3.76824e-02
2.717197008e+03  3.7689215e-02  3.51014e-04  3.76892e-02
2.717158192e+03  3.7688443e-02  3.17989e-04  3.76884e-02
2.717119376e+03  3.7699467e-02  3.12170e-04  3.76995e-02
2.717080560e+03  3.7528003e-02  3.09022e-04  3.75280e-02
2.717041745e+03  3.7706977e-02  3.09443e-04  3.77070e-02
2.717002931e+03  3.7710919e-02  3.11479e-04  3.77109e-02
2.716964117e+03  3.7538983e-02  3.18223e-04  3.75390e-02
2.716925304e+03  3.7725239e-02  3.33918e-04  3.77252e-02
2.716886491e+03  3.7494695e-02  3.36735e-04  3.74947e-02
2.716847679e+03  3.7737261e-02  3.33248e-04  3.77373e-02
2.716808868e+03  3.7743281e-02  3.41857e-04  3.77433e-02
2.716770057e+03  3.7748159e-02  3.27996e-04  3.77482e-02
2.716731246e+03  3.7752606e-02  3.14332e-04  3.77526e-02
2.716692436e+03  3.7753120e-02  3.09552e-04  3.77531e-02
2.716653627e+03  3.7765027e-02  3.07129e-04  3.77650e-02
2.716614818e+03  3.7770244e-02  3.06184e-04  3.77702e-02
2.716576010e+03  3.7773740e-02  3.05937e-04  3.77737e-02
2.716537202e+03  3.7780969e-02  3.06355e-04  3.77810e-02
2.716498395e+03  3.7785758e-02  3.07072e-04  3.77858e-02
2.716459589e+03  3.7784135e-02  3.07970e-04  3.77841e-02
2.716420783e+03  3.7083622e-02  3.09161e-04  3.70836e-02
2.716381977e+03  3.7799349e-02  3.14944e-04  3.77993e-02
2.716343172e+03  3.7807617e-02  3.23040e-04  3.78076e-02
2.716304368e+03  3.7812511e-02  3.44366e-04  3.78125e-02
2.716265564e+03  3.7818951e-02  3.68848e-04  3.78190e-02
2.716226761e+03  3.7824319e-02  3.48009e-04  3.78243e-02
2.716187958e+03  3.7828988e-02  3.25701e-04  3.78290e-02
2.716149156e+03  3.7515771e-02  3.16537e-04  3.75158e-02
2.716110354e+03  3.7500023e-02  3.14007e-04  3.75000e-02
2.716071553e+03  3.7836664e-02  3.15001e-04  3.78367e-02
2.716032753e+03  3.7835760e-02  3.21028e-04  3.78358e-02
2.715993953e+03  3.7855555e-02  3.42750e-04  3.78556e-02
2.715955154e+03  3.7862536e-02  3.81451e-04  3.78625e-02
2.715916355e+03  3.7868004e-02  3.48022e-04  3.78680e-02
2.715877557e+03  3.7873416e-02  3.21662e-04  3.78734e-02
2.715838759e+03  3.7876784e-02  3.14630e-04  3.78768e-02
2.715799962e+03  3.7877106e-02  3.10835e-04  3.78771e-02
2.715761165e+03  3.7889683e-02  3.08112e-04  3.78897e-02
2.715722369e+03  3.7893903e-02  3.06571e-04  3.78939e-02
2.715683574e+03  3.7900441e-02  3.06241e-04  3.79004e-02
2.715644779e+03  3.7896995e-02  3.06758e-04  3.78970e-02
2.715605984e+03  3.7907622e-02  3.07420e-04  3.79076e-02
2.715567191e+03  3.7714241e-02  3.09601e-04  3.77142e-02
2.715528397e+03  3.7920319e-02  3.09525e-04  3.79203e-02
2.715489605e+03  3.7924281e-02  3.12255e-04  3.79243e-02
2.715450812e+03  3.7931695e-02  3.19585e-04  3.79317e-02
2.715412021e+03  3.7693731e-02  3.31943e-04  3.76937e-02
2.715373230e+03  3.7925863e-02  3.27971e-04  3.79259e-02
2.715334439e+03  3.7948778e-02  3.17207e-04  3.79488e-02
2.715295649e+03  3.7954395e-02  3.10483e-04  3.79544e-02
2.715256860e+03  3.7955630e-02  3.09015e-04  3.79556e-02
2.715218071e+03  3.7894277e-02  3.09865e-04  3.78943e-02
2.715179283e+03  3.7967924e-02  3.10979e-04  3.79679e-02
2.715140495e+03  3.7399738e-02  3.13518e-04  3.73997e-02
2.715101708e+03  3.7528105e-02  3.23707e-04  3.75281e-02
2.715062921e+03  3.7984280e-02  3.37689e-04  3.79843e-02
2.715024135e+03  3.7928371e-02  3.43351e-04  3.79284e-02
2.714985350e+03  3.7957478e-02  3.66303e-04  3.79575e-02
2.714946565e+03  3.8002355e-02  3.75692e-04  3.80024e-02
2.714907780e+03  3.8005223e-02  3.50450e-04  3.80052e-02
2.714868997e+03  3.8013874e-02  3.51457e-04  3.80139e-02
2.714830213e+03  3.8019880e-02  3.63795e-04  3.80199e-02
2.714791431e+03  3.8025475e-02  3.41755e-04  3.80255e-02
2.714752648e+03  3.8030777e-02  3.94740e-04  3.80308e-02
2.714713867e+03  3.8032408e-02  3.33724e-04  3.80324e-02
2.714675086e+03  3.7720818e-02  3.13848e-04  3.77208e-02
2.714636305e+03  3.8041278e-02  3.10234e-04  3.80413e-02
2.714597525e+03  3.8036265e-02  3.10783e-04  3.80363e-02
2.714558746e+03  3.8058139e-02  3.15976e-04  3.80581e-02
2.714519967e+03  3.8063669e-02  3.21635e-04  3.80637e-02
2.714481189e+03  3.8069140e-02  3.13635e-04  3.80691e-02
2.714442411e+03  3.8074580e-02  3.16465e-04  3.80746e-02
2.714403634e+03  3.8069786e-02  3.13478e-04  3.80698e-02
2.714364857e+03  3.8083950e-02  3.08534e-04  3.80839e-02
2.714326081e+03  3.8080368e-02  3.09235e-04  3.80804e-02
2.714287305e+03  3.8096385e-02  3.06332e-04  3.80964e-02
2.714248530e+03  3.8100208e-02  3.09240e-04  3.81002e-02
2.714209756e+03  3.8106329e-02  3.20588e-04  3.81063e-02
2.714170982e+03  3.8112797e-02  3.09204e-04  3.81128e-02
2.714132209e+03  3.8118239e-02  3.05836e-04  3.81182e-02
2.714093436e+03  3.8123591e-02  3.04581e-04  3.81236e-02
2.714054664e+03  3.8104632e-02  3.04352e-04  3.81046e-02
2.714015892e+03  3.8060195e-02  3.04905e-04  3.80602e-02
2.713977121e+03  3.8138434e-02  3.05823e-04  3.81384e-02
2.713938351e+03  3.8022920e-02  3.08536e-04  3.80229e-02
2.713899581e+03  3.8010231e-02  3.19402e-04  3.80102e-02
2.713860811e+03  3.8142146e-02  3.31712e-04  3.81421e-02
2.713822042e+03  3.8159608e-02  3.15524e-04  3.81596e-02
2.713783274e+03  3.8167383e-02  3.07694e-04  3.81674e-02
2.713744506e+03  3.8171588e-02  3.05832e-04  3.81716e-02
2.713705739e+03  3.8178343e-02  3.07147e-04  3.81783e-02
2.713666972e+03  3.8182070e-02  3.17782e-04  3.81821e-02
2.713628206e+03  3.8189258e-02  3.09276e-04  3.81893e-02
2.713589441e+03  3.8194703e-02  3.05117e-04  3.81947e-02
2.713550676e+03  3.8197197e-02  3.04053e-04  3.81972e-02
2.713511911e+03  3.8205655e-02  3.03472e-04  3.82057e-02
2.713473147e+03  3.8211104e-02  3.03457e-04  3.82111e-02
2.713434384e+03  3.8215629e-02  3.03331e-04  3.82156e-02
2.713395621e+03  3.8215968e-02  3.03685e-04  3.82160e-02
2.713356859e+03  3.8200521e-02  3.03736e-04  3.82005e-02
2.713318097e+03  3.8232856e-02  3.04030e-04  3.82329e-02
2.713279336e+03  3.8237609e-02  3.05469e-04  3.82376e-02
2.713240575e+03  3.8243628e-02  3.08165e-04  3.82436e-02
2.713201815e+03  3.8243615e-02  3.10757e-04  3.82436e-02
2.713163056e+03  3.7990808e-02  3.06955e-04  3.79908e-02
2.713124297e+03  3.8259854e-02  3.04892e-04  3.82599e-02
2.713085539e+03  3.8249579e-02  3.04529e-04  3.82496e-02
2.713046781e+03  3.8271105e-02  3.05122e-04  3.82711e-02
2.713008024e+03  3.8276640e-02  3.04474e-04  3.82766e-02
2.712969267e+03  3.8282094e-02  3.04972e-04  3.82821e-02
2.712930511e+03  3.8285572e-02  3.07176e-04  3.82856e-02
2.712891755e+03  3.8247483e-02  3.04851e-04  3.82475e-02
2.712853000e+03  3.8293111e-02  3.04822e-04  3.82931e-02
2.712814246e+03  3.8303949e-02  3.06469e-04  3.83039e-02
2.712775492e+03  3.8309501e-02  3.11534e-04  3.83095e-02
2.712736738e+03  3.8314984e-02  3.23965e-04  3.83150e-02
2.712697985e+03  3.8319633e-02  3.13324e-04  3.83196e-02
2.712659233e+03  3.8325929e-02  3.07469e-04  3.83259e-02
2.712620481e+03  3.8331416e-02  3.05862e-04  3.83314e-02
2.712581730e+03  3.8336209e-02  3.05469e-04  3.83362e-02
2.712542980e+03  3.8341722e-02  3.05833e-04  3.83417e-02
2.712504230e+03  3.8347645e-02  3.06383e-04  3.83476e-02
2.712465480e+03  3.8350873e-02  3.07226e-04  3.83509e-02
2.712426731e+03  3.8089126e-02  3.07989e-04  3.80891e-02
2.712387983e+03  3.8363734e-02  3.11766e-04  3.83637e-02
2.712349235e+03  3.8369600e-02  3.15810e-04  3.83696e-02
2.712310488e+03  3.8359687e-02  3.25496e-04  3.83597e-02
2.712271741e+03  3.8380762e-02  3.66285e-04  3.83808e-02
2.712232995e+03  3.8383889e-02  3.43349e-04  3.83839e-02
2.712194249e+03  3.8390231e-02  3.64151e-04  3.83902e-02
2.712155504e+03  3.8397325e-02  5.76729e-04  3.83973e-02
2.712116759e+03  3.8402821e-02  6.65429e-04  3.84028e-02
2.712078015e+03  3.8408309e-02  5.70284e-04  3.84083e-02
2.712039272e+03  3.8413751e-02  5.93482e-04  3.84138e-02
2.712000529e+03  3.8418780e-02  4.51309e-04  3.84188e-02
2.711961787e+03  3.8424028e-02  3.53196e-04  3.84240e-02
2.711923045e+03  3.8429591e-02  3.39955e-04  3.84296e-02
2.711884304e+03  3.8435639e-02  3.25904e-04  3.84356e-02
2.711845563e+03  3.8430958e-02  3.27880e-04  3.84310e-02
2.711806823e+03  3.8436607e-02  3.53043e-04  3.84366e-02
2.711768084e+03  3.8425181e-02  5.00512e-04  3.84252e-02
2.711729345e+03  3.8455775e-02  3.86830e-04  3.84558e-02
2.711690606e+03  3.8174872e-02  3.37098e-04  3.81749e-02
2.711651868e+03  3.8453289e-02  3.27895e-04  3.84533e-02
2.711613131e+03  3.8456773e-02  3.31442e-04  3.84568e-02
2.711574394e+03  3.8463956e-02  3.41018e-04  3.84640e-02
2.711535658e+03  3.8479139e-02  3.36586e-04  3.84791e-02
2.711496922e+03  3.8490624e-02  3.38819e-04  3.84906e-02
2.711458187e+03  3.8494666e-02  3.40294e-04  3.84947e-02
2.711419453e+03  3.8501370e-02  3.49698e-04  3.85014e-02
2.711380719e+03  3.8504270e-02  3.85748e-04  3.85043e-02
2.711341985e+03  3.8501926e-02  5.70152e-04  3.85019e-02
2.711303252e+03  3.8518156e-02  5.41287e-04  3.85182e-02
2.711264520e+03  3.8523654e-02  5.42989e-04  3.85237e-02
2.711225788e+03  3.8529083e-02  4.13189e-04  3.85291e-02
2.711187057e+03  3.8522306e-02  3.37293e-04  3.85223e-02
2.711148326e+03  3.8537336e-02  3.20859e-04  3.85373e-02
2.711109596e+03  3.8328340e-02  3.15348e-04  3.83283e-02
2.711070866e+03  3.8549985e-02  3.14842e-04  3.85500e-02
2.711032137e+03  3.8555851e-02  3.18348e-04  3.85559e-02
2.710993409e+03  3.8561235e-02  3.30551e-04  3.85612e-02
2.710954681e+03  3.8300437e-02  3.68553e-04  3.83004e-02
2.710915954e+03  3.8572386e-02  3.30373e-04  3.85724e-02
2.710877227e+03  3.8575503e-02  3.15007e-04  3.85755e-02
2.710838501e+03  3.8584166e-02  3.10269e-04  3.85842e-02
2.710799775e+03  3.8575127e-02  3.07749e-04  3.85751e-02
2.710761050e+03  3.8594846e-02  3.06660e-04  3.85948e-02
2.710722325e+03  3.8599732e-02  3.06185e-04  3.85997e-02
2.710683601e+03  3.8605933e-02  3.06264e-04  3.86059e-02
2.710644878e+03  3.8532712e-02  3.06080e-04  3.85327e-02
2.710606155e+03  3.8616689e-02  3.06617e-04  3.86167e-02
2.710567432e+03  3.8622380e-02  3.07881e-04  3.86224e-02
2.710528710e+03  3.8551352e-02  3.11239e-04  3.85514e-02
2.710489989e+03  3.8616806e-02  3.16347e-04  3.86168e-02
2.710451268e+03  3.8639237e-02  3.15172e-04  3.86392e-02
2.710412548e+03  3.8643997e-02  3.12967e-04  3.86440e-02
2.710373829e+03  3.8650421e-02  3.15026e-04  3.86504e-02
2.710335109e+03  3.8655925e-02  3.17771e-04  3.86559e-02
2.710296391e+03  3.8661186e-02  3.11935e-04  3.86612e-02
2.710257673e+03  3.8666284e-02  3.07516e-04  3.86663e-02
2.710218956e+03  3.8407583e-02  3.05531e-04  3.84076e-02
2.710180239e+03  3.8626889e-02  3.05276e-04  3.86269e-02
2.710141522e+03  3.8683308e-02  3.05712e-04  3.86833e-02
2.710102807e+03  3.8689045e-02  3.06213e-04  3.86890e-02
2.710064091e+03  3.8694448e-02  3.08686e-04  3.86944e-02
2.710025377e+03  3.8685078e-02  3.10281e-04  3.86851e-02
2.709986663e+03  3.8705676e-02  3.07743e-04  3.87057e-02
2.709947949e+03  3.8711240e-02  3.06553e-04  3.87112e-02
2.709909236e+03  3.8716766e-02  3.09040e-04  3.87168e-02
2.709870524e+03  3.8721639e-02  3.06104e-04  3.87216e-02
2.709831812e+03  3.8727775e-02  3.04990e-04  3.87278e-02
2.709793100e+03  3.8733307e-02  3.04517e-04  3.87333e-02
2.709754390e+03  3.8738707e-02  3.04587e-04  3.87387e-02
2.709715679e+03  3.8744331e-02  3.05159e-04  3.87443e-02
2.709676970e+03  3.8749494e-02  3.04753e-04  3.87495e-02
2.709638261e+03  3.8754909e-02  3.04903e-04  3.87549e-02
2.709599552e+03  3.8760668e-02  3.05381e-04  3.87607e-02
2.709560844e+03  3.8762482e-02  3.06117e-04  3.87625e-02
2.709522137e+03  3.8741131e-02  3.08036e-04  3.87411e-02
2.709483430e+03  3.8230593e-02  3.08626e-04  3.82306e-02
2.709444723e+03  3.8780463e-02  3.13077e-04  3.87805e-02
2.709406018e+03  3.8788132e-02  3.25574e-04  3.87881e-02
2.709367312e+03  3.8793941e-02  3.30427e-04  3.87939e-02
2.709328608e+03  3.8799553e-02  3.34315e-04  3.87996e-02
2.709289904e+03  3.8790725e-02  3.22841e-04  3.87907e-02
2.709251200e+03  3.8804741e-02  3.14512e-04  3.88047e-02
2.709212497e+03  3.8816187e-02  3.10760e-04  3.88162e-02
2.709173794e+03  3.8821808e-02  3.10310e-04  3.88218e-02
2.709135092e+03  3.8827362e-02  3.13032e-04  3.88274e-02
2.709096391e+03  3.8832894e-02  3.24365e-04  3.88329e-02
2.709057690e+03  3.8833030e-02  3.80582e-04  3.88330e-02
2.709018990e+03  3.8843495e-02  3.46099e-04  3.88435e-02
2.708980290e+03  3.8849116e-02  3.15136e-04  3.88491e-02
2.708941591e+03  3.8855045e-02  3.10498e-04  3.88550e-02
2.708902893e+03  3.8856933e-02  3.09824e-04  3.88569e-02
2.708864194e+03  3.8860526e-02  3.10625e-04  3.88605e-02
2.708825497e+03  3.8871253e-02  3.15593e-04  3.88713e-02
2.708786800e+03  3.8876824e-02  3.11727e-04  3.88768e-02
2.708748104e+03  3.8645387e-02  3.17405e-04  3.86454e-02
2.708709408e+03  3.8885497e-02  3.23889e-04  3.88855e-02
2.708670712e+03  3.8893609e-02  3.11033e-04  3.88936e-02
2.708632018e+03  3.8899214e-02  3.07988e-04  3.88992e-02
2.708593324e+03  3.8904794e-02  3.07174e-04  3.89048e-02
2.708554630e+03  3.8909219e-02  3.07111e-04  3.89092e-02
2.708515937e+03  3.8903362e-02  3.07009e-04  3.89034e-02
2.708477244e+03  3.8920892e-02  3.07647e-04  3.89209e-02
2.708438552e+03  3.8925712e-02  3.08998e-04  3.89257e-02
2.708399861e+03  3.8928874e-02  3.10306e-04  3.89289e-02
2.708361170e+03  3.8903391e-02  3.12845e-04  3.89034e-02
2.708322480e+03  3.7196808e-02  3.14925e-04  3.71968e-02
2.708283790e+03  3.8939735e-02  3.25563e-04  3.89397e-02
2.708245101e+03  3.8949153e-02  3.43922e-04  3.89492e-02
2.708206412e+03  3.8959502e-02  3.83157e-04  3.89595e-02
2.708167724e+03  3.8965534e-02  4.16314e-04  3.89655e-02
2.708129036e+03  3.8970917e-02  3.77913e-04  3.89709e-02
2.708090349e+03  3.8958718e-02  3.41542e-04  3.89587e-02
2.708051663e+03  3.8982302e-02  3.24460e-04  3.89823e-02
2.708012977e+03  3.8774917e-02  3.16682e-04  3.87749e-02
2.707974292e+03  3.8983213e-02  3.13668e-04  3.89832e-02
2.707935607e+03  3.8999217e-02  3.13794e-04  3.89992e-02
2.707896923e+03  3.8996039e-02  3.11288e-04  3.89960e-02
2.707858239e+03  3.9010523e-02  3.08779e-04  3.90105e-02
2.707819556e+03  3.9015269e-02  3.07808e-04  3.90153e-02
2.707780873e+03  3.9016019e-02  3.07958e-04  3.90160e-02
2.707742191e+03  3.9015934e-02  3.08471e-04  3.90159e-02
2.707703510e+03  3.9032342e-02  3.08423e-04  3.90323e-02
2.707664829e+03  3.9038490e-02  3.10422e-04  3.90385e-02
2.707626148e+03  3.9042955e-02  3.13028e-04  3.90430e-02
2.707587469e+03  3.9047095e-02  3.08273e-04  3.90471e-02
2.707548789e+03  3.9054971e-02  3.06141e-04  3.90550e-02
2.707510111e+03  3.9060743e-02  3.05631e-04  3.90607e-02
2.707471432e+03  3.9066291e-02  3.05467e-04  3.90663e-02
2.707432755e+03  3.9071813e-02  3.05410e-04  3.90718e-02
2.707394078e+03  3.9077270e-02  3.05940e-04  3.90773e-02
2.707355401e+03  3.9082641e-02  3.06197e-04  3.90826e-02
2.707316725e+03  3.9087864e-02  3.08552e-04  3.90879e-02
2.707278050e+03  3.8937857e-02  3.08550e-04  3.89379e-02
2.707239375e+03  3.8902223e-02  3.07309e-04  3.89022e-02
2.707200701e+03  3.9026554e-02  3.08739e-04  3.90266e-02
2.707162027e+03  3.9109621e-02  3.14278e-04  3.91096e-02
2.707123354e+03  3.9082869e-02  3.19091e-04  3.90829e-02
2.707084681e+03  3.9082630e-02  3.21536e-04  3.90826e-02
2.707046009e+03  3.9126888e-02  3.19390e-04  3.91269e-02
2.707007338e+03  3.9123246e-02  3.15835e-04  3.91232e-02
2.706968667e+03  3.9134373e-02  3.12785e-04  3.91344e-02
2.706929996e+03  3.9144264e-02  3.11351e-04  3.91443e-02
2.706891326e+03  3.9149887e-02  3.08769e-04  3.91499e-02
2.706852657e+03  3.9155236e-02  3.07254e-04  3.91552e-02
2.706813988e+03  3.9161060e-02  3.06384e-04  3.91611e-02
2.706775320e+03  3.9166642e-02  3.06402e-04  3.91666e-02
2.706736652e+03  3.9172219e-02  3.06141e-04  3.91722e-02
2.706697985e+03  3.9177790e-02  3.05573e-04  3.91778e-02
2.706659319e+03  3.9183347e-02  3.05702e-04  3.91833e-02
2.706620653e+03  3.9188659e-02  3.05530e-04  3.91887e-02
2.706581987e+03  3.9189751e-02  3.05884e-04  3.91898e-02
2.706543322e+03  3.9192308e-02  3.06234e-04  3.91923e-02
2.706504658e+03  3.9029016e-02  3.06666e-04  3.90290e-02
2.706465994e+03  3.9210620e-02  3.07938e-04  3.92106e-02
2.706427331e+03  3.9215477e-02  3.13939e-04  3.92155e-02
2.706388668e+03  3.9069923e-02  3.17319e-04  3.90699e-02
2.706350006e+03  3.8833793e-02  3.16830e-04  3.88338e-02
2.706311344e+03  3.9228655e-02  3.18736e-04  3.92287e-02
2.706272683e+03  3.9238772e-02  3.21638e-04  3.92388e-02
2.706234023e+03  3.9233186e-02  3.34165e-04  3.92332e-02
2.706195363e+03  3.9250304e-02  3.40367e-04  3.92503e-02
2.706156704e+03  3.9255987e-02  3.27564e-04  3.92560e-02
2.706118045e+03  3.9261512e-02  3.16309e-04  3.92615e-02
2.706079386e+03  3.9267187e-02  3.11736e-04  3.92672e-02
2.706040729e+03  3.9272835e-02  3.09152e-04  3.92728e-02
2.706002072e+03  3.9278397e-02  3.07506e-04  3.92784e-02
2.705963415e+03  3.9282109e-02  3.07089e-04  3.92821e-02
2.705924759e+03  3.9289607e-02  3.06275e-04  3.92896e-02
2.705886103e+03  3.9295180e-02  3.05831e-04  3.92952e-02
2.705847448e+03  3.9300522e-02  3.05657e-04  3.93005e-02
2.705808794e+03  3.9304556e-02  3.05585e-04  3.93046e-02
2.705770140e+03  3.9157198e-02  3.05376e-04  3.91572e-02
2.705731487e+03  3.9317329e-02  3.06254e-04  3.93173e-02
2.705692834e+03  3.9322146e-02  3.05360e-04  3.93221e-02
2.705654182e+03  3.9322530e-02  3.05183e-04  3.93225e-02
2.705615530e+03  3.9334403e-02  3.06294e-04  3.93344e-02
2.705576879e+03  3.9340045e-02  3.06773e-04  3.93400e-02
2.705538229e+03  3.9345658e-02  3.06184e-04  3.93457e-02
2.705499579e+03  3.9351232e-02  3.06697e-04  3.93512e-02
2.705460929e+03  3.9348108e-02  3.06174e-04  3.93481e-02
2.705422280e+03  3.9362385e-02  3.05333e-04  3.93624e-02
2.705383632e+03  3.9368082e-02  3.05048e-04  3.93681e-02
2.705344984e+03  3.9373716e-02  3.05223e-04  3.93737e-02
2.705306337e+03  3.9378707e-02  3.04898e-04  3.93787e-02
2.705267690e+03  3.9384931e-02  3.04924e-04  3.93849e-02
2.705229044e+03  3.9390223e-02  3.05239e-04  3.93902e-02
2.705190399e+03  3.9395767e-02  3.05316e-04  3.93958e-02
2.705151753e+03  3.9401723e-02  3.06813e-04  3.94017e-02
2.705113109e+03  3.9407240e-02  3.06591e-04  3.94072e-02
2.705074465e+03  3.9411896e-02  3.05790e-04  3.94119e-02
2.705035822e+03  3.9287572e-02  3.05708e-04  3.92876e-02
2.704997179e+03  3.9423867e-02  3.05678e-04  3.94239e-02
2.704958537e+03  3.9429018e-02  3.05882e-04  3.94290e-02
2.704919895e+03  3.9435232e-02  3.06388e-04  3.94352e-02
2.704881254e+03  3.9441004e-02  3.07392e-04  3.94410e-02
2.704842613e+03  3.9446619e-02  3.09419e-04  3.94466e-02
2.704803973e+03  3.9452210e-02  3.14121e-04  3.94522e-02
2.704765334e+03  3.9456072e-02  3.32661e-04  3.94561e-02
2.704726695e+03  3.9462085e-02  3.98884e-04  3.94621e-02
2.704688056e+03  3.9462322e-02  3.35442e-04  3.94623e-02
2.704649418e+03  3.9474398e-02  3.27172e-04  3.94744e-02
2.704610781e+03  3.9425961e-02  3.75262e-04  3.94260e-02
2.704572144e+03  3.9485524e-02  3.52381e-04  3.94855e-02
2.704533508e+03  3.9491490e-02  3.52383e-04  3.94915e-02
2.704494873e+03  3.9497130e-02  3.20221e-04  3.94971e-02
2.704456237e+03  3.9502726e-02  3.15949e-04  3.95027e-02
2.704417603e+03  3.9497794e-02  3.11843e-04  3.94978e-02
2.704378969e+03  3.9511901e-02  3.09181e-04  3.95119e-02
2.704340335e+03  3.9513677e-02  3.08293e-04  3.95137e-02
2.704301703e+03  3.9427098e-02  3.09025e-04  3.94271e-02
2.704263070e+03  3.9530621e-02  3.07668e-04  3.95306e-02
2.704224438e+03  3.9535832e-02  3.07483e-04  3.95358e-02
2.704185807e+03  3.9542136e-02  3.06767e-04  3.95421e-02
2.704147177e+03  3.9547782e-02  3.07477e-04  3.95478e-02
2.704108546e+03  3.9553419e-02  3.12237e-04  3.95534e-02
2.704069917e+03  3.9559054e-02  3.07473e-04  3.95591e-02
2.704031288e+03  3.9564636e-02  3.06169e-04  3.95646e-02
2.703992659e+03  3.9570302e-02  3.05457e-04  3.95703e-02
2.703954031e+03  3.9568876e-02  3.05287e-04  3.95689e-02
2.703915404e+03  3.9581491e-02  3.05302e-04  3.95815e-02
2.703876777e+03  3.9587075e-02  3.05750e-04  3.95871e-02
2.703838151e+03  3.9592843e-02  3.05620e-04  3.95928e-02
2.703799525e+03  3.9598459e-02  3.05337e-04  3.95985e-02
2.703760900e+03  3.9601082e-02  3.05310e-04  3.96011e-02
2.703722276e+03  3.9609718e-02  3.05912e-04  3.96097e-02
2.703683652e+03  3.9615344e-02  3.05769e-04  3.96153e-02
2.703645028e+03  3.9620945e-02  3.06369e-04  3.96209e-02
2.703606405e+03  3.9626320e-02  3.08174e-04  3.96263e-02
2.703567783e+03  3.9565713e-02  3.11683e-04  3.95657e-02
2.703529161e+03  3.9637651e-02  3.06495e-04  3.96377e-02
2.703490540e+03  3.9642384e-02  3.05601e-04  3.96424e-02
2.703451919e+03  3.9649132e-02  3.05484e-04  3.96491e-02
2.703413299e+03  3.9654785e-02  3.05924e-04  3.96548e-02
2.703374679e+03  3.9660196e-02  3.06839e-04  3.96602e-02
2.703336060e+03  3.9665773e-02  3.10886e-04  3.96658e-02
2.703297441e+03  3.9671585e-02  3.08979e-04  3.96716e-02
2.703258823e+03  3.9649937e-02  3.09236e-04  3.96499e-02
2.703220206e+03  3.9682392e-02  3.07094e-04  3.96824e-02
2.703181589e+03  3.9682270e-02  3.07190e-04  3.96823e-02
2.703142973e+03  3.9691394e-02  3.08193e-04  3.96914e-02
2.703104357e+03  3.9699757e-02  3.10871e-04  3.96998e-02
2.703065742e+03  3.9705293e-02  3.12182e-04  3.97053e-02
2.703027127e+03  3.9705625e-02  3.08652e-04  3.97056e-02
2.702988513e+03  3.9716834e-02  3.07085e-04  3.97168e-02
2.702949899e+03  3.9722529e-02  3.07522e-04  3.97225e-02
2.702911286e+03  3.9728142e-02  3.08477e-04  3.97281e-02
2.702872674e+03  3.9733728e-02  3.09426e-04  3.97337e-02
2.702834062e+03  3.9705936e-02  3.16155e-04  3.97059e-02
2.702795451e+03  3.9744566e-02  3.24324e-04  3.97446e-02
2.702756840e+03  3.9750745e-02  3.12601e-04  3.97507e-02
2.702718230e+03  3.9756434e-02  3.16454e-04  3.97564e-02
2.702679620e+03  3.9762090e-02  3.17578e-04  3.97621e-02
2.702641011e+03  3.9767742e-02  3.22978e-04  3.97677e-02
2.702602402e+03  3.9773248e-02  3.10452e-04  3.97732e-02
2.702563794e+03  3.9779031e-02  3.07366e-04  3.97790e-02
2.702525187e+03  3.9779804e-02  3.06700e-04  3.97798e-02
2.702486580e+03  3.9789797e-02  3.07763e-04  3.97898e-02
2.702447973e+03  3.9795924e-02  3.08507e-04  3.97959e-02
2.702409367e+03  3.9796007e-02  3.12170e-04  3.97960e-02
2.702370762e+03  3.9807074e-02  3.08795e-04  3.98071e-02
2.702332157e+03  3.9787881e-02  3.08240e-04  3.97879e-02
2.702293553e+03  3.9690854e-02  3.07750e-04  3.96909e-02
2.702254949e+03  3.9797451e-02  3.08978e-04  3.97975e-02
2.702216346e+03  3.9829500e-02  3.12054e-04  3.98295e-02
2.702177744e+03  3.9835594e-02  3.20188e-04  3.98356e-02
2.702139142e+03  3.9841301e-02  3.28589e-04  3.98413e-02
2.702100540e+03  3.9846985e-02  3.26660e-04  3.98470e-02
2.702061939e+03  3.9852303e-02  3.17316e-04  3.98523e-02
2.702023339e+03  3.9858325e-02  3.16452e-04  3.98583e-02
2.701984739e+03  3.9864010e-02  3.10184e-04  3.98640e-02
2.701946140e+03  3.9869656e-02  3.10301e-04  3.98697e-02
2.701907541e+03  3.9874794e-02  3.19730e-04  3.98748e-02
2.701868943e+03  3.9878559e-02  3.10827e-04  3.98786e-02
2.701830346e+03  3.9886619e-02  3.07269e-04  3.98866e-02
2.701791749e+03  3.9892350e-02  3.06888e-04  3.98924e-02
2.701753152e+03  3.9898016e-02  3.06912e-04  3.98980e-02
2.701714556e+03  3.9903679e-02  3.06515e-04  3.99037e-02
2.701675961e+03  3.9905101e-02  3.06957e-04  3.99051e-02
2.701637366e+03  3.9914326e-02  3.07294e-04  3.99143e-02
2.701598772e+03  3.9920679e-02  3.07166e-04  3.99207e-02
2.701560178e+03  3.9926349e-02  3.06370e-04  3.99263e-02
2.701521585e+03  3.9931985e-02  3.07083e-04  3.99320e-02
2.701482992e+03  3.9937432e-02  3.06374e-04  3.99374e-02
2.701444400e+03  3.9943314e-02  3.05648e-04  3.99433e-02
2.701405809e+03  3.9948730e-02  3.05597e-04  3.99487e-02
2.701367218e+03  3.9921206e-02  3.05647e-04  3.99212e-02
2.701328627e+03  3.9959850e-02  3.05942e-04  3.99598e-02
2.701290038e+03  3.9965981e-02  3.06146e-04  3.99660e-02
2.701251448e+03  3.9969459e-02  3.06058e-04  3.99695e-02
2.701212860e+03  3.9977412e-02  3.05649e-04  3.99774e-02
2.701174271e+03  3.9983118e-02  3.05551e-04  3.99831e-02
2.701135684e+03  3.9988803e-02  3.05560e-04  3.99888e-02
2.701097097e+03  3.9994455e-02  3.05594e-04  3.99945e-02
2.701058510e+03  4.0000170e-02  3.06054e-04  4.00002e-02
2.701019924e+03  4.0005853e-02  3.05778e-04  4.00059e-02
2.700981339e+03  4.0011536e-02  3.05752e-04  4.00115e-02
2.700942754e+03  4.0017213e-02  3.06059e-04  4.00172e-02
2.700904169e+03  4.0018611e-02  3.06626e-04  4.00186e-02
2.700865586e+03  4.0028557e-02  3.07081e-04  4.00286e-02
2.700827002e+03  4.0034222e-02  3.06087e-04  4.00342e-02
2.700788420e+03  4.0039926e-02  3.05751e-04  4.00399e-02
2.700749837e+03  4.0045596e-02  3.05723e-04  4.00456e-02
2.700711256e+03  4.0051253e-02  3.05748e-04  4.00513e-02
2.700672675e+03  4.0056702e-02  3.05918e-04  4.00567e-02
2.700634094e+03  3.9994252e-02  3.06233e-04  3.99943e-02
2.700595514e+03  4.0067489e-02  3.07224e-04  4.00675e-02
2.700556935e+03  4.0073924e-02  3.06204e-04  4.00739e-02
2.700518356e+03  4.0079604e-02  3.06136e-04  4.00796e-02
2.700479778e+03  4.0085335e-02  3.06095e-04  4.00853e-02
2.700441200e+03  4.0091021e-02  3.06317e-04  4.00910e-02
2.700402623e+03  4.0096709e-02  3.08314e-04  4.00967e-02
2.700364046e+03  4.0102397e-02  3.10350e-04  4.01024e-02
2.700325470e+03  4.0108086e-02  3.07171e-04  4.01081e-02
2.700286895e+03  4.0113779e-02  3.06943e-04  4.01138e-02
2.700248320e+03  4.0119471e-02  3.06199e-04  4.01195e-02
2.700209745e+03  4.0125165e-02  3.06340e-04  4.01252e-02
2.700171171e+03  4.0130851e-02  3.06679e-04  4.01309e-02
2.700132598e+03  4.0132621e-02  3.06086e-04  4.01326e-02
2.700094025e+03  4.0142255e-02  3.06047e-04  4.01423e-02
2.700055453e+03  4.0147957e-02  3.05970e-04  4.01480e-02
2.700016882e+03  4.0151769e-02  3.06075e-04  4.01518e-02