# ------------------------------------------------------------------------
# Radiance spectrum
# NASA-GSFC Planetary Spectrum Generator (PSG) (Villanueva et al. 2018, 2022)
# Synthesized on Fri Aug 15 21:13:23 2025
# Doppler velocities [km/s] (vobs,vrot+vorb,vwidth,vrfl,vstr): -17.63700,-0.00000,0.01000,-1.06846,0.00000
# ------------------------------------------------------------------------
# Spectra synthesized with the Planetary and Universal Model of Atmospheric Scattering (PUMAS, Villanueva et al. 2018, 2022)
# Single scattering radiative transfer method
# Radiative transfer took 0.195 seconds
# ------------------------------------------------------------------------
# Spectral unit: Frequency[cm-1]
# Radiance unit: Spectral radiance [W/sr/m2/um]
# Wave/freq Total Noise Mars
2.740000000e+03  2.8325097e-01  5.26291e-04  2.83251e-01
2.739960858e+03  2.8274164e-01  5.23158e-04  2.82742e-01
2.739921716e+03  2.8288979e-01  5.22481e-04  2.82890e-01
2.739882575e+03  2.8234480e-01  5.21722e-04  2.82345e-01
2.739843434e+03  2.8218837e-01  5.21600e-04  2.82188e-01
2.739804294e+03  2.8277780e-01  5.22130e-04  2.82778e-01
2.739765155e+03  2.8092624e-01  5.21090e-04  2.80926e-01
2.739726016e+03  2.8309720e-01  5.23044e-04  2.83097e-01
2.739686877e+03  2.8391352e-01  5.24548e-04  2.83914e-01
2.739647739e+03  2.8189642e-01  5.24987e-04  2.81896e-01
2.739608602e+03  2.8396095e-01  5.30536e-04  2.83961e-01
2.739569465e+03  2.8362933e-01  5.29907e-04  2.83629e-01
2.739530329e+03  2.8386921e-01  5.29437e-04  2.83869e-01
2.739491194e+03  2.8290494e-01  5.30914e-04  2.82905e-01
2.739452059e+03  2.3119406e-01  4.92048e-04  2.31194e-01
2.739412924e+03  2.8358371e-01  5.28132e-04  2.83584e-01
2.739373790e+03  2.8390483e-01  5.28438e-04  2.83905e-01
2.739334657e+03  2.8373676e-01  5.31025e-04  2.83737e-01
2.739295524e+03  2.8258337e-01  5.52377e-04  2.82583e-01
2.739256392e+03  2.8240459e-01  5.39970e-04  2.82405e-01
2.739217260e+03  2.8270080e-01  5.30713e-04  2.82701e-01
2.739178129e+03  2.8202826e-01  5.28627e-04  2.82028e-01
2.739138999e+03  2.8325202e-01  5.30679e-04  2.83252e-01
2.739099869e+03  2.7841870e-01  5.31002e-04  2.78419e-01
2.739060739e+03  2.5837871e-01  5.21953e-04  2.58379e-01
2.739021610e+03  2.8359192e-01  5.52235e-04  2.83592e-01
2.738982482e+03  2.8376863e-01  5.75198e-04  2.83769e-01
2.738943354e+03  2.8244856e-01  6.21345e-04  2.82449e-01
2.738904227e+03  2.8319537e-01  6.41567e-04  2.83195e-01
2.738865100e+03  2.8352663e-01  6.06900e-04  2.83527e-01
2.738825974e+03  2.8323810e-01  6.19271e-04  2.83238e-01
2.738786849e+03  2.3523596e-01  5.72262e-04  2.35236e-01
2.738747724e+03  2.7998443e-01  5.62258e-04  2.79984e-01
2.738708599e+03  2.8316415e-01  5.79035e-04  2.83164e-01
2.738669476e+03  2.8305386e-01  5.52240e-04  2.83054e-01
2.738630352e+03  2.8344450e-01  5.36306e-04  2.83444e-01
2.738591229e+03  2.8343511e-01  5.31466e-04  2.83435e-01
2.738552107e+03  2.8249097e-01  5.27044e-04  2.82491e-01
2.738512986e+03  2.8140154e-01  5.25198e-04  2.81402e-01
2.738473865e+03  2.8196202e-01  5.24760e-04  2.81962e-01
2.738434744e+03  2.8283382e-01  5.24941e-04  2.82834e-01
2.738395624e+03  2.8334125e-01  5.25261e-04  2.83341e-01
2.738356505e+03  2.8362853e-01  5.25832e-04  2.83629e-01
2.738317386e+03  2.8363735e-01  5.26415e-04  2.83637e-01
2.738278268e+03  2.8369170e-01  5.27458e-04  2.83692e-01
2.738239150e+03  2.8346200e-01  5.29882e-04  2.83462e-01
2.738200033e+03  2.7329585e-01  5.32302e-04  2.73296e-01
2.738160916e+03  2.8276297e-01  5.86428e-04  2.82763e-01
2.738121800e+03  2.8151139e-01  5.58444e-04  2.81511e-01
2.738082685e+03  2.3372136e-01  5.22362e-04  2.33721e-01
2.738043570e+03  2.8266734e-01  5.66800e-04  2.82667e-01
2.738004456e+03  2.8354094e-01  5.50965e-04  2.83541e-01
2.737965342e+03  2.8354275e-01  5.37127e-04  2.83543e-01
2.737926229e+03  2.8328200e-01  5.31822e-04  2.83282e-01
2.737887116e+03  2.8331146e-01  5.27373e-04  2.83311e-01
2.737848004e+03  2.8333792e-01  5.25433e-04  2.83338e-01
2.737808892e+03  2.8340861e-01  5.24498e-04  2.83409e-01
2.737769781e+03  2.8334301e-01  5.23994e-04  2.83343e-01
2.737730671e+03  2.8325612e-01  5.24815e-04  2.83256e-01
2.737691561e+03  2.8326616e-01  5.23457e-04  2.83266e-01
2.737652452e+03  2.8334116e-01  5.23199e-04  2.83341e-01
2.737613343e+03  2.8329330e-01  5.25558e-04  2.83293e-01
2.737574235e+03  2.8325271e-01  5.27635e-04  2.83253e-01
2.737535127e+03  2.8314999e-01  5.22925e-04  2.83150e-01
2.737496020e+03  2.8300137e-01  5.23558e-04  2.83001e-01
2.737456913e+03  2.8282160e-01  5.25651e-04  2.82822e-01
2.737417807e+03  2.7227449e-01  5.17441e-04  2.72274e-01
2.737378702e+03  2.4693656e-01  4.99882e-04  2.46937e-01
2.737339597e+03  2.8272971e-01  5.29079e-04  2.82730e-01
2.737300493e+03  2.8193196e-01  5.26875e-04  2.81932e-01
2.737261389e+03  2.7191535e-01  5.31191e-04  2.71915e-01
2.737222286e+03  2.8269112e-01  5.42150e-04  2.82691e-01
2.737183183e+03  2.8287021e-01  5.82569e-04  2.82870e-01
2.737144081e+03  2.8291585e-01  5.69055e-04  2.82916e-01
2.737104980e+03  2.8300602e-01  5.75379e-04  2.83006e-01
2.737065879e+03  2.8309898e-01  5.59686e-04  2.83099e-01
2.737026778e+03  2.8316443e-01  5.44816e-04  2.83164e-01
2.736987679e+03  2.8304686e-01  5.31024e-04  2.83047e-01
2.736948579e+03  2.8302683e-01  5.26544e-04  2.83027e-01
2.736909481e+03  2.8300168e-01  5.26569e-04  2.83002e-01
2.736870382e+03  2.8306789e-01  5.24123e-04  2.83068e-01
2.736831285e+03  2.8280700e-01  5.23201e-04  2.82807e-01
2.736792188e+03  2.8311607e-01  5.24570e-04  2.83116e-01
2.736753091e+03  2.8300388e-01  5.22903e-04  2.83004e-01
2.736713995e+03  2.3981229e-01  4.92166e-04  2.39812e-01
2.736674900e+03  2.8299576e-01  5.27295e-04  2.82996e-01
2.736635805e+03  2.8326895e-01  5.26643e-04  2.83269e-01
2.736596711e+03  2.8325334e-01  5.22966e-04  2.83253e-01
2.736557617e+03  2.8291219e-01  5.24391e-04  2.82912e-01
2.736518524e+03  2.8317497e-01  5.25606e-04  2.83175e-01
2.736479432e+03  2.8322166e-01  5.22349e-04  2.83222e-01
2.736440340e+03  2.8298456e-01  5.21885e-04  2.82985e-01
2.736401248e+03  2.8277402e-01  5.21918e-04  2.82774e-01
2.736362157e+03  2.8320340e-01  5.22855e-04  2.83203e-01
2.736323067e+03  2.8328916e-01  5.24220e-04  2.83289e-01
2.736283977e+03  2.7927822e-01  5.23381e-04  2.79278e-01
2.736244888e+03  2.8314634e-01  5.25460e-04  2.83146e-01
2.736205799e+03  2.8327556e-01  5.29814e-04  2.83276e-01
2.736166711e+03  2.8321643e-01  5.35854e-04  2.83216e-01
2.736127624e+03  2.8318329e-01  5.50698e-04  2.83183e-01
2.736088537e+03  2.8314512e-01  5.66024e-04  2.83145e-01
2.736049450e+03  2.6662108e-01  5.66554e-04  2.66621e-01
2.736010365e+03  2.5877214e-01  5.23485e-04  2.58772e-01
2.735971279e+03  2.8306858e-01  5.30796e-04  2.83069e-01
2.735932194e+03  2.8309977e-01  5.27468e-04  2.83100e-01
2.735893110e+03  2.8309245e-01  5.25578e-04  2.83092e-01
2.735854027e+03  2.8131809e-01  5.24290e-04  2.81318e-01
2.735814944e+03  2.8258205e-01  5.24994e-04  2.82582e-01
2.735775861e+03  2.8258838e-01  5.25831e-04  2.82588e-01
2.735736779e+03  2.8291673e-01  5.25632e-04  2.82917e-01
2.735697698e+03  2.8293606e-01  5.28692e-04  2.82936e-01
2.735658617e+03  2.8293466e-01  5.28465e-04  2.82935e-01
2.735619537e+03  2.8251064e-01  5.26533e-04  2.82511e-01
2.735580457e+03  2.8202095e-01  5.22957e-04  2.82021e-01
2.735541378e+03  2.8248065e-01  5.22695e-04  2.82481e-01
2.735502299e+03  2.8275510e-01  5.22733e-04  2.82755e-01
2.735463221e+03  2.8273391e-01  5.24382e-04  2.82734e-01
2.735424144e+03  2.8266677e-01  5.25570e-04  2.82667e-01
2.735385067e+03  2.8243268e-01  5.26717e-04  2.82433e-01
2.735345990e+03  2.4492724e-01  4.95012e-04  2.44927e-01
2.735306914e+03  2.8259450e-01  5.21580e-04  2.82595e-01
2.735267839e+03  2.8267236e-01  5.21259e-04  2.82672e-01
2.735228765e+03  2.8264188e-01  5.22630e-04  2.82642e-01
2.735189690e+03  2.8267338e-01  5.22668e-04  2.82673e-01
2.735150617e+03  2.8280950e-01  5.22216e-04  2.82809e-01
2.735111544e+03  2.8285615e-01  5.24502e-04  2.82856e-01
2.735072471e+03  2.8265276e-01  5.21925e-04  2.82653e-01
2.735033399e+03  2.8237879e-01  5.24831e-04  2.82379e-01
2.734994328e+03  2.8294903e-01  5.23376e-04  2.82949e-01
2.734955257e+03  2.8286270e-01  5.23070e-04  2.82863e-01
2.734916187e+03  2.8287912e-01  5.30418e-04  2.82879e-01
2.734877117e+03  2.8265582e-01  5.24554e-04  2.82656e-01
2.734838048e+03  2.8286826e-01  5.21575e-04  2.82868e-01
2.734798980e+03  2.8291534e-01  5.20997e-04  2.82915e-01
2.734759912e+03  2.8293210e-01  5.20891e-04  2.82932e-01
2.734720844e+03  2.8281523e-01  5.21278e-04  2.82815e-01
2.734681777e+03  2.4822575e-01  4.95881e-04  2.48226e-01
2.734642711e+03  2.8225603e-01  5.21336e-04  2.82256e-01
2.734603645e+03  2.8261118e-01  5.23538e-04  2.82611e-01
2.734564580e+03  2.8258294e-01  5.22629e-04  2.82583e-01
2.734525515e+03  2.8261960e-01  5.26973e-04  2.82620e-01
2.734486451e+03  2.8258362e-01  5.29161e-04  2.82584e-01
2.734447388e+03  2.8258447e-01  5.36894e-04  2.82584e-01
2.734408325e+03  2.8254324e-01  5.30559e-04  2.82543e-01
2.734369262e+03  2.8254191e-01  5.22862e-04  2.82542e-01
2.734330201e+03  2.8251658e-01  5.21819e-04  2.82517e-01
2.734291139e+03  2.8219669e-01  5.20869e-04  2.82197e-01
2.734252078e+03  2.8250498e-01  5.20680e-04  2.82505e-01
2.734213018e+03  2.8248951e-01  5.20396e-04  2.82490e-01
2.734173959e+03  2.8248154e-01  5.20442e-04  2.82482e-01
2.734134900e+03  2.8234231e-01  5.20283e-04  2.82342e-01
2.734095841e+03  2.8254464e-01  5.20820e-04  2.82545e-01
2.734056783e+03  2.8251695e-01  5.20555e-04  2.82517e-01
2.734017726e+03  2.7983080e-01  5.18959e-04  2.79831e-01
2.733978669e+03  2.5280081e-01  5.01011e-04  2.52801e-01
2.733939613e+03  2.8057405e-01  5.25177e-04  2.80574e-01
2.733900557e+03  2.8097453e-01  5.27433e-04  2.80975e-01
2.733861502e+03  2.8097400e-01  5.28270e-04  2.80974e-01
2.733822447e+03  2.8034845e-01  5.28169e-04  2.80348e-01
2.733783393e+03  2.8150780e-01  5.38844e-04  2.81508e-01
2.733744340e+03  2.8161881e-01  5.31229e-04  2.81619e-01
2.733705287e+03  2.7892714e-01  5.25216e-04  2.78927e-01
2.733666234e+03  2.7915497e-01  5.26076e-04  2.79155e-01
2.733627182e+03  2.8072075e-01  5.22510e-04  2.80721e-01
2.733588131e+03  2.8070541e-01  5.24518e-04  2.80705e-01
2.733549081e+03  2.7973651e-01  5.21637e-04  2.79737e-01
2.733510030e+03  2.7828045e-01  5.18302e-04  2.78280e-01
2.733470981e+03  2.7354158e-01  5.16484e-04  2.73542e-01
2.733431932e+03  2.5901743e-01  5.03880e-04  2.59017e-01
2.733392883e+03  2.4507961e-01  4.93296e-04  2.45080e-01
2.733353835e+03  2.5889721e-01  5.04088e-04  2.58897e-01
2.733314788e+03  2.4536314e-01  4.93709e-04  2.45363e-01
2.733275741e+03  2.7729684e-01  5.17511e-04  2.77297e-01
2.733236695e+03  2.7826371e-01  5.18447e-04  2.78264e-01
2.733197649e+03  2.8030665e-01  5.22337e-04  2.80307e-01
2.733158604e+03  2.8144132e-01  5.29855e-04  2.81441e-01
2.733119560e+03  2.8175601e-01  5.25707e-04  2.81756e-01
2.733080516e+03  2.8177557e-01  5.24730e-04  2.81776e-01
2.733041472e+03  2.8189791e-01  5.37141e-04  2.81898e-01
2.733002429e+03  2.8201963e-01  5.33652e-04  2.82020e-01
2.732963387e+03  2.8216459e-01  5.27482e-04  2.82165e-01
2.732924345e+03  2.8215073e-01  5.22852e-04  2.82151e-01
2.732885304e+03  2.8219167e-01  5.21641e-04  2.82192e-01
2.732846263e+03  2.8181211e-01  5.21571e-04  2.81812e-01
2.732807223e+03  2.8136343e-01  5.21971e-04  2.81363e-01
2.732768184e+03  2.8158131e-01  5.24739e-04  2.81581e-01
2.732729145e+03  2.8216561e-01  5.40956e-04  2.82166e-01
2.732690106e+03  2.8211137e-01  5.44726e-04  2.82111e-01
2.732651068e+03  2.5622930e-01  5.07869e-04  2.56229e-01
2.732612031e+03  2.8172444e-01  5.24864e-04  2.81724e-01
2.732572994e+03  2.8185377e-01  5.26394e-04  2.81854e-01
2.732533958e+03  2.8188380e-01  5.33385e-04  2.81884e-01
2.732494922e+03  2.8146583e-01  5.46574e-04  2.81466e-01
2.732455887e+03  2.8176915e-01  5.37790e-04  2.81769e-01
2.732416853e+03  2.8219360e-01  5.28221e-04  2.82194e-01
2.732377819e+03  2.8225342e-01  5.24588e-04  2.82253e-01
2.732338785e+03  2.8143340e-01  5.21805e-04  2.81433e-01
2.732299753e+03  2.7695972e-01  5.17682e-04  2.76960e-01
2.732260720e+03  2.7618039e-01  5.18091e-04  2.76180e-01
2.732221689e+03  2.7900536e-01  5.18574e-04  2.79005e-01
2.732182657e+03  2.7963942e-01  5.18571e-04  2.79639e-01
2.732143627e+03  2.8157041e-01  5.19899e-04  2.81570e-01
2.732104597e+03  2.8194445e-01  5.20098e-04  2.81944e-01
2.732065567e+03  2.8195029e-01  5.20224e-04  2.81950e-01
2.732026538e+03  2.8077041e-01  5.19145e-04  2.80770e-01
2.731987510e+03  2.5724342e-01  5.02455e-04  2.57243e-01
2.731948482e+03  2.8057043e-01  5.19221e-04  2.80570e-01
2.731909455e+03  2.8173164e-01  5.20089e-04  2.81732e-01
2.731870428e+03  2.8179964e-01  5.20392e-04  2.81800e-01
2.731831402e+03  2.8211579e-01  5.23089e-04  2.82116e-01
2.731792376e+03  2.8227028e-01  5.23883e-04  2.82270e-01
2.731753351e+03  2.8224270e-01  5.22306e-04  2.82243e-01
2.731714327e+03  2.8208159e-01  5.20595e-04  2.82082e-01
2.731675303e+03  2.8116721e-01  5.19940e-04  2.81167e-01
2.731636279e+03  2.8032153e-01  5.19308e-04  2.80322e-01
2.731597257e+03  2.8095210e-01  5.19942e-04  2.80952e-01
2.731558234e+03  2.8196245e-01  5.21667e-04  2.81962e-01
2.731519213e+03  2.8215187e-01  5.22596e-04  2.82152e-01
2.731480191e+03  2.8203877e-01  5.29234e-04  2.82039e-01
2.731441171e+03  2.8191803e-01  5.27146e-04  2.81918e-01
2.731402151e+03  2.8133222e-01  5.22198e-04  2.81332e-01
2.731363131e+03  2.8068724e-01  5.21024e-04  2.80687e-01
2.731324112e+03  2.6032572e-01  5.06695e-04  2.60326e-01
2.731285094e+03  2.8064354e-01  5.22530e-04  2.80644e-01
2.731246076e+03  2.8169403e-01  5.24730e-04  2.81694e-01
2.731207059e+03  2.8180189e-01  5.24224e-04  2.81802e-01
2.731168042e+03  2.8176876e-01  5.25444e-04  2.81769e-01
2.731129026e+03  2.8168851e-01  5.27670e-04  2.81689e-01
2.731090011e+03  2.6269853e-01  5.17589e-04  2.62699e-01
2.731050996e+03  2.8091050e-01  5.33903e-04  2.80911e-01
2.731011981e+03  2.8198825e-01  5.44797e-04  2.81988e-01
2.730972967e+03  2.8205351e-01  5.67536e-04  2.82054e-01
2.730933954e+03  2.8207999e-01  5.97112e-04  2.82080e-01
2.730894941e+03  2.8207618e-01  5.82256e-04  2.82076e-01
2.730855929e+03  2.8198517e-01  5.52128e-04  2.81985e-01
2.730816917e+03  2.8190619e-01  5.37056e-04  2.81906e-01
2.730777906e+03  2.8154264e-01  5.29869e-04  2.81543e-01
2.730738896e+03  2.8025723e-01  5.25490e-04  2.80257e-01
2.730699886e+03  2.8003342e-01  5.23886e-04  2.80033e-01
2.730660876e+03  2.6404142e-01  5.12569e-04  2.64041e-01
2.730621867e+03  2.8164071e-01  5.28914e-04  2.81641e-01
2.730582859e+03  2.8190866e-01  5.23863e-04  2.81909e-01
2.730543851e+03  2.8136404e-01  5.21903e-04  2.81364e-01
2.730504844e+03  2.7850843e-01  5.20167e-04  2.78508e-01
2.730465837e+03  2.7927964e-01  5.20074e-04  2.79280e-01
2.730426831e+03  2.8176616e-01  5.21410e-04  2.81766e-01
2.730387826e+03  2.8185031e-01  5.21511e-04  2.81850e-01
2.730348821e+03  2.8108332e-01  5.21613e-04  2.81083e-01
2.730309816e+03  2.8171413e-01  5.24936e-04  2.81714e-01
2.730270812e+03  2.8176534e-01  5.26541e-04  2.81765e-01
2.730231809e+03  2.8147887e-01  5.22175e-04  2.81479e-01
2.730192806e+03  2.8083608e-01  5.22433e-04  2.80836e-01
2.730153804e+03  2.7948791e-01  5.21312e-04  2.79488e-01
2.730114802e+03  2.7797053e-01  5.24551e-04  2.77971e-01
2.730075801e+03  2.7501039e-01  5.20443e-04  2.75010e-01
2.730036801e+03  2.7889403e-01  5.22190e-04  2.78894e-01
2.729997801e+03  2.6600176e-01  5.14410e-04  2.66002e-01
2.729958801e+03  2.8127951e-01  5.30045e-04  2.81280e-01
2.729919803e+03  2.8157725e-01  5.39065e-04  2.81577e-01
2.729880804e+03  2.8127475e-01  5.41394e-04  2.81275e-01
2.729841807e+03  2.7522571e-01  5.29093e-04  2.75226e-01
2.729802809e+03  2.8168291e-01  5.30308e-04  2.81683e-01
2.729763813e+03  2.8157441e-01  5.32626e-04  2.81574e-01
2.729724817e+03  2.8175666e-01  5.40846e-04  2.81757e-01
2.729685821e+03  2.8175059e-01  5.59100e-04  2.81751e-01
2.729646826e+03  2.8189567e-01  5.61901e-04  2.81896e-01
2.729607832e+03  2.8121776e-01  5.88837e-04  2.81218e-01
2.729568838e+03  2.8167131e-01  6.17284e-04  2.81671e-01
2.729529845e+03  2.8169763e-01  5.50521e-04  2.81698e-01
2.729490852e+03  2.8161477e-01  5.30930e-04  2.81615e-01
2.729451860e+03  2.8150858e-01  5.26755e-04  2.81509e-01
2.729412868e+03  2.8149861e-01  5.28299e-04  2.81499e-01
2.729373877e+03  2.8150375e-01  5.41382e-04  2.81504e-01
2.729334887e+03  2.6856219e-01  5.47987e-04  2.68562e-01
2.729295897e+03  2.8124923e-01  5.27807e-04  2.81249e-01
2.729256907e+03  2.8127277e-01  5.23219e-04  2.81273e-01
2.729217919e+03  2.8126405e-01  5.21843e-04  2.81264e-01
2.729178930e+03  2.8084300e-01  5.21529e-04  2.80843e-01
2.729139943e+03  2.8096896e-01  5.20814e-04  2.80969e-01
2.729100955e+03  2.8081720e-01  5.20472e-04  2.80817e-01
2.729061969e+03  2.8044128e-01  5.20558e-04  2.80441e-01
2.729022983e+03  2.7966590e-01  5.21389e-04  2.79666e-01
2.728983997e+03  2.7922439e-01  5.21377e-04  2.79224e-01
2.728945012e+03  2.7893552e-01  5.19857e-04  2.78936e-01
2.728906028e+03  2.7884805e-01  5.18861e-04  2.78848e-01
2.728867044e+03  2.7901399e-01  5.18659e-04  2.79014e-01
2.728828061e+03  2.7909348e-01  5.18395e-04  2.79093e-01
2.728789078e+03  2.8035924e-01  5.19443e-04  2.80359e-01
2.728750096e+03  2.8061448e-01  5.20273e-04  2.80614e-01
2.728711114e+03  2.8081244e-01  5.21646e-04  2.80812e-01
2.728672133e+03  2.7008236e-01  5.18544e-04  2.70082e-01
2.728633153e+03  2.8107818e-01  5.27285e-04  2.81078e-01
2.728594173e+03  2.8121177e-01  5.24035e-04  2.81212e-01
2.728555194e+03  2.8129610e-01  5.21182e-04  2.81296e-01
2.728516215e+03  2.8130279e-01  5.21143e-04  2.81303e-01
2.728477237e+03  2.8135803e-01  5.21814e-04  2.81358e-01
2.728438259e+03  2.8144063e-01  5.22673e-04  2.81441e-01
2.728399282e+03  2.8142952e-01  5.33525e-04  2.81430e-01
2.728360305e+03  2.8140337e-01  5.39075e-04  2.81403e-01
2.728321329e+03  2.8142745e-01  5.23761e-04  2.81427e-01
2.728282354e+03  2.8143103e-01  5.21377e-04  2.81431e-01
2.728243379e+03  2.8117959e-01  5.21093e-04  2.81180e-01
2.728204404e+03  2.7935517e-01  5.20014e-04  2.79355e-01
2.728165431e+03  2.8144452e-01  5.21571e-04  2.81445e-01
2.728126457e+03  2.8150451e-01  5.22911e-04  2.81505e-01
2.728087485e+03  2.8067077e-01  5.25150e-04  2.80671e-01
2.728048513e+03  2.8142188e-01  5.27809e-04  2.81422e-01
2.728009541e+03  2.7206642e-01  5.18591e-04  2.72066e-01
2.727970570e+03  2.8124839e-01  5.22865e-04  2.81248e-01
2.727931600e+03  2.8124108e-01  5.22117e-04  2.81241e-01
2.727892630e+03  2.8110814e-01  5.22559e-04  2.81108e-01
2.727853660e+03  2.8020292e-01  5.22646e-04  2.80203e-01
2.727814692e+03  2.7968985e-01  5.20779e-04  2.79690e-01
2.727775723e+03  2.8020422e-01  5.20381e-04  2.80204e-01
2.727736756e+03  2.8072375e-01  5.20458e-04  2.80724e-01
2.727697789e+03  2.8095233e-01  5.20888e-04  2.80952e-01
2.727658822e+03  2.8140473e-01  5.22266e-04  2.81405e-01
2.727619856e+03  2.8141167e-01  5.21667e-04  2.81412e-01
2.727580891e+03  2.8139881e-01  5.21968e-04  2.81399e-01
2.727541926e+03  2.8121033e-01  5.23239e-04  2.81210e-01
2.727502961e+03  2.8034248e-01  5.22652e-04  2.80342e-01
2.727463998e+03  2.8049849e-01  5.22498e-04  2.80498e-01
2.727425034e+03  2.8110416e-01  5.22305e-04  2.81104e-01
2.727386072e+03  2.8070101e-01  5.22188e-04  2.80701e-01
2.727347110e+03  2.7253844e-01  5.16996e-04  2.72538e-01
2.727308148e+03  2.8059906e-01  5.24950e-04  2.80599e-01
2.727269187e+03  2.8006155e-01  5.36838e-04  2.80062e-01
2.727230227e+03  2.7984700e-01  5.31772e-04  2.79847e-01
2.727191267e+03  2.8042036e-01  5.26588e-04  2.80420e-01
2.727152307e+03  2.8057800e-01  5.27082e-04  2.80578e-01
2.727113349e+03  2.7976841e-01  5.28799e-04  2.79768e-01
2.727074391e+03  2.7960135e-01  5.31703e-04  2.79601e-01
2.727035433e+03  2.8051647e-01  5.36667e-04  2.80516e-01
2.726996476e+03  2.8056729e-01  5.48199e-04  2.80567e-01
2.726957519e+03  2.8035107e-01  5.88841e-04  2.80351e-01
2.726918563e+03  2.7988389e-01  8.51530e-04  2.79884e-01
2.726879608e+03  2.7957996e-01  6.79058e-04  2.79580e-01
2.726840653e+03  2.8002065e-01  5.96529e-04  2.80021e-01
2.726801699e+03  2.7943259e-01  6.56533e-04  2.79433e-01
2.726762745e+03  2.7904342e-01  6.19002e-04  2.79043e-01
2.726723792e+03  2.7381071e-01  6.88064e-04  2.73811e-01
2.726684839e+03  2.7958348e-01  1.20601e-03  2.79583e-01
2.726645887e+03  2.7497978e-01  1.91527e-03  2.74980e-01
2.726606935e+03  2.6953723e-01  1.75212e-03  2.69537e-01
2.726567984e+03  2.7491681e-01  9.75994e-04  2.74917e-01
2.726529034e+03  2.7798505e-01  9.46317e-04  2.77985e-01
2.726490084e+03  2.7989315e-01  6.98325e-04  2.79893e-01
2.726451135e+03  2.7990788e-01  6.12620e-04  2.79908e-01
2.726412186e+03  2.7900731e-01  5.68139e-04  2.79007e-01
2.726373238e+03  2.8003815e-01  5.55701e-04  2.80038e-01
2.726334290e+03  2.5196572e-01  5.34184e-04  2.51966e-01
2.726295343e+03  2.7313571e-01  5.74870e-04  2.73136e-01
2.726256397e+03  2.8090117e-01  5.86651e-04  2.80901e-01
2.726217451e+03  2.8092821e-01  6.10180e-04  2.80928e-01
2.726178505e+03  2.8100603e-01  6.72924e-04  2.81006e-01
2.726139561e+03  2.8089176e-01  6.89794e-04  2.80892e-01
2.726100616e+03  2.8068325e-01  6.15382e-04  2.80683e-01
2.726061673e+03  2.7543547e-01  5.64710e-04  2.75435e-01
2.726022729e+03  2.8031788e-01  5.49075e-04  2.80318e-01
2.725983787e+03  2.7920584e-01  5.39614e-04  2.79206e-01
2.725944845e+03  2.7886344e-01  5.35815e-04  2.78863e-01
2.725905903e+03  2.8012702e-01  5.36788e-04  2.80127e-01
2.725866962e+03  2.7940738e-01  5.45766e-04  2.79407e-01
2.725828022e+03  2.6573531e-01  5.96004e-04  2.65735e-01
2.725789082e+03  2.8045629e-01  5.59479e-04  2.80456e-01
2.725750143e+03  2.8099135e-01  5.52969e-04  2.80991e-01
2.725711204e+03  2.8102700e-01  5.75558e-04  2.81027e-01
2.725672266e+03  2.8099978e-01  5.93369e-04  2.81000e-01
2.725633328e+03  2.8097339e-01  5.63526e-04  2.80973e-01
2.725594391e+03  2.8085953e-01  5.41595e-04  2.80860e-01
2.725555455e+03  2.8078561e-01  5.32998e-04  2.80786e-01
2.725516519e+03  2.8072656e-01  5.32367e-04  2.80727e-01
2.725477583e+03  2.8046278e-01  5.31925e-04  2.80463e-01
2.725438648e+03  2.7608298e-01  5.39311e-04  2.76083e-01
2.725399714e+03  2.7948888e-01  5.37559e-04  2.79489e-01
2.725360780e+03  2.8066888e-01  5.27623e-04  2.80669e-01
2.725321847e+03  2.8077957e-01  5.26914e-04  2.80780e-01
2.725282915e+03  2.8074155e-01  5.26458e-04  2.80742e-01
2.725243983e+03  2.8063728e-01  5.22832e-04  2.80637e-01
2.725205051e+03  2.8053882e-01  5.21932e-04  2.80539e-01
2.725166120e+03  2.8029127e-01  5.21079e-04  2.80291e-01
2.725127190e+03  2.8006560e-01  5.21056e-04  2.80066e-01
2.725088260e+03  2.7844165e-01  5.21683e-04  2.78442e-01
2.725049331e+03  2.7992746e-01  5.26374e-04  2.79927e-01
2.725010402e+03  2.7992696e-01  5.21612e-04  2.79927e-01
2.724971474e+03  2.7907986e-01  5.20340e-04  2.79080e-01
2.724932546e+03  2.7945723e-01  5.20954e-04  2.79457e-01
2.724893619e+03  2.8020207e-01  5.22503e-04  2.80202e-01
2.724854693e+03  2.8027932e-01  5.25921e-04  2.80279e-01
2.724815767e+03  2.8039095e-01  5.40832e-04  2.80391e-01
2.724776841e+03  2.7716508e-01  5.30074e-04  2.77165e-01
2.724737916e+03  2.8058052e-01  5.25767e-04  2.80581e-01
2.724698992e+03  2.8063685e-01  5.23488e-04  2.80637e-01
2.724660068e+03  2.8059279e-01  5.22425e-04  2.80593e-01
2.724621145e+03  2.8033980e-01  5.22092e-04  2.80340e-01
2.724582223e+03  2.8057138e-01  5.22578e-04  2.80571e-01
2.724543301e+03  2.8029916e-01  5.23037e-04  2.80299e-01
2.724504379e+03  2.8027301e-01  5.25421e-04  2.80273e-01
2.724465458e+03  2.8032641e-01  5.32994e-04  2.80326e-01
2.724426538e+03  2.8026082e-01  5.74390e-04  2.80261e-01
2.724387618e+03  2.7994614e-01  5.47109e-04  2.79946e-01
2.724348699e+03  2.7707901e-01  5.29286e-04  2.77079e-01
2.724309780e+03  2.7989300e-01  5.25853e-04  2.79893e-01
2.724270862e+03  2.7966622e-01  5.25976e-04  2.79666e-01
2.724231944e+03  2.7927868e-01  5.29235e-04  2.79279e-01
2.724193027e+03  2.7879139e-01  5.33048e-04  2.78791e-01
2.724154111e+03  2.7514352e-01  5.25037e-04  2.75144e-01
2.724115195e+03  2.7598456e-01  5.23311e-04  2.75985e-01
2.724076279e+03  2.7216913e-01  5.20657e-04  2.72169e-01
2.724037365e+03  2.6402215e-01  5.16017e-04  2.64022e-01
2.723998450e+03  2.5659084e-01  5.12549e-04  2.56591e-01
2.723959537e+03  2.5822181e-01  5.18013e-04  2.58222e-01
2.723920623e+03  2.5079410e-01  5.17497e-04  2.50794e-01
2.723881711e+03  2.7460347e-01  5.47423e-04  2.74603e-01
2.723842799e+03  2.7007504e-01  5.71952e-04  2.70075e-01
2.723803887e+03  2.7672472e-01  6.35649e-04  2.76725e-01
2.723764976e+03  2.7848692e-01  6.57103e-04  2.78487e-01
2.723726066e+03  2.7910421e-01  6.10669e-04  2.79104e-01
2.723687156e+03  2.7940025e-01  5.86533e-04  2.79400e-01
2.723648247e+03  2.7953144e-01  5.67873e-04  2.79531e-01
2.723609338e+03  2.7762210e-01  5.50118e-04  2.77622e-01
2.723570430e+03  2.7854699e-01  5.44684e-04  2.78547e-01
2.723531522e+03  2.7738860e-01  5.44084e-04  2.77389e-01
2.723492615e+03  2.3324765e-01  5.17506e-04  2.33248e-01
2.723453709e+03  2.7860258e-01  5.65513e-04  2.78603e-01
2.723414803e+03  2.7868671e-01  5.99706e-04  2.78687e-01
2.723375898e+03  2.7866326e-01  6.80826e-04  2.78663e-01
2.723336993e+03  2.7878441e-01  7.86903e-04  2.78784e-01
2.723298089e+03  2.7891470e-01  7.11337e-04  2.78915e-01
2.723259185e+03  2.7896305e-01  6.13527e-04  2.78963e-01
2.723220282e+03  2.7896516e-01  5.70002e-04  2.78965e-01
2.723181379e+03  2.7902583e-01  5.50809e-04  2.79026e-01
2.723142477e+03  2.7920507e-01  5.41335e-04  2.79205e-01
2.723103576e+03  2.7954233e-01  5.36665e-04  2.79542e-01
2.723064675e+03  2.7934688e-01  5.34298e-04  2.79347e-01
2.723025774e+03  2.8001471e-01  5.35305e-04  2.80015e-01
2.722986875e+03  2.8006394e-01  5.34473e-04  2.80064e-01
2.722947975e+03  2.7981009e-01  5.35693e-04  2.79810e-01
2.722909077e+03  2.7982987e-01  5.39579e-04  2.79830e-01
2.722870178e+03  2.7813881e-01  5.41041e-04  2.78139e-01
2.722831281e+03  2.3561158e-01  5.13586e-04  2.35612e-01
2.722792384e+03  2.7906945e-01  5.57675e-04  2.79069e-01
2.722753487e+03  2.8021584e-01  5.85713e-04  2.80216e-01
2.722714591e+03  2.8025344e-01  6.50618e-04  2.80253e-01
2.722675696e+03  2.8022875e-01  7.75763e-04  2.80229e-01
2.722636801e+03  2.8028809e-01  7.59299e-04  2.80288e-01
2.722597907e+03  2.8032929e-01  6.38838e-04  2.80329e-01
2.722559013e+03  2.8032530e-01  5.83110e-04  2.80325e-01
2.722520120e+03  2.8010925e-01  5.56253e-04  2.80109e-01
2.722481228e+03  2.8014268e-01  5.44702e-04  2.80143e-01
2.722442336e+03  2.8013443e-01  5.41361e-04  2.80134e-01
2.722403444e+03  2.8012904e-01  5.35867e-04  2.80129e-01
2.722364553e+03  2.8006464e-01  5.33561e-04  2.80065e-01
2.722325663e+03  2.7980860e-01  5.32435e-04  2.79809e-01
2.722286773e+03  2.7952479e-01  5.32140e-04  2.79525e-01
2.722247884e+03  2.7815012e-01  5.32790e-04  2.78150e-01
2.722208995e+03  2.7967208e-01  5.38301e-04  2.79672e-01
2.722170107e+03  2.7994962e-01  5.37972e-04  2.79950e-01
2.722131219e+03  2.7994142e-01  5.43046e-04  2.79941e-01
2.722092332e+03  2.4543841e-01  5.25433e-04  2.45438e-01
2.722053446e+03  2.5837463e-01  5.49506e-04  2.58375e-01
2.722014560e+03  2.6905369e-01  5.91119e-04  2.69054e-01
2.721975674e+03  2.8014794e-01  6.88577e-04  2.80148e-01
2.721936790e+03  2.8015908e-01  8.93757e-04  2.80159e-01
2.721897905e+03  2.8017833e-01  9.66768e-04  2.80178e-01
2.721859022e+03  2.7609116e-01  8.56340e-04  2.76091e-01
2.721820139e+03  2.7993454e-01  6.76782e-04  2.79935e-01
2.721781256e+03  2.8009224e-01  6.01131e-04  2.80092e-01
2.721742374e+03  2.8014499e-01  5.75009e-04  2.80145e-01
2.721703492e+03  2.8013699e-01  5.67608e-04  2.80137e-01
2.721664612e+03  2.8018525e-01  5.53617e-04  2.80185e-01
2.721625731e+03  2.7916862e-01  5.40848e-04  2.79169e-01
2.721586851e+03  2.8022953e-01  5.36117e-04  2.80230e-01
2.721547972e+03  2.8019096e-01  5.32743e-04  2.80191e-01
2.721509093e+03  2.8010026e-01  5.36027e-04  2.80100e-01
2.721470215e+03  2.8009661e-01  5.32715e-04  2.80097e-01
2.721431338e+03  2.7988789e-01  5.28657e-04  2.79888e-01
2.721392461e+03  2.7985876e-01  5.29507e-04  2.79859e-01
2.721353584e+03  2.7728917e-01  5.26952e-04  2.77289e-01
2.721314708e+03  2.8001133e-01  5.29413e-04  2.80011e-01
2.721275833e+03  2.8010052e-01  5.35133e-04  2.80101e-01
2.721236958e+03  2.8008691e-01  5.46114e-04  2.80087e-01
2.721198084e+03  2.8012669e-01  5.34771e-04  2.80127e-01
2.721159210e+03  2.8011148e-01  5.35401e-04  2.80111e-01
2.721120337e+03  2.7994844e-01  5.37831e-04  2.79948e-01
2.721081464e+03  2.6179149e-01  5.29119e-04  2.61791e-01
2.721042592e+03  2.7936188e-01  5.51120e-04  2.79362e-01
2.721003721e+03  2.4468942e-01  5.44105e-04  2.44689e-01
2.720964850e+03  2.7798790e-01  6.12390e-04  2.77988e-01
2.720925979e+03  2.7939012e-01  6.85457e-04  2.79390e-01
2.720887110e+03  2.7982014e-01  7.08574e-04  2.79820e-01
2.720848240e+03  2.7997530e-01  7.29423e-04  2.79975e-01
2.720809372e+03  2.7996611e-01  7.31190e-04  2.79966e-01
2.720770504e+03  2.7990294e-01  6.64675e-04  2.79903e-01
2.720731636e+03  2.7239405e-01  5.89161e-04  2.72394e-01
2.720692769e+03  2.6901133e-01  5.69011e-04  2.69011e-01
2.720653902e+03  2.5480145e-01  5.60457e-04  2.54801e-01
2.720615037e+03  2.7668286e-01  6.01883e-04  2.76683e-01
2.720576171e+03  2.7979385e-01  6.70828e-04  2.79794e-01
2.720537306e+03  2.7985764e-01  7.28054e-04  2.79858e-01
2.720498442e+03  2.7873358e-01  7.26756e-04  2.78734e-01
2.720459578e+03  2.7952618e-01  6.67345e-04  2.79526e-01
2.720420715e+03  2.7982331e-01  6.02158e-04  2.79823e-01
2.720381853e+03  2.7914244e-01  5.73273e-04  2.79142e-01
2.720342991e+03  2.7969703e-01  5.67884e-04  2.79697e-01
2.720304129e+03  2.5421777e-01  5.46215e-04  2.54218e-01
2.720265268e+03  2.7679807e-01  5.60388e-04  2.76798e-01
2.720226408e+03  2.7913408e-01  5.75501e-04  2.79134e-01
2.720187548e+03  2.7923255e-01  6.27561e-04  2.79233e-01
2.720148689e+03  2.7029658e-01  7.80826e-04  2.70297e-01
2.720109830e+03  2.7929165e-01  8.38583e-04  2.79292e-01
2.720070972e+03  2.7917750e-01  6.57970e-04  2.79178e-01
2.720032114e+03  2.7825522e-01  6.03181e-04  2.78255e-01
2.719993257e+03  2.7921296e-01  6.11541e-04  2.79213e-01
2.719954401e+03  2.7903704e-01  5.93680e-04  2.79037e-01
2.719915545e+03  2.7855594e-01  5.61442e-04  2.78556e-01
2.719876689e+03  2.7523747e-01  5.44023e-04  2.75237e-01
2.719837835e+03  2.7757977e-01  5.35777e-04  2.77580e-01
2.719798980e+03  2.7317320e-01  5.27364e-04  2.73173e-01
2.719760127e+03  2.7404288e-01  5.25834e-04  2.74043e-01
2.719721273e+03  2.7135022e-01  5.24997e-04  2.71350e-01
2.719682421e+03  2.6191093e-01  5.21671e-04  2.61911e-01
2.719643569e+03  2.4916523e-01  5.23211e-04  2.49165e-01
2.719604717e+03  2.5352508e-01  5.25462e-04  2.53525e-01
2.719565866e+03  2.6524186e-01  5.22383e-04  2.65242e-01
2.719527016e+03  2.7043421e-01  5.20530e-04  2.70434e-01
2.719488166e+03  2.7115356e-01  5.20326e-04  2.71154e-01
2.719449317e+03  2.7395485e-01  5.22148e-04  2.73955e-01
2.719410468e+03  2.7666228e-01  5.20585e-04  2.76662e-01
2.719371620e+03  2.7769394e-01  5.20352e-04  2.77694e-01
2.719332772e+03  2.7816601e-01  5.20347e-04  2.78166e-01
2.719293925e+03  2.7820549e-01  5.20232e-04  2.78205e-01
2.719255079e+03  2.7766051e-01  5.20012e-04  2.77661e-01
2.719216233e+03  2.7873417e-01  5.21598e-04  2.78734e-01
2.719177387e+03  2.7852500e-01  5.22545e-04  2.78525e-01
2.719138543e+03  2.7682719e-01  5.24589e-04  2.76827e-01
2.719099698e+03  2.7690591e-01  5.26766e-04  2.76906e-01
2.719060855e+03  2.7874659e-01  5.25244e-04  2.78747e-01
2.719022011e+03  2.7872918e-01  5.23220e-04  2.78729e-01
2.718983169e+03  2.7851896e-01  5.22621e-04  2.78519e-01
2.718944327e+03  2.7681090e-01  5.21752e-04  2.76811e-01
2.718905485e+03  2.7768014e-01  5.23724e-04  2.77680e-01
2.718866644e+03  2.7779986e-01  5.26621e-04  2.77800e-01
2.718827804e+03  2.6982464e-01  5.26705e-04  2.69825e-01
2.718788964e+03  2.7101379e-01  5.37810e-04  2.71014e-01
2.718750125e+03  2.7800606e-01  5.55823e-04  2.78006e-01
2.718711286e+03  2.6893241e-01  5.79800e-04  2.68932e-01
2.718672448e+03  2.7729444e-01  6.61127e-04  2.77294e-01
2.718633610e+03  2.7693270e-01  6.55630e-04  2.76933e-01
2.718594773e+03  2.7599215e-01  6.01301e-04  2.75992e-01
2.718555937e+03  2.7541097e-01  6.00717e-04  2.75411e-01
2.718517101e+03  2.7364877e-01  5.77102e-04  2.73649e-01
2.718478265e+03  2.7141153e-01  5.46899e-04  2.71412e-01
2.718439430e+03  2.6670292e-01  5.28941e-04  2.66703e-01
2.718400596e+03  2.5669932e-01  5.14552e-04  2.56699e-01
2.718361762e+03  2.3821004e-01  4.96213e-04  2.38210e-01
2.718322929e+03  2.3246783e-01  4.89693e-04  2.32468e-01
2.718284097e+03  2.4330889e-01  4.96521e-04  2.43309e-01
2.718245264e+03  2.5706060e-01  5.06464e-04  2.57061e-01
2.718206433e+03  2.6476999e-01  5.13794e-04  2.64770e-01
2.718167602e+03  2.6903478e-01  5.16321e-04  2.69035e-01
2.718128772e+03  2.7194010e-01  5.22566e-04  2.71940e-01
2.718089942e+03  2.7363547e-01  5.23080e-04  2.73635e-01
2.718051112e+03  2.7464958e-01  5.34731e-04  2.74650e-01
2.718012284e+03  2.7550734e-01  5.27081e-04  2.75507e-01
2.717973455e+03  2.7608042e-01  5.23733e-04  2.76080e-01
2.717934628e+03  2.7666040e-01  5.24472e-04  2.76660e-01
2.717895801e+03  2.6768613e-01  5.17497e-04  2.67686e-01
2.717856974e+03  2.7759699e-01  5.27980e-04  2.77597e-01
2.717818148e+03  2.7782695e-01  5.38339e-04  2.77827e-01
2.717779323e+03  2.7797917e-01  5.75693e-04  2.77979e-01
2.717740498e+03  2.7765897e-01  6.66472e-04  2.77659e-01
2.717701674e+03  2.7666530e-01  5.83086e-04  2.76665e-01
2.717662850e+03  2.7720665e-01  5.39717e-04  2.77207e-01
2.717624027e+03  2.7256437e-01  5.24859e-04  2.72564e-01
2.717585204e+03  2.7723548e-01  5.25126e-04  2.77235e-01
2.717546382e+03  2.7697558e-01  5.23058e-04  2.76976e-01
2.717507560e+03  2.7825115e-01  5.24869e-04  2.78251e-01
2.717468739e+03  2.7866904e-01  5.29445e-04  2.78669e-01
2.717429919e+03  2.7869443e-01  5.36299e-04  2.78694e-01
2.717391099e+03  2.7856376e-01  5.28093e-04  2.78564e-01
2.717352280e+03  2.7809816e-01  5.28826e-04  2.78098e-01
2.717313461e+03  2.7809333e-01  5.58836e-04  2.78093e-01
2.717274643e+03  2.7799619e-01  5.54861e-04  2.77996e-01
2.717235825e+03  2.7857015e-01  5.51509e-04  2.78570e-01
2.717197008e+03  2.7862627e-01  5.71740e-04  2.78626e-01
2.717158192e+03  2.7803515e-01  5.34394e-04  2.78035e-01
2.717119376e+03  2.7711086e-01  5.27292e-04  2.77111e-01
2.717080560e+03  2.7454461e-01  5.22220e-04  2.74545e-01
2.717041745e+03  2.7824238e-01  5.25078e-04  2.78242e-01
2.717002931e+03  2.7701813e-01  5.26428e-04  2.77018e-01
2.716964117e+03  2.7399911e-01  5.31907e-04  2.73999e-01
2.716925304e+03  2.7855964e-01  5.52381e-04  2.78560e-01
2.716886491e+03  2.7413329e-01  5.52594e-04  2.74133e-01
2.716847679e+03  2.7772875e-01  5.50995e-04  2.77729e-01
2.716808868e+03  2.7718437e-01  5.60215e-04  2.77184e-01
2.716770057e+03  2.7821283e-01  5.45463e-04  2.78213e-01
2.716731246e+03  2.7849903e-01  5.30521e-04  2.78499e-01
2.716692436e+03  2.7851498e-01  5.25264e-04  2.78515e-01
2.716653627e+03  2.7869317e-01  5.22709e-04  2.78693e-01
2.716614818e+03  2.7871110e-01  5.21672e-04  2.78711e-01
2.716576010e+03  2.7856950e-01  5.21288e-04  2.78570e-01
2.716537202e+03  2.7857864e-01  5.21736e-04  2.78579e-01
2.716498395e+03  2.7854225e-01  5.22483e-04  2.78542e-01
2.716459589e+03  2.7833976e-01  5.23318e-04  2.78340e-01
2.716420783e+03  2.6526759e-01  5.16153e-04  2.65268e-01
2.716381977e+03  2.7824147e-01  5.30881e-04  2.78241e-01
2.716343172e+03  2.7820552e-01  5.39788e-04  2.78206e-01
2.716304368e+03  2.7814302e-01  5.63533e-04  2.78143e-01
2.716265564e+03  2.7803657e-01  5.91128e-04  2.78037e-01
2.716226761e+03  2.7785802e-01  5.67388e-04  2.77858e-01
2.716187958e+03  2.7766625e-01  5.42290e-04  2.77666e-01
2.716149156e+03  2.7157139e-01  5.28170e-04  2.71571e-01
2.716110354e+03  2.7058537e-01  5.24692e-04  2.70585e-01
2.716071553e+03  2.7663240e-01  5.29682e-04  2.76632e-01
2.716032753e+03  2.7609177e-01  5.35936e-04  2.76092e-01
2.715993953e+03  2.7574922e-01  5.59836e-04  2.75749e-01
2.715955154e+03  2.7479192e-01  6.02906e-04  2.74792e-01
2.715916355e+03  2.7352537e-01  5.64073e-04  2.73525e-01
2.715877557e+03  2.7176762e-01  5.33429e-04  2.71768e-01
2.715838759e+03  2.6954764e-01  5.24076e-04  2.69548e-01
2.715799962e+03  2.6603424e-01  5.17374e-04  2.66034e-01
2.715761165e+03  2.6001002e-01  5.10011e-04  2.60010e-01
2.715722369e+03  2.4816207e-01  4.99626e-04  2.48162e-01
2.715683574e+03  2.3207256e-01  4.87196e-04  2.32073e-01
2.715644779e+03  2.2792157e-01  4.84585e-04  2.27922e-01
2.715605984e+03  2.4152352e-01  4.95558e-04  2.41524e-01
2.715567191e+03  2.5062416e-01  5.04924e-04  2.50624e-01
2.715528397e+03  2.6158326e-01  5.12609e-04  2.61583e-01
2.715489605e+03  2.6621125e-01  5.18934e-04  2.66211e-01
2.715450812e+03  2.6954174e-01  5.29366e-04  2.69542e-01
2.715412021e+03  2.6741329e-01  5.41755e-04  2.67413e-01
2.715373230e+03  2.7296868e-01  5.41107e-04  2.72969e-01
2.715334439e+03  2.7439823e-01  5.30215e-04  2.74398e-01
2.715295649e+03  2.7501288e-01  5.23257e-04  2.75013e-01
2.715256860e+03  2.7541858e-01  5.21930e-04  2.75419e-01
2.715218071e+03  2.7475228e-01  5.22459e-04  2.74752e-01
2.715179283e+03  2.7657287e-01  5.24875e-04  2.76573e-01
2.715140495e+03  2.6671957e-01  5.21308e-04  2.66720e-01
2.715101708e+03  2.6892878e-01  5.33925e-04  2.68929e-01
2.715062921e+03  2.7718984e-01  5.54857e-04  2.77190e-01
2.715024135e+03  2.7622843e-01  5.60555e-04  2.76228e-01
2.714985350e+03  2.7680995e-01  5.86825e-04  2.76810e-01
2.714946565e+03  2.7766670e-01  5.98080e-04  2.77667e-01
2.714907780e+03  2.7750694e-01  5.69342e-04  2.77507e-01
2.714868997e+03  2.7733527e-01  5.70329e-04  2.77335e-01
2.714830213e+03  2.7713138e-01  5.84101e-04  2.77131e-01
2.714791431e+03  2.7584317e-01  5.58306e-04  2.75843e-01
2.714752648e+03  2.7283155e-01  6.16074e-04  2.72832e-01
2.714713867e+03  2.7314113e-01  5.47342e-04  2.73141e-01
2.714675086e+03  2.7056035e-01  5.23937e-04  2.70560e-01
2.714636305e+03  2.7766401e-01  5.24637e-04  2.77664e-01
2.714597525e+03  2.7785065e-01  5.25371e-04  2.77851e-01
2.714558746e+03  2.7826509e-01  5.31339e-04  2.78265e-01
2.714519967e+03  2.7836238e-01  5.37640e-04  2.78362e-01
2.714481189e+03  2.7843598e-01  5.28855e-04  2.78436e-01
2.714442411e+03  2.7838526e-01  5.31919e-04  2.78385e-01
2.714403634e+03  2.7787536e-01  5.28267e-04  2.77875e-01
2.714364857e+03  2.7801981e-01  5.22920e-04  2.78020e-01
2.714326081e+03  2.7821175e-01  5.23821e-04  2.78212e-01
2.714287305e+03  2.7842787e-01  5.20768e-04  2.78428e-01
2.714248530e+03  2.7832629e-01  5.23868e-04  2.78326e-01
2.714209756e+03  2.7832045e-01  5.36335e-04  2.78320e-01
2.714170982e+03  2.7834798e-01  5.23812e-04  2.78348e-01
2.714132209e+03  2.7836342e-01  5.20123e-04  2.78363e-01
2.714093436e+03  2.7825483e-01  5.18662e-04  2.78255e-01
2.714054664e+03  2.7725590e-01  5.17722e-04  2.77256e-01
2.714015892e+03  2.7523420e-01  5.16943e-04  2.75234e-01
2.713977121e+03  2.7729396e-01  5.19296e-04  2.77294e-01
2.713938351e+03  2.7572753e-01  5.21292e-04  2.75728e-01
2.713899581e+03  2.7532030e-01  5.32938e-04  2.75320e-01
2.713860811e+03  2.7782255e-01  5.48192e-04  2.77823e-01
2.713822042e+03  2.7787515e-01  5.30287e-04  2.77875e-01
2.713783274e+03  2.7699339e-01  5.21053e-04  2.76993e-01
2.713744506e+03  2.7727262e-01  5.19205e-04  2.77273e-01
2.713705739e+03  2.7820724e-01  5.21288e-04  2.78207e-01
2.713666972e+03  2.7842212e-01  5.33105e-04  2.78422e-01
2.713628206e+03  2.7849255e-01  5.23791e-04  2.78493e-01
2.713589441e+03  2.7854681e-01  5.19267e-04  2.78547e-01
2.713550676e+03  2.7849072e-01  5.18056e-04  2.78491e-01
2.713511911e+03  2.7849962e-01  5.17411e-04  2.78500e-01
2.713473147e+03  2.7852392e-01  5.17397e-04  2.78524e-01
2.713434384e+03  2.7852830e-01  5.17250e-04  2.78528e-01
2.713395621e+03  2.7835455e-01  5.17505e-04  2.78355e-01
2.713356859e+03  2.7795066e-01  5.17288e-04  2.77951e-01
2.713318097e+03  2.7852843e-01  5.17968e-04  2.78528e-01
2.713279336e+03  2.7853325e-01  5.19528e-04  2.78533e-01
2.713240575e+03  2.7851024e-01  5.22443e-04  2.78510e-01
2.713201815e+03  2.7834748e-01  5.25159e-04  2.78347e-01
2.713163056e+03  2.7358598e-01  5.17938e-04  2.73586e-01
2.713124297e+03  2.7828509e-01  5.18665e-04  2.78285e-01
2.713085539e+03  2.7792058e-01  5.18017e-04  2.77921e-01
2.713046781e+03  2.7784439e-01  5.18576e-04  2.77844e-01
2.713008024e+03  2.7719994e-01  5.17398e-04  2.77200e-01
2.712969267e+03  2.7761994e-01  5.18225e-04  2.77620e-01
2.712930511e+03  2.7793099e-01  5.20838e-04  2.77931e-01
2.712891755e+03  2.7711582e-01  5.17767e-04  2.77116e-01
2.712853000e+03  2.7792489e-01  5.18241e-04  2.77925e-01
2.712814246e+03  2.7803165e-01  5.20092e-04  2.78032e-01
2.712775492e+03  2.7810761e-01  5.25672e-04  2.78108e-01
2.712736738e+03  2.7816022e-01  5.39385e-04  2.78160e-01
2.712697985e+03  2.7820107e-01  5.27675e-04  2.78201e-01
2.712659233e+03  2.7817671e-01  5.21230e-04  2.78177e-01
2.712620481e+03  2.7812961e-01  5.19426e-04  2.78130e-01
2.712581730e+03  2.7803251e-01  5.18916e-04  2.78033e-01
2.712542980e+03  2.7795535e-01  5.19244e-04  2.77955e-01
2.712504230e+03  2.7785218e-01  5.19756e-04  2.77852e-01
2.712465480e+03  2.7762380e-01  5.20503e-04  2.77624e-01
2.712426731e+03  2.7259253e-01  5.18092e-04  2.72593e-01
2.712387983e+03  2.7744690e-01  5.25312e-04  2.77447e-01
2.712349235e+03  2.7762121e-01  5.29859e-04  2.77621e-01
2.712310488e+03  2.7744424e-01  5.40419e-04  2.77444e-01
2.712271741e+03  2.7782711e-01  5.86360e-04  2.77827e-01
2.712232995e+03  2.7787869e-01  5.60555e-04  2.77879e-01
2.712194249e+03  2.7800123e-01  5.84043e-04  2.78001e-01
2.712155504e+03  2.7808946e-01  8.33188e-04  2.78089e-01
2.712116759e+03  2.7810090e-01  9.39995e-04  2.78101e-01
2.712078015e+03  2.7805400e-01  8.25391e-04  2.78054e-01
2.712039272e+03  2.7802176e-01  8.53148e-04  2.78022e-01
2.712000529e+03  2.7797626e-01  6.84357e-04  2.77976e-01
2.711961787e+03  2.7773665e-01  5.71386e-04  2.77737e-01
2.711923045e+03  2.7768937e-01  5.56496e-04  2.77689e-01
2.711884304e+03  2.7784176e-01  5.40971e-04  2.77842e-01
2.711845563e+03  2.7771363e-01  5.43065e-04  2.77714e-01
2.711806823e+03  2.7787194e-01  5.71263e-04  2.77872e-01
2.711768084e+03  2.7756152e-01  7.41796e-04  2.77562e-01
2.711729345e+03  2.7799440e-01  6.09639e-04  2.77994e-01
2.711690606e+03  2.7275395e-01  5.49999e-04  2.72754e-01
2.711651868e+03  2.7757518e-01  5.42913e-04  2.77575e-01
2.711613131e+03  2.7757137e-01  5.46831e-04  2.77571e-01
2.711574394e+03  2.7774006e-01  5.57599e-04  2.77740e-01
2.711535658e+03  2.7796886e-01  5.52794e-04  2.77969e-01
2.711496922e+03  2.7807887e-01  5.55340e-04  2.78079e-01
2.711458187e+03  2.7802171e-01  5.56931e-04  2.78022e-01
2.711419453e+03  2.7803585e-01  5.67452e-04  2.78036e-01
2.711380719e+03  2.7801842e-01  6.08269e-04  2.78018e-01
2.711341985e+03  2.7787752e-01  8.24651e-04  2.77878e-01
2.711303252e+03  2.7804076e-01  7.90301e-04  2.78041e-01
2.711264520e+03  2.7803447e-01  7.92301e-04  2.78034e-01
2.711225788e+03  2.7810537e-01  6.39786e-04  2.78105e-01
2.711187057e+03  2.7788623e-01  5.53391e-04  2.77886e-01
2.711148326e+03  2.7803144e-01  5.35255e-04  2.78031e-01
2.711109596e+03  2.7399859e-01  5.26578e-04  2.73999e-01
2.711070866e+03  2.7799026e-01  5.28577e-04  2.77990e-01
2.711032137e+03  2.7798442e-01  5.32410e-04  2.77984e-01
2.710993409e+03  2.7797322e-01  5.45868e-04  2.77973e-01
2.710954681e+03  2.7319378e-01  5.85259e-04  2.73194e-01
2.710915954e+03  2.7796179e-01  5.45632e-04  2.77962e-01
2.710877227e+03  2.7787160e-01  5.28603e-04  2.77872e-01
2.710838501e+03  2.7792268e-01  5.23431e-04  2.77923e-01
2.710799775e+03  2.7765488e-01  5.20494e-04  2.77655e-01
2.710761050e+03  2.7789478e-01  5.19443e-04  2.77895e-01
2.710722325e+03  2.7787787e-01  5.18900e-04  2.77878e-01
2.710683601e+03  2.7790285e-01  5.18989e-04  2.77903e-01
2.710644878e+03  2.7632996e-01  5.17764e-04  2.76330e-01
2.710606155e+03  2.7787178e-01  5.19323e-04  2.77872e-01
2.710567432e+03  2.7788581e-01  5.20697e-04  2.77886e-01
2.710528710e+03  2.7641602e-01  5.23406e-04  2.76416e-01
2.710489989e+03  2.7744653e-01  5.29643e-04  2.77447e-01
2.710451268e+03  2.7770343e-01  5.28499e-04  2.77703e-01
2.710412548e+03  2.7759255e-01  5.25990e-04  2.77593e-01
2.710373829e+03  2.7753636e-01  5.28191e-04  2.77536e-01
2.710335109e+03  2.7731712e-01  5.31032e-04  2.77317e-01
2.710296391e+03  2.7731169e-01  5.24617e-04  2.77312e-01
2.710257673e+03  2.7766988e-01  5.20031e-04  2.77670e-01
2.710218956e+03  2.7311768e-01  5.14973e-04  2.73118e-01
2.710180239e+03  2.7690336e-01  5.17087e-04  2.76903e-01
2.710141522e+03  2.7785289e-01  5.18151e-04  2.77853e-01
2.710102807e+03  2.7784038e-01  5.18674e-04  2.77840e-01
2.710064091e+03  2.7786105e-01  5.21370e-04  2.77861e-01
2.710025377e+03  2.7759787e-01  5.22930e-04  2.77598e-01
2.709986663e+03  2.7785135e-01  5.20305e-04  2.77851e-01
2.709947949e+03  2.7787741e-01  5.19013e-04  2.77877e-01
2.709909236e+03  2.7787693e-01  5.21709e-04  2.77877e-01
2.709870524e+03  2.7783472e-01  5.18466e-04  2.77835e-01
2.709831812e+03  2.7775895e-01  5.17184e-04  2.77759e-01
2.709793100e+03  2.7775524e-01  5.16653e-04  2.77755e-01
2.709754390e+03  2.7764872e-01  5.16641e-04  2.77649e-01
2.709715679e+03  2.7760327e-01  5.17215e-04  2.77603e-01
2.709676970e+03  2.7762858e-01  5.16779e-04  2.77629e-01
2.709638261e+03  2.7767568e-01  5.16961e-04  2.77676e-01
2.709599552e+03  2.7766771e-01  5.17460e-04  2.77668e-01
2.709560844e+03  2.7752657e-01  5.18153e-04  2.77527e-01
2.709522137e+03  2.7665417e-01  5.19645e-04  2.76654e-01
2.709483430e+03  2.6683093e-01  5.13935e-04  2.66831e-01
2.709444723e+03  2.7704836e-01  5.25363e-04  2.77048e-01
2.709406018e+03  2.7742671e-01  5.39349e-04  2.77427e-01
2.709367312e+03  2.7754387e-01  5.44783e-04  2.77544e-01
2.709328608e+03  2.7754195e-01  5.49077e-04  2.77542e-01
2.709289904e+03  2.7723963e-01  5.36174e-04  2.77240e-01
2.709251200e+03  2.7747066e-01  5.27165e-04  2.77471e-01
2.709212497e+03  2.7758729e-01  5.23122e-04  2.77587e-01
2.709173794e+03  2.7750697e-01  5.22560e-04  2.77507e-01
2.709135092e+03  2.7752655e-01  5.25533e-04  2.77527e-01
2.709096391e+03  2.7748396e-01  5.37935e-04  2.77484e-01
2.709057690e+03  2.7734689e-01  6.00858e-04  2.77347e-01
2.709018990e+03  2.7740796e-01  5.61984e-04  2.77408e-01
2.708980290e+03  2.7731112e-01  5.27626e-04  2.77311e-01
2.708941591e+03  2.7711758e-01  5.22402e-04  2.77118e-01
2.708902893e+03  2.7720182e-01  5.21717e-04  2.77202e-01
2.708864194e+03  2.7722360e-01  5.22595e-04  2.77224e-01
2.708825497e+03  2.7732547e-01  5.28078e-04  2.77325e-01
2.708786800e+03  2.7731544e-01  5.23827e-04  2.77315e-01
2.708748104e+03  2.7296190e-01  5.27224e-04  2.72962e-01
2.708709408e+03  2.7650069e-01  5.36560e-04  2.76501e-01
2.708670712e+03  2.7643154e-01  5.22398e-04  2.76432e-01
2.708632018e+03  2.7694228e-01  5.19427e-04  2.76942e-01
2.708593324e+03  2.7711785e-01  5.18651e-04  2.77118e-01
2.708554630e+03  2.7712719e-01  5.18576e-04  2.77127e-01
2.708515937e+03  2.7692835e-01  5.18325e-04  2.76928e-01
2.708477244e+03  2.7714439e-01  5.19142e-04  2.77144e-01
2.708438552e+03  2.7711535e-01  5.20579e-04  2.77115e-01
2.708399861e+03  2.7701229e-01  5.21921e-04  2.77012e-01
2.708361170e+03  2.7648324e-01  5.24342e-04  2.76483e-01
2.708322480e+03  2.4845045e-01  5.08455e-04  2.48450e-01
2.708283790e+03  2.7650465e-01  5.38252e-04  2.76505e-01
2.708245101e+03  2.7691630e-01  5.58889e-04  2.76916e-01
2.708206412e+03  2.7729365e-01  6.03370e-04  2.77294e-01
2.708167724e+03  2.7734556e-01  6.41378e-04  2.77346e-01
2.708129036e+03  2.7736716e-01  5.97431e-04  2.77367e-01
2.708090349e+03  2.7704549e-01  5.56286e-04  2.77045e-01
2.708051663e+03  2.7733965e-01  5.37534e-04  2.77340e-01
2.708012977e+03  2.7356869e-01  5.26559e-04  2.73569e-01
2.707974292e+03  2.7717571e-01  5.25558e-04  2.77176e-01
2.707935607e+03  2.7732150e-01  5.25770e-04  2.77321e-01
2.707896923e+03  2.7683710e-01  5.22687e-04  2.76837e-01
2.707858239e+03  2.7626395e-01  5.19521e-04  2.76264e-01
2.707819556e+03  2.7631137e-01  5.18485e-04  2.76311e-01
2.707780873e+03  2.7684050e-01  5.19014e-04  2.76840e-01
2.707742191e+03  2.7697731e-01  5.19662e-04  2.76977e-01
2.707703510e+03  2.7721318e-01  5.19749e-04  2.77213e-01
2.707664829e+03  2.7723600e-01  5.21927e-04  2.77236e-01
2.707626148e+03  2.7729580e-01  5.24800e-04  2.77296e-01
2.707587469e+03  2.7732638e-01  5.19625e-04  2.77326e-01
2.707548789e+03  2.7738628e-01  5.17331e-04  2.77386e-01
2.707510111e+03  2.7732856e-01  5.16722e-04  2.77329e-01
2.707471432e+03  2.7674945e-01  5.16121e-04  2.76749e-01
2.707432755e+03  2.7570042e-01  5.15305e-04  2.75700e-01
2.707394078e+03  2.7654934e-01  5.16465e-04  2.76549e-01
2.707355401e+03  2.7723999e-01  5.17218e-04  2.77240e-01
2.707316725e+03  2.7675585e-01  5.19422e-04  2.76756e-01
2.707278050e+03  2.7277510e-01  5.16784e-04  2.72775e-01
2.707239375e+03  2.7291891e-01  5.15579e-04  2.72919e-01
2.707200701e+03  2.7573418e-01  5.18960e-04  2.75734e-01
2.707162027e+03  2.7723757e-01  5.25950e-04  2.77238e-01
2.707123354e+03  2.7657426e-01  5.30774e-04  2.76574e-01
2.707084681e+03  2.7638749e-01  5.33316e-04  2.76387e-01
2.707046009e+03  2.7716426e-01  5.31451e-04  2.77164e-01
2.707007338e+03  2.7703967e-01  5.27465e-04  2.77040e-01
2.706968667e+03  2.7713230e-01  5.24176e-04  2.77132e-01
2.706929996e+03  2.7703053e-01  5.22520e-04  2.77031e-01
2.706891326e+03  2.7606494e-01  5.19011e-04  2.76065e-01
2.706852657e+03  2.7569700e-01  5.17091e-04  2.75697e-01
2.706813988e+03  2.7677530e-01  5.16892e-04  2.76775e-01
2.706775320e+03  2.7680649e-01  5.16920e-04  2.76806e-01
2.706736652e+03  2.7559169e-01  5.15765e-04  2.75592e-01
2.706697985e+03  2.7579947e-01  5.15281e-04  2.75799e-01
2.706659319e+03  2.7691026e-01  5.16190e-04  2.76910e-01
2.706620653e+03  2.7707666e-01  5.16108e-04  2.77077e-01
2.706581987e+03  2.7698268e-01  5.16417e-04  2.76983e-01
2.706543322e+03  2.7686497e-01  5.16704e-04  2.76865e-01
2.706504658e+03  2.7387218e-01  5.15261e-04  2.73872e-01
2.706465994e+03  2.7698244e-01  5.18599e-04  2.76982e-01
2.706427331e+03  2.7700788e-01  5.25141e-04  2.77008e-01
2.706388668e+03  2.7417618e-01  5.26998e-04  2.74176e-01
2.706350006e+03  2.6947428e-01  5.23394e-04  2.69474e-01
2.706311344e+03  2.7615485e-01  5.29740e-04  2.76155e-01
2.706272683e+03  2.7575092e-01  5.32613e-04  2.75751e-01
2.706234023e+03  2.7628319e-01  5.46798e-04  2.76283e-01
2.706195363e+03  2.7704843e-01  5.54199e-04  2.77048e-01
2.706156704e+03  2.7709042e-01  5.40043e-04  2.77090e-01
2.706118045e+03  2.7693680e-01  5.27562e-04  2.76937e-01
2.706079386e+03  2.7644043e-01  5.22204e-04  2.76440e-01
2.706040729e+03  2.7640936e-01  5.19355e-04  2.76409e-01
2.706002072e+03  2.7690076e-01  5.17900e-04  2.76901e-01
2.705963415e+03  2.7691010e-01  5.17441e-04  2.76910e-01
2.705924759e+03  2.7695635e-01  5.16574e-04  2.76956e-01
2.705886103e+03  2.7700224e-01  5.16110e-04  2.77002e-01
2.705847448e+03  2.7697995e-01  5.15892e-04  2.76980e-01
2.705808794e+03  2.7688155e-01  5.15732e-04  2.76882e-01
2.705770140e+03  2.7417303e-01  5.13778e-04  2.74173e-01
2.705731487e+03  2.7686744e-01  5.16418e-04  2.76867e-01
2.705692834e+03  2.7685465e-01  5.15426e-04  2.76855e-01
2.705654182e+03  2.7675705e-01  5.15158e-04  2.76757e-01
2.705615530e+03  2.7684465e-01  5.16402e-04  2.76845e-01
2.705576879e+03  2.7681298e-01  5.16885e-04  2.76813e-01
2.705538229e+03  2.7679521e-01  5.16219e-04  2.76795e-01
2.705499579e+03  2.7673539e-01  5.16720e-04  2.76735e-01
2.705460929e+03  2.7647549e-01  5.15966e-04  2.76475e-01
2.705422280e+03  2.7623720e-01  5.14861e-04  2.76237e-01
2.705383632e+03  2.7524843e-01  5.13842e-04  2.75248e-01
2.705344984e+03  2.7565363e-01  5.14302e-04  2.75654e-01
2.705306337e+03  2.7566215e-01  5.13943e-04  2.75662e-01
2.705267690e+03  2.7508102e-01  5.13547e-04  2.75081e-01
2.705229044e+03  2.7410828e-01  5.13186e-04  2.74108e-01
2.705190399e+03  2.7394465e-01  5.13140e-04  2.73945e-01
2.705151753e+03  2.7505631e-01  5.15532e-04  2.75056e-01
2.705113109e+03  2.7555051e-01  5.15626e-04  2.75551e-01
2.705074465e+03  2.7562422e-01  5.14797e-04  2.75624e-01
2.705035822e+03  2.7331775e-01  5.13233e-04  2.73318e-01
2.704997179e+03  2.7520812e-01  5.14354e-04  2.75208e-01
2.704958537e+03  2.7429072e-01  5.13913e-04  2.74291e-01
2.704919895e+03  2.7436624e-01  5.14499e-04  2.74366e-01
2.704881254e+03  2.7416787e-01  5.15432e-04  2.74168e-01
2.704842613e+03  2.7174226e-01  5.15894e-04  2.71742e-01
2.704803973e+03  2.6482638e-01  5.16024e-04  2.64826e-01
2.704765334e+03  2.5746325e-01  5.30811e-04  2.57463e-01
2.704726695e+03  2.6464407e-01  6.10031e-04  2.64644e-01
2.704688056e+03  2.7158727e-01  5.44193e-04  2.71587e-01
2.704649418e+03  2.7371110e-01  5.36602e-04  2.73711e-01
2.704610781e+03  2.7307449e-01  5.89769e-04  2.73074e-01
2.704572144e+03  2.7338277e-01  5.64242e-04  2.73383e-01
2.704533508e+03  2.7117122e-01  5.62600e-04  2.71171e-01
2.704494873e+03  2.6494004e-01  5.22614e-04  2.64940e-01
2.704456237e+03  2.5464123e-01  5.10476e-04  2.54641e-01
2.704417603e+03  2.5775045e-01  5.08317e-04  2.57750e-01
2.704378969e+03  2.6814263e-01  5.12904e-04  2.68143e-01
2.704340335e+03  2.7223157e-01  5.14845e-04  2.72232e-01
2.704301703e+03  2.7174686e-01  5.15397e-04  2.71747e-01
2.704263070e+03  2.7401517e-01  5.15396e-04  2.74015e-01
2.704224438e+03  2.7412014e-01  5.15256e-04  2.74120e-01
2.704185807e+03  2.7373079e-01  5.14191e-04  2.73731e-01
2.704147177e+03  2.7286874e-01  5.14335e-04  2.72869e-01
2.704108546e+03  2.7085245e-01  5.18044e-04  2.70852e-01
2.704069917e+03  2.6506928e-01  5.08747e-04  2.65069e-01
2.704031288e+03  2.5299999e-01  4.98623e-04  2.53000e-01
2.703992659e+03  2.5117018e-01  4.96516e-04  2.51170e-01
2.703954031e+03  2.5920288e-01  5.02152e-04  2.59203e-01
2.703915404e+03  2.5756411e-01  5.00963e-04  2.57564e-01
2.703876777e+03  2.4255708e-01  4.90466e-04  2.42557e-01
2.703838151e+03  2.3253128e-01  4.82853e-04  2.32531e-01
2.703799525e+03  2.5038121e-01  4.95744e-04  2.50381e-01
2.703760900e+03  2.6462795e-01  5.05997e-04  2.64628e-01
2.703722276e+03  2.6997015e-01  5.10433e-04  2.69970e-01
2.703683652e+03  2.7243258e-01  5.12009e-04  2.72433e-01
2.703645028e+03  2.7377740e-01  5.13595e-04  2.73777e-01
2.703606405e+03  2.7455543e-01  5.16084e-04  2.74555e-01
2.703567783e+03  2.7392809e-01  5.19515e-04  2.73928e-01
2.703529161e+03  2.7538171e-01  5.14821e-04  2.75382e-01
2.703490540e+03  2.7560571e-01  5.13999e-04  2.75606e-01
2.703451919e+03  2.7516282e-01  5.13544e-04  2.75163e-01
2.703413299e+03  2.7451505e-01  5.13550e-04  2.74515e-01
2.703374679e+03  2.7541785e-01  5.15162e-04  2.75418e-01
2.703336060e+03  2.7595970e-01  5.19917e-04  2.75960e-01
2.703297441e+03  2.7612323e-01  5.17949e-04  2.76123e-01
2.703258823e+03  2.7570686e-01  5.17955e-04  2.75707e-01
2.703220206e+03  2.7623122e-01  5.15955e-04  2.76231e-01
2.703181589e+03  2.7619140e-01  5.16023e-04  2.76191e-01
2.703142973e+03  2.7627181e-01  5.17149e-04  2.76272e-01
2.703104357e+03  2.7622000e-01  5.19999e-04  2.76220e-01
2.703065742e+03  2.7610333e-01  5.21327e-04  2.76103e-01
2.703027127e+03  2.7612695e-01  5.17504e-04  2.76127e-01
2.702988513e+03  2.7633875e-01  5.15935e-04  2.76339e-01
2.702949899e+03  2.7639461e-01  5.16432e-04  2.76395e-01
2.702911286e+03  2.7639537e-01  5.17454e-04  2.76395e-01
2.702872674e+03  2.7636511e-01  5.18447e-04  2.76365e-01
2.702834062e+03  2.7576203e-01  5.25365e-04  2.75762e-01
2.702795451e+03  2.7636139e-01  5.34664e-04  2.76361e-01
2.702756840e+03  2.7637735e-01  5.21860e-04  2.76377e-01
2.702718230e+03  2.7638719e-01  5.26047e-04  2.76387e-01
2.702679620e+03  2.7638280e-01  5.27256e-04  2.76383e-01
2.702641011e+03  2.7629166e-01  5.33079e-04  2.76292e-01
2.702602402e+03  2.7617661e-01  5.19327e-04  2.76177e-01
2.702563794e+03  2.7557544e-01  5.15545e-04  2.75575e-01
2.702525187e+03  2.7443348e-01  5.14011e-04  2.74433e-01
2.702486580e+03  2.7510736e-01  5.15617e-04  2.75107e-01
2.702447973e+03  2.7563258e-01  5.16777e-04  2.75633e-01
2.702409367e+03  2.7518023e-01  5.20423e-04  2.75180e-01
2.702370762e+03  2.7445091e-01  5.16226e-04  2.74451e-01
2.702332157e+03  2.7380257e-01  5.15185e-04  2.73803e-01
2.702293553e+03  2.7287692e-01  5.14118e-04  2.72877e-01
2.702254949e+03  2.7492024e-01  5.16747e-04  2.74920e-01
2.702216346e+03  2.7487509e-01  5.20002e-04  2.74875e-01
2.702177744e+03  2.7488915e-01  5.28852e-04  2.74889e-01
2.702139142e+03  2.7590634e-01  5.38767e-04  2.75906e-01
2.702100540e+03  2.7610964e-01  5.36778e-04  2.76110e-01
2.702061939e+03  2.7613882e-01  5.26564e-04  2.76139e-01
2.702023339e+03  2.7611878e-01  5.25593e-04  2.76119e-01
2.701984739e+03  2.7597244e-01  5.18662e-04  2.75972e-01
2.701946140e+03  2.7604833e-01  5.18828e-04  2.76048e-01
2.701907541e+03  2.7616298e-01  5.29157e-04  2.76163e-01
2.701868943e+03  2.7618904e-01  5.19472e-04  2.76189e-01
2.701830346e+03  2.7624898e-01  5.15643e-04  2.76249e-01
2.701791749e+03  2.7626743e-01  5.15230e-04  2.76267e-01
2.701753152e+03  2.7625371e-01  5.15232e-04  2.76254e-01
2.701714556e+03  2.7626229e-01  5.14794e-04  2.76262e-01
2.701675961e+03  2.7616234e-01  5.15193e-04  2.76162e-01
2.701637366e+03  2.7621245e-01  5.15575e-04  2.76212e-01
2.701598772e+03  2.7608713e-01  5.15333e-04  2.76087e-01
2.701560178e+03  2.7606956e-01  5.14445e-04  2.76070e-01
2.701521585e+03  2.7616180e-01  5.15267e-04  2.76162e-01
2.701482992e+03  2.7617595e-01  5.14497e-04  2.76176e-01
2.701444400e+03  2.7604269e-01  5.13604e-04  2.76043e-01
2.701405809e+03  2.7609355e-01  5.13571e-04  2.76094e-01
2.701367218e+03  2.7555121e-01  5.13273e-04  2.75551e-01
2.701328627e+03  2.7622900e-01  5.14010e-04  2.76229e-01
2.701290038e+03  2.7628713e-01  5.14258e-04  2.76287e-01
2.701251448e+03  2.7621000e-01  5.14097e-04  2.76210e-01
2.701212860e+03  2.7620657e-01  5.13635e-04  2.76207e-01
2.701174271e+03  2.7614912e-01  5.13476e-04  2.76149e-01
2.701135684e+03  2.7617057e-01  5.13486e-04  2.76171e-01
2.701097097e+03  2.7617327e-01  5.13510e-04  2.76173e-01
2.701058510e+03  2.7620608e-01  5.14016e-04  2.76206e-01
2.701019924e+03  2.7623571e-01  5.13724e-04  2.76236e-01
2.700981339e+03  2.7624807e-01  5.13691e-04  2.76248e-01
2.700942754e+03  2.7618647e-01  5.13965e-04  2.76186e-01
2.700904169e+03  2.7607826e-01  5.14493e-04  2.76078e-01
2.700865586e+03  2.7604727e-01  5.14943e-04  2.76047e-01
2.700827002e+03  2.7603285e-01  5.13845e-04  2.76033e-01
2.700788420e+03  2.7604891e-01  5.13479e-04  2.76049e-01
2.700749837e+03  2.7605417e-01  5.13439e-04  2.76054e-01
2.700711256e+03  2.7602980e-01  5.13434e-04  2.76030e-01
2.700672675e+03  2.7593335e-01  5.13537e-04  2.75933e-01
2.700634094e+03  2.7450528e-01  5.12944e-04  2.74505e-01
2.700595514e+03  2.7562085e-01  5.14699e-04  2.75621e-01
2.700556935e+03  2.7576792e-01  5.13686e-04  2.75768e-01
2.700518356e+03  2.7589742e-01  5.13689e-04  2.75897e-01
2.700479778e+03  2.7592652e-01  5.13652e-04  2.75927e-01
2.700441200e+03  2.7589799e-01  5.13856e-04  2.75898e-01
2.700402623e+03  2.7586028e-01  5.15974e-04  2.75860e-01
2.700364046e+03  2.7593106e-01  5.18212e-04  2.75931e-01
2.700325470e+03  2.7600863e-01  5.14814e-04  2.76009e-01
2.700286895e+03  2.7592728e-01  5.14497e-04  2.75927e-01
2.700248320e+03  2.7598401e-01  5.13719e-04  2.75984e-01
2.700209745e+03  2.7604512e-01  5.13900e-04  2.76045e-01
2.700171171e+03  2.7600294e-01  5.14222e-04  2.76003e-01
2.700132598e+03  2.7586686e-01  5.13477e-04  2.75867e-01
2.700094025e+03  2.7593736e-01  5.13465e-04  2.75937e-01
2.700055453e+03  2.7593105e-01  5.13364e-04  2.75931e-01
2.700016882e+03  2.7585631e-01  5.13413e-04  2.75856e-01