# wavelength_um	value
3.64963504	3.86806360e-01
3.64968717	3.86143940e-01
3.64973931	3.86338350e-01
3.64979145	3.85630390e-01
3.64984359	3.85428720e-01
3.64989573	3.86205790e-01
3.64994787	3.83943080e-01
3.65000002	3.86620290e-01
3.65005216	3.87686060e-01
3.65010430	3.85364440e-01
3.65015645	3.87755500e-01
3.65020859	3.87379530e-01
3.65026074	3.87651190e-01
3.65031288	3.86542740e-01
3.65036503	3.20531620e-01
3.65041718	3.87332030e-01
3.65046933	3.87698310e-01
3.65052148	3.87475970e-01
3.65057363	3.85974380e-01
3.65062578	3.85743270e-01
3.65067793	3.86131690e-01
3.65073008	3.85260250e-01
3.65078224	3.86865760e-01
3.65083439	3.81291940e-01
3.65088655	3.57239760e-01
3.65093870	3.87322600e-01
3.65099086	3.87539150e-01
3.65104301	3.86015170e-01
3.65109517	3.86873510e-01
3.65114733	3.87231370e-01
3.65119949	3.86886860e-01
3.65125165	3.25682790e-01
3.65130381	3.83113560e-01
3.65135597	3.86776510e-01
3.65140813	3.86642310e-01
3.65146030	3.87130920e-01
3.65151246	3.87119380e-01
3.65156463	3.85891250e-01
3.65161679	3.84474230e-01
3.65166896	3.85206060e-01
3.65172112	3.86354560e-01
3.65177329	3.87006740e-01
3.65182546	3.87383010e-01
3.65187763	3.87397350e-01
3.65192980	3.87472610e-01
3.65198197	3.87204530e-01
3.65203414	3.75343780e-01
3.65208631	3.86281770e-01
3.65213848	3.84689200e-01
3.65219066	3.24281670e-01
3.65224283	3.86240870e-01
3.65229501	3.87296300e-01
3.65234718	3.87294950e-01
3.65239936	3.86977100e-01
3.65245154	3.86995130e-01
3.65250371	3.87031110e-01
3.65255589	3.87124990e-01
3.65260807	3.87048760e-01
3.65266025	3.86930670e-01
3.65271243	3.86945580e-01
3.65276461	3.87045460e-01
3.65281680	3.86985470e-01
3.65286898	3.86935210e-01
3.65292116	3.86804580e-01
3.65297335	3.86615760e-01
3.65302553	3.86393910e-01
3.65307772	3.73681610e-01
3.65312991	3.40734830e-01
3.65318209	3.86286110e-01
3.65323428	3.85352210e-01
3.65328647	3.73725490e-01
3.65333866	3.86241880e-01
3.65339085	3.86472400e-01
3.65344304	3.86534050e-01
3.65349523	3.86644190e-01
3.65354743	3.86761190e-01
3.65359962	3.86848300e-01
3.65365181	3.86697260e-01
3.65370401	3.86673370e-01
3.65375621	3.86643010e-01
3.65380840	3.86732180e-01
3.65386060	3.86436870e-01
3.65391280	3.86804450e-01
3.65396500	3.86686670e-01
3.65401720	3.32624180e-01
3.65406940	3.86692950e-01
3.65412160	3.87019700e-01
3.65417380	3.86991970e-01
3.65422600	3.86593240e-01
3.65427821	3.86889880e-01
3.65433041	3.86952070e-01
3.65438261	3.86660340e-01
3.65443482	3.86389740e-01
3.65448703	3.86934760e-01
3.65453923	3.87050740e-01
3.65459144	3.82425700e-01
3.65464365	3.86903450e-01
3.65469586	3.87038140e-01
3.65474807	3.86963320e-01
3.65480028	3.86924120e-01
3.65485249	3.86884710e-01
3.65490470	3.66527230e-01
3.65495691	3.56368420e-01
3.65500913	3.86791890e-01
3.65506134	3.86825920e-01
3.65511356	3.86816900e-01
3.65516577	3.84757450e-01
3.65521799	3.86192120e-01
3.65527021	3.86206670e-01
3.65532243	3.86601130e-01
3.65537464	3.86630050e-01
3.65542686	3.86624180e-01
3.65547908	3.86091600e-01
3.65553131	3.85516620e-01
3.65558353	3.86079850e-01
3.65563575	3.86397360e-01
3.65568797	3.86372870e-01
3.65574020	3.86291270e-01
3.65579242	3.86019770e-01
3.65584465	3.39595770e-01
3.65589688	3.86221750e-01
3.65594910	3.86305830e-01
3.65600133	3.86265120e-01
3.65605356	3.86307190e-01
3.65610579	3.86495320e-01
3.65615802	3.86553120e-01
3.65621025	3.86286030e-01
3.65626248	3.85981180e-01
3.65631471	3.86675830e-01
3.65636695	3.86571940e-01
3.65641918	3.86588950e-01
3.65647141	3.86327430e-01
3.65652365	3.86579470e-01
3.65657588	3.86643560e-01
3.65662812	3.86669530e-01
3.65668036	3.86529560e-01
3.65673260	3.43954950e-01
3.65678484	3.85867400e-01
3.65683708	3.86263150e-01
3.65688932	3.86223980e-01
3.65694156	3.86272510e-01
3.65699380	3.86229740e-01
3.65704604	3.86231350e-01
3.65709829	3.86188300e-01
3.65715053	3.86178710e-01
3.65720278	3.86147840e-01
3.65725502	3.85783440e-01
3.65730727	3.86137340e-01
3.65735952	3.86123600e-01
3.65741176	3.86111030e-01
3.65746401	3.85965320e-01
3.65751626	3.86199840e-01
3.65756851	3.86169910e-01
3.65762076	3.83044810e-01
3.65767301	3.49651490e-01
3.65772527	3.83648000e-01
3.65777752	3.84165140e-01
3.65782977	3.84165020e-01
3.65788203	3.83354750e-01
3.65793428	3.84863480e-01
3.65798654	3.85009960e-01
3.65803880	3.81506680e-01
3.65809106	3.81817350e-01
3.65814331	3.83846620e-01
3.65819557	3.83828790e-01
3.65824783	3.82617260e-01
3.65830009	3.80679310e-01
3.65835235	3.74509430e-01
3.65840462	3.55599500e-01
3.65845688	3.37451430e-01
3.65850914	3.55504130e-01
3.65856141	3.40178610e-01
3.65861367	3.79418820e-01
3.65866594	3.80670550e-01
3.65871821	3.83331440e-01
3.65877047	3.84810620e-01
3.65882274	3.85222300e-01
3.65887501	3.85255980e-01
3.65892728	3.85411040e-01
3.65897955	3.85571620e-01
3.65903182	3.85762540e-01
3.65908409	3.85757300e-01
3.65913637	3.85802080e-01
3.65918864	3.85310000e-01
3.65924091	3.84728650e-01
3.65929319	3.85072040e-01
3.65934546	3.85782850e-01
3.65939774	3.85722690e-01
3.65945002	3.54442860e-01
3.65950230	3.85271540e-01
3.65955457	3.85421850e-01
3.65960685	3.85422460e-01
3.65965913	3.84878100e-01
3.65971141	3.85274870e-01
3.65976370	3.85829570e-01
3.65981598	3.85909480e-01
3.65986826	3.84843640e-01
3.65992054	3.79019710e-01
3.65997283	3.78006930e-01
3.66002511	3.81688200e-01
3.66007740	3.82531360e-01
3.66012969	3.85033020e-01
3.66018198	3.85522680e-01
3.66023426	3.85540540e-01
3.66028655	3.84058310e-01
3.66033884	3.55631900e-01
3.66039113	3.83765590e-01
3.66044342	3.85258450e-01
3.66049572	3.85385830e-01
3.66054801	3.85779140e-01
3.66060030	3.85963230e-01
3.66065260	3.85929240e-01
3.66070489	3.85721430e-01
3.66075719	3.84532690e-01
3.66080949	3.83433460e-01
3.66086178	3.84256780e-01
3.66091408	3.85574720e-01
3.66096638	3.85823640e-01
3.66101868	3.85682550e-01
3.66107098	3.85536550e-01
3.66112328	3.84819970e-01
3.66117558	3.83936680e-01
3.66122788	3.59525310e-01
3.66128019	3.83957960e-01
3.66133249	3.85246560e-01
3.66138480	3.85387480e-01
3.66143710	3.85348520e-01
3.66148941	3.85263750e-01
3.66154171	3.62939060e-01
3.66159402	3.84389350e-01
3.66164633	3.85643580e-01
3.66169864	3.85726990e-01
3.66175095	3.85762510e-01
3.66180326	3.85759200e-01
3.66185557	3.85642600e-01
3.66190788	3.85541840e-01
3.66196020	3.85070690e-01
3.66201251	3.83405670e-01
3.66206482	3.83120070e-01
3.66211714	3.64238510e-01
3.66216946	3.85238690e-01
3.66222177	3.85565550e-01
3.66227409	3.84856150e-01
3.66232641	3.81174870e-01
3.66237873	3.82172590e-01
3.66243105	3.85380410e-01
3.66248337	3.85492000e-01
3.66253569	3.84572750e-01
3.66258801	3.85319030e-01
3.66264033	3.85389330e-01
3.66269266	3.85017930e-01
3.66274498	3.84181860e-01
3.66279731	3.82428650e-01
3.66284963	3.80456120e-01
3.66290196	3.77064540e-01
3.66295429	3.81844390e-01
3.66300661	3.66640340e-01
3.66305894	3.84809580e-01
3.66311127	3.85164720e-01
3.66316360	3.84774130e-01
3.66321593	3.77752850e-01
3.66326827	3.85326840e-01
3.66332060	3.85204760e-01
3.66337293	3.85406300e-01
3.66342526	3.85405570e-01
3.66347760	3.85591160e-01
3.66352993	3.84795850e-01
3.66358227	3.85310990e-01
3.66363461	3.85339370e-01
3.66368694	3.85233600e-01
3.66373928	3.85097600e-01
3.66379162	3.85087320e-01
3.66384396	3.85099310e-01
3.66389630	3.69815360e-01
3.66394864	3.84786490e-01
3.66400099	3.84811000e-01
3.66405333	3.84800860e-01
3.66410567	3.84303140e-01
3.66415802	3.84426740e-01
3.66421036	3.84216040e-01
3.66426271	3.83728510e-01
3.66431505	3.82751320e-01
3.66436740	3.82148820e-01
3.66441975	3.81773890e-01
3.66447210	3.81662160e-01
3.66452445	3.81881330e-01
3.66457680	3.82092300e-01
3.66462915	3.83636950e-01
3.66468150	3.83971950e-01
3.66473386	3.84238470e-01
3.66478621	3.71633360e-01
3.66483856	3.84587670e-01
3.66489092	3.84764130e-01
3.66494327	3.84869700e-01
3.66499563	3.84889190e-01
3.66504799	3.84963180e-01
3.66510034	3.85063910e-01
3.66515270	3.85051490e-01
3.66520506	3.85019590e-01
3.66525742	3.85053200e-01
3.66530978	3.85060630e-01
3.66536214	3.84769600e-01
3.66541451	3.82661280e-01
3.66546687	3.85085300e-01
3.66551923	3.85165080e-01
3.66557160	3.84208390e-01
3.66562396	3.85071200e-01
3.66567633	3.74087650e-01
3.66572870	3.84846890e-01
3.66578106	3.84836440e-01
3.66583343	3.84662380e-01
3.66588580	3.83483940e-01
3.66593817	3.82818500e-01
3.66599054	3.83498310e-01
3.66604291	3.84177660e-01
3.66609528	3.84511640e-01
3.66614766	3.85063450e-01
3.66620003	3.85070760e-01
3.66625240	3.85056120e-01
3.66630478	3.84812860e-01
3.66635716	3.83708060e-01
3.66640953	3.83890490e-01
3.66646191	3.84686980e-01
3.66651429	3.84213690e-01
3.66656667	3.74634780e-01
3.66661905	3.84032270e-01
3.66667143	3.83356330e-01
3.66672381	3.83095000e-01
3.66677619	3.83803300e-01
3.66682857	3.84010630e-01
3.66688095	3.82964970e-01
3.66693334	3.82751910e-01
3.66698572	3.83936890e-01
3.66703811	3.84012500e-01
3.66709050	3.83728690e-01
3.66714288	3.83119270e-01
3.66719527	3.82727110e-01
3.66724766	3.83306890e-01
3.66730005	3.82553000e-01
3.66735244	3.82095720e-01
3.66740483	3.76080690e-01
3.66745722	3.82749290e-01
3.66750961	3.76748720e-01
3.66756201	3.69730450e-01
3.66761440	3.76767570e-01
3.66766679	3.80669400e-01
3.66771919	3.83156580e-01
3.66777158	3.83179330e-01
3.66782398	3.82012430e-01
3.66787638	3.83373470e-01
3.66792878	3.49614010e-01
3.66798118	3.75357460e-01
3.66803358	3.84499200e-01
3.66808598	3.84534480e-01
3.66813838	3.84624360e-01
3.66819078	3.84480550e-01
3.66824318	3.84210230e-01
3.66829559	3.78081190e-01
3.66834799	3.83736130e-01
3.66840039	3.82302570e-01
3.66845280	3.81845310e-01
3.66850521	3.83495140e-01
3.66855761	3.82609160e-01
3.66861002	3.66487690e-01
3.66866243	3.83933550e-01
3.66871484	3.84627290e-01
3.66876725	3.84674770e-01
3.66881966	3.84641040e-01
3.66887207	3.84608650e-01
3.66892449	3.84472900e-01
3.66897690	3.84368220e-01
3.66902931	3.84293560e-01
3.66908173	3.83963170e-01
3.66913414	3.78764890e-01
3.66918656	3.82763720e-01
3.66923898	3.84227280e-01
3.66929139	3.84373060e-01
3.66934381	3.84325570e-01
3.66939623	3.84199360e-01
3.66944865	3.84073130e-01
3.66950107	3.83745660e-01
3.66955349	3.83454450e-01
3.66960592	3.81558590e-01
3.66965834	3.83278820e-01
3.66971076	3.83280110e-01
3.66976319	3.82313580e-01
3.66981561	3.82756370e-01
3.66986804	3.83644880e-01
3.66992046	3.83757550e-01
3.66997289	3.83896430e-01
3.67002532	3.80170460e-01
3.67007775	3.84157270e-01
3.67013018	3.84221480e-01
3.67018261	3.84170690e-01
3.67023504	3.83880200e-01
3.67028747	3.84142630e-01
3.67033990	3.83795850e-01
3.67039234	3.83762180e-01
3.67044477	3.83830090e-01
3.67049721	3.83747180e-01
3.67054964	3.83370420e-01
3.67060208	3.80034780e-01
3.67065452	3.83279190e-01
3.67070695	3.82981850e-01
3.67075939	3.82479040e-01
3.67081183	3.81847110e-01
3.67086427	3.77480880e-01
3.67091671	3.78202510e-01
3.67096916	3.73230440e-01
3.67102160	3.62624120e-01
3.67107404	3.52961710e-01
3.67112648	3.55646350e-01
3.67117893	3.47602230e-01
3.67123138	3.76425440e-01
3.67128382	3.71290760e-01
3.67133627	3.79188420e-01
3.67138872	3.81476310e-01
3.67144116	3.82289290e-01
3.67149361	3.82669440e-01
3.67154606	3.82843370e-01
3.67159851	3.80620990e-01
3.67165097	3.81588500e-01
3.67170342	3.80124390e-01
3.67175587	3.26694740e-01
3.67180832	3.81699430e-01
3.67186078	3.81770890e-01
3.67191323	3.81728970e-01
3.67196569	3.81886630e-01
3.67201815	3.82057440e-01
3.67207060	3.82123960e-01
3.67212306	3.82131790e-01
3.67217552	3.82219240e-01
3.67222798	3.82443250e-01
3.67228044	3.82884930e-01
3.67233290	3.82710960e-01
3.67238536	3.83508790e-01
3.67243783	3.83572010e-01
3.67249029	3.83276090e-01
3.67254275	3.83278430e-01
3.67259522	3.81352710e-01
3.67264768	3.29726840e-01
3.67270015	3.82461070e-01
3.67275262	3.83795180e-01
3.67280509	3.83836840e-01
3.67285756	3.83810790e-01
3.67291002	3.83882340e-01
3.67296249	3.83937560e-01
3.67301497	3.83934300e-01
3.67306744	3.83687400e-01
3.67311991	3.83707500e-01
3.67317238	3.83696460e-01
3.67322486	3.83695450e-01
3.67327733	3.83605520e-01
3.67332981	3.83274490e-01
3.67338228	3.82907770e-01
3.67343476	3.81313080e-01
3.67348724	3.83125900e-01
3.67353972	3.83474370e-01
3.67359220	3.83493830e-01
3.67364467	3.42234500e-01
3.67369715	3.57575290e-01
3.67374964	3.70566000e-01
3.67380212	3.83750740e-01
3.67385460	3.83764150e-01
3.67390709	3.83785930e-01
3.67395957	3.79028670e-01
3.67401205	3.83471050e-01
3.67406454	3.83674470e-01
3.67411703	3.83751060e-01
3.67416952	3.83742250e-01
3.67422200	3.83800940e-01
3.67427449	3.82629720e-01
3.67432698	3.83864520e-01
3.67437947	3.83814480e-01
3.67443196	3.83698450e-01
3.67448446	3.83696050e-01
3.67453695	3.83447710e-01
3.67458944	3.83407850e-01
3.67464194	3.80418090e-01
3.67469443	3.83595470e-01
3.67474693	3.83716570e-01
3.67479942	3.83704910e-01
3.67485192	3.83752450e-01
3.67490442	3.83737070e-01
3.67495692	3.83538290e-01
3.67500942	3.62119310e-01
3.67506192	3.82825510e-01
3.67511442	3.41110830e-01
3.67516692	3.81242380e-01
3.67521942	3.82865680e-01
3.67527192	3.83375100e-01
3.67532443	3.83576930e-01
3.67537693	3.83567400e-01
3.67542944	3.83498150e-01
3.67548194	3.74660760e-01
3.67553445	3.70643690e-01
3.67558696	3.53670650e-01
3.67563947	3.79745000e-01
3.67569198	3.83361120e-01
3.67574449	3.83440590e-01
3.67579700	3.82148640e-01
3.67584951	3.83065540e-01
3.67590202	3.83400770e-01
3.67595453	3.82607190e-01
3.67600705	3.83252060e-01
3.67605956	3.52759000e-01
3.67611208	3.79856050e-01
3.67616459	3.82557040e-01
3.67621711	3.82648880e-01
3.67626962	3.72228590e-01
3.67632214	3.82747490e-01
3.67637466	3.82611540e-01
3.67642718	3.81535690e-01
3.67647970	3.82628070e-01
3.67653222	3.82400880e-01
3.67658474	3.81806470e-01
3.67663727	3.77887670e-01
3.67668979	3.80516960e-01
3.67674232	3.75198920e-01
3.67679484	3.75992250e-01
3.67684737	3.72403900e-01
3.67689989	3.60136220e-01
3.67695242	3.43515410e-01
3.67700495	3.49195160e-01
3.67705748	3.64455920e-01
3.67711001	3.71227660e-01
3.67716254	3.72169960e-01
3.67721507	3.75809200e-01
3.67726760	3.79337190e-01
3.67732013	3.80682920e-01
3.67737266	3.81300050e-01
3.67742520	3.81380860e-01
3.67747773	3.80781250e-01
3.67753027	3.82046840e-01
3.67758280	3.81816850e-01
3.67763534	3.79841720e-01
3.67768788	3.79928200e-01
3.67774042	3.82078120e-01
3.67779296	3.82051480e-01
3.67784550	3.81780340e-01
3.67789804	3.79759900e-01
3.67795058	3.80702990e-01
3.67800312	3.80863100e-01
3.67805566	3.71605780e-01
3.67810821	3.72992550e-01
3.67816075	3.81135870e-01
3.67821330	3.70503430e-01
3.67826584	3.80214860e-01
3.67831839	3.79735720e-01
3.67837094	3.78558870e-01
3.67842348	3.77756230e-01
3.67847603	3.75503320e-01
3.67852858	3.72555490e-01
3.67858113	3.66422200e-01
3.67863368	3.53436870e-01
3.67868624	3.29730670e-01
3.67873879	3.21850200e-01
3.67879134	3.35964430e-01
3.67884390	3.53875220e-01
3.67889645	3.63921290e-01
3.67894901	3.69473530e-01
3.67900156	3.73259130e-01
3.67905412	3.75469260e-01
3.67910668	3.76806080e-01
3.67915924	3.77911820e-01
3.67921180	3.78679270e-01
3.67926436	3.79427480e-01
3.67931692	3.69009270e-01
3.67936948	3.80645180e-01
3.67942204	3.80947830e-01
3.67947460	3.81143660e-01
3.67952717	3.80728770e-01
3.67957973	3.79437300e-01
3.67963230	3.80186060e-01
3.67968486	3.74894000e-01
3.67973743	3.80209350e-01
3.67979000	3.79850050e-01
3.67984257	3.81512850e-01
3.67989514	3.82059080e-01
3.67994771	3.82094300e-01
3.68000028	3.81926390e-01
3.68005285	3.81365980e-01
3.68010542	3.81360240e-01
3.68015799	3.81267710e-01
3.68021057	3.81950030e-01
3.68026314	3.82018930e-01
3.68031572	3.81268280e-01
3.68036829	3.80051240e-01
3.68042087	3.77199310e-01
3.68047345	3.81539210e-01
3.68052603	3.79951570e-01
3.68057861	3.76511530e-01
3.68063118	3.81952680e-01
3.68068377	3.76791350e-01
3.68073635	3.80871380e-01
3.68078893	3.80162810e-01
3.68084151	3.81505760e-01
3.68089409	3.81883400e-01
3.68094668	3.81925170e-01
3.68099926	3.82136070e-01
3.68105185	3.82161700e-01
3.68110444	3.81986740e-01
3.68115702	3.81994340e-01
3.68120961	3.81950970e-01
3.68126220	3.81710760e-01
3.68131479	3.66367200e-01
3.68136738	3.81573560e-01
3.68141997	3.81520560e-01
3.68147256	3.81446270e-01
3.68152515	3.81303560e-01
3.68157775	3.81073220e-01
3.68163034	3.80827860e-01
3.68168294	3.73705780e-01
3.68173553	3.72531980e-01
3.68178813	3.79512140e-01
3.68184072	3.78827070e-01
3.68189332	3.78343210e-01
3.68194592	3.77094700e-01
3.68199852	3.75447330e-01
3.68205112	3.73160470e-01
3.68210372	3.70278380e-01
3.68215632	3.65716900e-01
3.68220893	3.57855160e-01
3.68226153	3.42431660e-01
3.68231413	3.21476990e-01
3.68236674	3.16091510e-01
3.68241934	3.33799230e-01
3.68247195	3.46123330e-01
3.68252455	3.59922270e-01
3.68257716	3.65955080e-01
3.68262977	3.70289780e-01
3.68268238	3.68105340e-01
3.68273499	3.74802130e-01
3.68278760	3.76618260e-01
3.68284021	3.77420720e-01
3.68289282	3.77963520e-01
3.68294544	3.77285090e-01
3.68299805	3.79466810e-01
3.68305066	3.67869410e-01
3.68310328	3.70519250e-01
3.68315589	3.80276350e-01
3.68320851	3.79199220e-01
3.68326113	3.79893300e-01
3.68331375	3.80900110e-01
3.68336636	3.80702600e-01
3.68341898	3.80470900e-01
3.68347160	3.80205080e-01
3.68352422	3.78529310e-01
3.68357685	3.74609820e-01
3.68362947	3.75028230e-01
3.68368209	3.72466640e-01
3.68373472	3.80926430e-01
3.68378734	3.81199940e-01
3.68383997	3.81696470e-01
3.68389259	3.81825120e-01
3.68394522	3.81923090e-01
3.68399785	3.81859250e-01
3.68405048	3.81227580e-01
3.68410311	3.81392430e-01
3.68415574	3.81672270e-01
3.68420837	3.81923470e-01
3.68426100	3.81800070e-01
3.68431363	3.81792940e-01
3.68436626	3.81825860e-01
3.68441890	3.81848170e-01
3.68447153	3.81709220e-01
3.68452417	3.80480540e-01
3.68457680	3.77988960e-01
3.68462944	3.80470890e-01
3.68468208	3.78728820e-01
3.68473472	3.78242350e-01
3.68478736	3.81197100e-01
3.68484000	3.81236050e-01
3.68489264	3.80083580e-01
3.68494528	3.80454200e-01
3.68499792	3.81668650e-01
3.68505056	3.81958250e-01
3.68510321	3.82044630e-01
3.68515585	3.82117550e-01
3.68520849	3.82056280e-01
3.68526114	3.82060370e-01
3.68531379	3.82094260e-01
3.68536643	3.82106780e-01
3.68541908	3.81894890e-01
3.68547173	3.81430970e-01
3.68552438	3.82109210e-01
3.68557703	3.82120550e-01
3.68562968	3.82090360e-01
3.68568233	3.81896220e-01
3.68573499	3.76327540e-01
3.68578764	3.81804270e-01
3.68584029	3.81373590e-01
3.68589295	3.81233830e-01
3.68594560	3.80396590e-01
3.68599826	3.80945820e-01
3.68605092	3.81361120e-01
3.68610358	3.80424080e-01
3.68615623	3.81364350e-01
3.68620889	3.81490730e-01
3.68626155	3.81591770e-01
3.68631422	3.81662470e-01
3.68636688	3.81720790e-01
3.68641954	3.81688370e-01
3.68647220	3.81629220e-01
3.68652487	3.81509560e-01
3.68657753	3.81410640e-01
3.68663020	3.81274980e-01
3.68668286	3.80985600e-01
3.68673553	3.75082350e-01
3.68678820	3.80754510e-01
3.68684087	3.80983040e-01
3.68689353	3.80795470e-01
3.68694620	3.81254890e-01
3.68699887	3.81331580e-01
3.68705155	3.81491510e-01
3.68710422	3.81602980e-01
3.68715689	3.81620060e-01
3.68720957	3.81561180e-01
3.68726224	3.81521430e-01
3.68731491	3.81468160e-01
3.68736759	3.81157560e-01
3.68742027	3.81099210e-01
3.68747294	3.81296150e-01
3.68752562	3.81163830e-01
3.68757830	3.81369080e-01
3.68763098	3.81013630e-01
3.68768366	3.81508980e-01
3.68773634	3.75385460e-01
3.68778903	3.81008000e-01
3.68784171	3.81011590e-01
3.68789439	3.81223030e-01
3.68794708	3.81500940e-01
3.68799976	3.81626830e-01
3.68805245	3.81558630e-01
3.68810513	3.81577470e-01
3.68815782	3.81562510e-01
3.68821051	3.81402140e-01
3.68826320	3.81588120e-01
3.68831589	3.81582140e-01
3.68836858	3.81676900e-01
3.68842127	3.81433500e-01
3.68847396	3.81593540e-01
3.68852665	3.76905520e-01
3.68857935	3.81539180e-01
3.68863204	3.81533050e-01
3.68868473	3.81520490e-01
3.68873743	3.75939850e-01
3.68879012	3.81509640e-01
3.68884282	3.81402590e-01
3.68889552	3.81460970e-01
3.68894822	3.81154260e-01
3.68900092	3.81429940e-01
3.68905362	3.81411690e-01
3.68910632	3.81444780e-01
3.68915902	3.79614240e-01
3.68921172	3.81409510e-01
3.68926443	3.81429450e-01
3.68931713	3.79722730e-01
3.68936983	3.80911470e-01
3.68942254	3.81197680e-01
3.68947525	3.81061180e-01
3.68952795	3.80984100e-01
3.68958066	3.80700810e-01
3.68963337	3.80696200e-01
3.68968608	3.81166550e-01
3.68973879	3.75877680e-01
3.68979150	3.80311010e-01
3.68984421	3.81410210e-01
3.68989692	3.81395510e-01
3.68994963	3.81424950e-01
3.69000235	3.81127760e-01
3.69005506	3.81416270e-01
3.69010778	3.81452300e-01
3.69016049	3.81453880e-01
3.69021321	3.81403580e-01
3.69026593	3.81304820e-01
3.69031864	3.81302090e-01
3.69037136	3.81165630e-01
3.69042408	3.81108720e-01
3.69047680	3.81144050e-01
3.69052952	3.81209090e-01
3.69058225	3.81200010e-01
3.69063497	3.81027940e-01
3.69068769	3.79968010e-01
3.69074042	3.68430760e-01
3.69079314	3.80408790e-01
3.69084587	3.80897770e-01
3.69089859	3.81051780e-01
3.69095132	3.81051290e-01
3.69100405	3.80702940e-01
3.69105678	3.80979250e-01
3.69110951	3.81116700e-01
3.69116224	3.81014250e-01
3.69121497	3.81041930e-01
3.69126770	3.80988710e-01
3.69132043	3.80828860e-01
3.69137316	3.80895710e-01
3.69142590	3.80770260e-01
3.69147863	3.80520460e-01
3.69153137	3.80640810e-01
3.69158410	3.80679990e-01
3.69163684	3.80799180e-01
3.69168958	3.80788120e-01
3.69174232	3.75688220e-01
3.69179506	3.79738160e-01
3.69184780	3.79643250e-01
3.69190054	3.80310290e-01
3.69195328	3.80541240e-01
3.69200602	3.80559740e-01
3.69205876	3.80334140e-01
3.69211151	3.80583980e-01
3.69216425	3.80550250e-01
3.69221700	3.80424950e-01
3.69226974	3.79823580e-01
3.69232249	3.46314190e-01
3.69237524	3.79786000e-01
3.69242798	3.80313220e-01
3.69248073	3.80794600e-01
3.69253348	3.80863090e-01
3.69258623	3.80893130e-01
3.69263899	3.80524140e-01
3.69269174	3.80861790e-01
3.69274449	3.76462350e-01
3.69279724	3.80680340e-01
3.69285000	3.80844160e-01
3.69290275	3.80239710e-01
3.69295551	3.79470950e-01
3.69300826	3.79539440e-01
3.69306102	3.80241480e-01
3.69311378	3.80436960e-01
3.69316654	3.80720690e-01
3.69321930	3.80747410e-01
3.69327206	3.80829860e-01
3.69332482	3.80875920e-01
3.69337758	3.80949780e-01
3.69343034	3.80876860e-01
3.69348311	3.80124950e-01
3.69353587	3.78761110e-01
3.69358864	3.79869020e-01
3.69364140	3.80771010e-01
3.69369417	3.80144010e-01
3.69374694	3.75331700e-01
3.69379970	3.75613910e-01
3.69385247	3.79025070e-01
3.69390524	3.80781850e-01
3.69395801	3.80005690e-01
3.69401078	3.79778580e-01
3.69406355	3.80690280e-01
3.69411633	3.80556530e-01
3.69416910	3.80663360e-01
3.69422187	3.80522260e-01
3.69427465	3.79266880e-01
3.69432742	3.78789910e-01
3.69438020	3.80196370e-01
3.69443298	3.80239210e-01
3.69448575	3.78659430e-01
3.69453853	3.78932270e-01
3.69459131	3.80381140e-01
3.69464409	3.80600260e-01
3.69469687	3.80492080e-01
3.69474965	3.80352970e-01
3.69480243	3.76860960e-01
3.69485522	3.80488060e-01
3.69490800	3.80525420e-01
3.69496079	3.77211050e-01
3.69501357	3.71620970e-01
3.69506636	3.79431760e-01
3.69511914	3.78894790e-01
3.69517193	3.79621600e-01
3.69522472	3.80588030e-01
3.69527751	3.80644640e-01
3.69533030	3.80446720e-01
3.69538309	3.79802470e-01
3.69543588	3.79764220e-01
3.69548867	3.80406480e-01
3.69554146	3.80426910e-01
3.69559426	3.80483270e-01
3.69564705	3.80545320e-01
3.69569985	3.80518790e-01
3.69575264	3.80397550e-01
3.69580544	3.77242610e-01
3.69585824	3.80379330e-01
3.69591103	3.80367100e-01
3.69596383	3.80261620e-01
3.69601663	3.80355620e-01
3.69606943	3.80316480e-01
3.69612223	3.80295550e-01
3.69617503	3.80219940e-01
3.69622784	3.79905910e-01
3.69628064	3.79575500e-01
3.69633344	3.78290010e-01
3.69638625	3.78819910e-01
3.69643906	3.78833230e-01
3.69649186	3.78078670e-01
3.69654467	3.76815710e-01
3.69659748	3.76605560e-01
3.69665029	3.78053270e-01
3.69670309	3.78699310e-01
3.69675590	3.78799830e-01
3.69680871	3.76114970e-01
3.69686153	3.78260630e-01
3.69691434	3.77070280e-01
3.69696715	3.77168980e-01
3.69701997	3.76911880e-01
3.69707278	3.73755250e-01
3.69712560	3.64751020e-01
3.69717841	3.55167870e-01
3.69723123	3.64521180e-01
3.69728405	3.73579020e-01
3.69733686	3.76331240e-01
3.69738968	3.75643460e-01
3.69744250	3.75908070e-01
3.69749532	3.73029630e-01
3.69754814	3.64916970e-01
3.69760097	3.51507160e-01
3.69765379	3.55586570e-01
3.69770661	3.69100270e-01
3.69775944	3.74437550e-01
3.69781226	3.74030700e-01
3.69786509	3.76749540e-01
3.69791792	3.76891530e-01
3.69797074	3.76382970e-01
3.69802357	3.75262500e-01
3.69807640	3.72638900e-01
3.69812923	3.65109720e-01
3.69818206	3.49394160e-01
3.69823489	3.47013450e-01
3.69828772	3.57494310e-01
3.69834056	3.55344820e-01
3.69839339	3.35803340e-01
3.69844622	3.22749010e-01
3.69849906	3.45997170e-01
3.69855189	3.64559830e-01
3.69860473	3.71512280e-01
3.69865757	3.74721350e-01
3.69871041	3.76475030e-01
3.69876325	3.77491130e-01
3.69881608	3.76838590e-01
3.69886892	3.78571620e-01
3.69892177	3.78871170e-01
3.69897461	3.78290450e-01
3.69902745	3.77449080e-01
3.69908029	3.78629300e-01
3.69913314	3.79337760e-01
3.69918598	3.79550340e-01
3.69923883	3.79084310e-01
3.69929167	3.79696920e-01
3.69934452	3.79661590e-01
3.69939737	3.79759620e-01
3.69945022	3.79687360e-01
3.69950307	3.79537700e-01
3.69955592	3.79587450e-01
3.69960877	3.79848820e-01
3.69966162	3.79923650e-01
3.69971447	3.79926910e-01
3.69976732	3.79889980e-01
3.69982018	3.79189790e-01
3.69987303	3.79892450e-01
3.69992589	3.79912600e-01
3.69997874	3.79927440e-01
3.70003160	3.79923960e-01
3.70008446	3.79807510e-01
3.70013732	3.79659930e-01
3.70019018	3.78879320e-01
3.70024303	3.77409330e-01
3.70029590	3.78275840e-01
3.70034876	3.78960690e-01
3.70040162	3.78389200e-01
3.70045448	3.77426720e-01
3.70050735	3.76648670e-01
3.70056021	3.75704460e-01
3.70061308	3.78113990e-01
3.70066594	3.77987870e-01
3.70071881	3.78008060e-01
3.70077168	3.79334870e-01
3.70082454	3.79601820e-01
3.70087741	3.79642020e-01
3.70093028	3.79618140e-01
3.70098315	3.79429800e-01
3.70103602	3.79531110e-01
3.70108890	3.79687340e-01
3.70114177	3.79725980e-01
3.70119464	3.79798900e-01
3.70124752	3.79825160e-01
3.70130039	3.79809550e-01
3.70135327	3.79823000e-01
3.70140614	3.79708130e-01
3.70145902	3.79764740e-01
3.70151190	3.79601660e-01
3.70156478	3.79581020e-01
3.70161766	3.79703420e-01
3.70167054	3.79724110e-01
3.70172342	3.79552860e-01
3.70177630	3.79621500e-01
3.70182918	3.79001200e-01
3.70188207	3.79802930e-01
3.70193495	3.79880270e-01
3.70198784	3.79788930e-01
3.70204072	3.79779710e-01
3.70209361	3.79707110e-01
3.70214649	3.79737290e-01
3.70219938	3.79743040e-01
3.70225227	3.79788010e-01
3.70230516	3.79828850e-01
3.70235805	3.79847190e-01
3.70241094	3.79769240e-01
3.70246383	3.79642370e-01
3.70251672	3.79592530e-01
3.70256962	3.79575980e-01
3.70262251	3.79599160e-01
3.70267541	3.79608320e-01
3.70272830	3.79578910e-01
3.70278120	3.79455890e-01
3.70283409	3.77766030e-01
3.70288699	3.79055270e-01
3.70293989	3.79247090e-01
3.70299279	3.79417910e-01
3.70304569	3.79458070e-01
3.70309859	3.79423180e-01
3.70315149	3.79376340e-01
3.70320439	3.79470780e-01
3.70325730	3.79574070e-01
3.70331020	3.79470380e-01
3.70336310	3.79546530e-01
3.70341601	3.79628370e-01
3.70346892	3.79575720e-01
3.70352182	3.79409810e-01
3.70357473	3.79494800e-01
3.70362764	3.79488850e-01
3.70368055	3.79400990e-01
