# ------------------------------------------------------------------------
# Radiance spectrum
# NASA-GSFC Planetary Spectrum Generator (PSG) (Villanueva et al. 2018, 2022)
# Synthesized on Fri Aug 15 21:17:53 2025
# Doppler velocities [km/s] (vobs,vrot+vorb,vwidth,vrfl,vstr): -17.63700,-0.00000,0.01000,-1.06846,0.00000
# ------------------------------------------------------------------------
# Spectra synthesized with the Planetary and Universal Model of Atmospheric Scattering (PUMAS, Villanueva et al. 2018, 2022)
# Single scattering radiative transfer method
# Radiative transfer took 0.234 seconds
# ------------------------------------------------------------------------
# Spectral unit: Frequency[cm-1]
# Radiance unit: Spectral radiance [W/sr/m2/um]
# Wave/freq Total Noise Mars
2.740000000e+03  6.0733515e-02  3.30758e-04  6.07335e-02
2.739960858e+03  6.0742641e-02  3.28295e-04  6.07426e-02
2.739921716e+03  6.0751301e-02  3.27609e-04  6.07513e-02
2.739882575e+03  6.0759683e-02  3.27292e-04  6.07597e-02
2.739843434e+03  6.0768064e-02  3.27297e-04  6.07681e-02
2.739804294e+03  6.0774982e-02  3.27409e-04  6.07750e-02
2.739765155e+03  6.0695848e-02  3.27578e-04  6.06958e-02
2.739726016e+03  6.0792131e-02  3.28054e-04  6.07921e-02
2.739686877e+03  6.0800126e-02  3.28894e-04  6.08001e-02
2.739647739e+03  6.0631902e-02  3.30391e-04  6.06319e-02
2.739608602e+03  6.0814850e-02  3.34241e-04  6.08148e-02
2.739569465e+03  6.0795627e-02  3.33876e-04  6.07956e-02
2.739530329e+03  6.0825447e-02  3.33342e-04  6.08254e-02
2.739491194e+03  6.0752433e-02  3.35201e-04  6.07524e-02
2.739452059e+03  5.3692535e-02  3.26790e-04  5.36925e-02
2.739412924e+03  6.0825577e-02  3.32376e-04  6.08256e-02
2.739373790e+03  6.0862958e-02  3.32492e-04  6.08630e-02
2.739334657e+03  6.0874354e-02  3.34928e-04  6.08744e-02
2.739295524e+03  6.0883586e-02  3.54648e-04  6.08836e-02
2.739256392e+03  6.0892123e-02  3.43781e-04  6.08921e-02
2.739217260e+03  6.0900022e-02  3.35359e-04  6.09000e-02
2.739178129e+03  6.0907155e-02  3.33941e-04  6.09072e-02
2.739138999e+03  6.0910058e-02  3.34998e-04  6.09101e-02
2.739099869e+03  6.0449766e-02  3.37881e-04  6.04498e-02
2.739060739e+03  5.8457015e-02  3.40742e-04  5.84570e-02
2.739021610e+03  6.0931394e-02  3.53967e-04  6.09314e-02
2.738982482e+03  6.0947780e-02  3.74082e-04  6.09478e-02
2.738943354e+03  6.0844101e-02  4.14988e-04  6.08441e-02
2.738904227e+03  6.0920459e-02  4.32014e-04  6.09205e-02
2.738865100e+03  6.0972221e-02  4.01923e-04  6.09722e-02
2.738825974e+03  6.0966705e-02  4.12830e-04  6.09667e-02
2.738786849e+03  5.4468188e-02  3.97496e-04  5.44682e-02
2.738747724e+03  6.0698795e-02  3.64935e-04  6.06988e-02
2.738708599e+03  6.1000667e-02  3.77944e-04  6.10007e-02
2.738669476e+03  6.1006871e-02  3.54458e-04  6.10069e-02
2.738630352e+03  6.1025674e-02  3.40095e-04  6.10257e-02
2.738591229e+03  6.1034796e-02  3.35803e-04  6.10348e-02
2.738552107e+03  6.1043519e-02  3.32471e-04  6.10435e-02
2.738512986e+03  6.1052058e-02  3.31533e-04  6.10521e-02
2.738473865e+03  6.1059885e-02  3.30794e-04  6.10599e-02
2.738434744e+03  6.1064065e-02  3.30409e-04  6.10641e-02
2.738395624e+03  6.1077075e-02  3.30391e-04  6.10771e-02
2.738356505e+03  6.1085372e-02  3.30733e-04  6.10854e-02
2.738317386e+03  6.1093136e-02  3.31263e-04  6.10931e-02
2.738278268e+03  6.1100320e-02  3.32175e-04  6.11003e-02
2.738239150e+03  6.1091813e-02  3.34485e-04  6.10918e-02
2.738200033e+03  6.0206207e-02  3.42233e-04  6.02062e-02
2.738160916e+03  6.1118468e-02  3.84898e-04  6.11185e-02
2.738121800e+03  6.1106959e-02  3.61138e-04  6.11070e-02
2.738082685e+03  5.4839656e-02  3.54227e-04  5.48397e-02
2.738043570e+03  6.1098844e-02  3.67752e-04  6.10988e-02
2.738004456e+03  6.1155870e-02  3.53286e-04  6.11559e-02
2.737965342e+03  6.1167485e-02  3.41020e-04  6.11675e-02
2.737926229e+03  6.1166962e-02  3.36462e-04  6.11670e-02
2.737887116e+03  6.1185788e-02  3.32494e-04  6.11858e-02
2.737848004e+03  6.1194472e-02  3.30756e-04  6.11945e-02
2.737808892e+03  6.1202994e-02  3.29888e-04  6.12030e-02
2.737769781e+03  6.1207846e-02  3.29489e-04  6.12078e-02
2.737730671e+03  6.1219726e-02  3.30299e-04  6.12197e-02
2.737691561e+03  6.1228217e-02  3.29090e-04  6.12282e-02
2.737652452e+03  6.1236472e-02  3.28827e-04  6.12365e-02
2.737613343e+03  6.1244731e-02  3.30985e-04  6.12447e-02
2.737574235e+03  6.1252704e-02  3.32885e-04  6.12527e-02
2.737535127e+03  6.1260652e-02  3.28746e-04  6.12607e-02
2.737496020e+03  6.1267546e-02  3.29422e-04  6.12675e-02
2.737456913e+03  6.1269789e-02  3.31421e-04  6.12698e-02
2.737417807e+03  6.0205476e-02  3.29662e-04  6.02055e-02
2.737378702e+03  5.6502857e-02  3.26474e-04  5.65029e-02
2.737339597e+03  6.1292203e-02  3.34590e-04  6.12922e-02
2.737300493e+03  6.1240444e-02  3.33076e-04  6.12404e-02
2.737261389e+03  6.0368059e-02  3.42463e-04  6.03681e-02
2.737222286e+03  6.1317461e-02  3.46316e-04  6.13175e-02
2.737183183e+03  6.1330476e-02  3.81860e-04  6.13305e-02
2.737144081e+03  6.1337394e-02  3.69990e-04  6.13374e-02
2.737104980e+03  6.1351081e-02  3.75507e-04  6.13511e-02
2.737065879e+03  6.1362452e-02  3.61658e-04  6.13625e-02
2.737026778e+03  6.1370966e-02  3.48469e-04  6.13710e-02
2.736987679e+03  6.1379374e-02  3.36275e-04  6.13794e-02
2.736948579e+03  6.1387710e-02  3.32293e-04  6.13877e-02
2.736909481e+03  6.1395940e-02  3.32347e-04  6.13959e-02
2.736870382e+03  6.1403860e-02  3.30127e-04  6.14039e-02
2.736831285e+03  6.1387759e-02  3.29454e-04  6.13878e-02
2.736792188e+03  6.1417497e-02  3.30523e-04  6.14175e-02
2.736753091e+03  6.1411284e-02  3.29097e-04  6.14113e-02
2.736713995e+03  5.6078226e-02  3.23931e-04  5.60782e-02
2.736674900e+03  6.1420701e-02  3.33062e-04  6.14207e-02
2.736635805e+03  6.1448225e-02  3.32340e-04  6.14482e-02
2.736596711e+03  6.1460274e-02  3.29071e-04  6.14603e-02
2.736557617e+03  6.1442856e-02  3.30554e-04  6.14429e-02
2.736518524e+03  6.1479750e-02  3.31523e-04  6.14797e-02
2.736479432e+03  6.1488627e-02  3.28586e-04  6.14886e-02
2.736440340e+03  6.1491247e-02  3.28329e-04  6.14912e-02
2.736401248e+03  6.1495820e-02  3.28504e-04  6.14958e-02
2.736362157e+03  6.1513745e-02  3.29097e-04  6.15137e-02
2.736323067e+03  6.1520909e-02  3.30280e-04  6.15209e-02
2.736283977e+03  6.1177469e-02  3.31719e-04  6.11775e-02
2.736244888e+03  6.1518005e-02  3.31491e-04  6.15180e-02
2.736205799e+03  6.1546814e-02  3.35346e-04  6.15468e-02
2.736166711e+03  6.1555179e-02  3.40794e-04  6.15552e-02
2.736127624e+03  6.1562544e-02  3.54026e-04  6.15625e-02
2.736088537e+03  6.1566340e-02  3.67601e-04  6.15663e-02
2.736049450e+03  5.9684654e-02  3.76882e-04  5.96847e-02
2.736010365e+03  5.8570549e-02  3.42416e-04  5.85705e-02
2.735971279e+03  6.1591267e-02  3.36440e-04  6.15913e-02
2.735932194e+03  6.1604591e-02  3.33461e-04  6.16046e-02
2.735893110e+03  6.1613906e-02  3.31789e-04  6.16139e-02
2.735854027e+03  6.1475342e-02  3.31619e-04  6.14753e-02
2.735814944e+03  6.1610180e-02  3.31598e-04  6.16102e-02
2.735775861e+03  6.1616516e-02  3.32357e-04  6.16165e-02
2.735736779e+03  6.1647907e-02  3.32009e-04  6.16479e-02
2.735697698e+03  6.1653807e-02  3.34751e-04  6.16538e-02
2.735658617e+03  6.1664447e-02  3.34566e-04  6.16644e-02
2.735619537e+03  6.1663165e-02  3.33111e-04  6.16632e-02
2.735580457e+03  6.1635712e-02  3.30191e-04  6.16357e-02
2.735541378e+03  6.1665314e-02  3.29699e-04  6.16653e-02
2.735502299e+03  6.1698825e-02  3.29601e-04  6.16988e-02
2.735463221e+03  6.1706704e-02  3.31109e-04  6.17067e-02
2.735424144e+03  6.1713024e-02  3.32231e-04  6.17130e-02
2.735385067e+03  6.1703718e-02  3.33405e-04  6.17037e-02
2.735345990e+03  5.7314204e-02  3.24590e-04  5.73142e-02
2.735306914e+03  6.1727951e-02  3.28727e-04  6.17280e-02
2.735267839e+03  6.1747203e-02  3.28416e-04  6.17472e-02
2.735228765e+03  6.1757601e-02  3.29685e-04  6.17576e-02
2.735189690e+03  6.1766650e-02  3.29714e-04  6.17666e-02
2.735150617e+03  6.1773639e-02  3.29234e-04  6.17736e-02
2.735111544e+03  6.1782701e-02  3.31273e-04  6.17827e-02
2.735072471e+03  6.1792051e-02  3.29105e-04  6.17921e-02
2.735033399e+03  6.1771693e-02  3.31873e-04  6.17717e-02
2.734994328e+03  6.1809345e-02  3.30249e-04  6.18093e-02
2.734955257e+03  6.1814588e-02  3.30040e-04  6.18146e-02
2.734916187e+03  6.1826245e-02  3.36638e-04  6.18262e-02
2.734877117e+03  6.1819704e-02  3.31522e-04  6.18197e-02
2.734838048e+03  6.1842140e-02  3.28740e-04  6.18421e-02
2.734798980e+03  6.1850940e-02  3.28206e-04  6.18509e-02
2.734759912e+03  6.1858231e-02  3.28113e-04  6.18582e-02
2.734720844e+03  6.1860935e-02  3.28545e-04  6.18609e-02
2.734681777e+03  5.7934887e-02  3.23912e-04  5.79349e-02
2.734642711e+03  6.1842537e-02  3.28945e-04  6.18425e-02
2.734603645e+03  6.1890258e-02  3.30755e-04  6.18903e-02
2.734564580e+03  6.1901265e-02  3.29974e-04  6.19013e-02
2.734525515e+03  6.1910466e-02  3.33867e-04  6.19105e-02
2.734486451e+03  6.1918438e-02  3.35866e-04  6.19184e-02
2.734447388e+03  6.1927556e-02  3.42797e-04  6.19276e-02
2.734408325e+03  6.1933326e-02  3.37172e-04  6.19333e-02
2.734369262e+03  6.1944907e-02  3.30286e-04  6.19449e-02
2.734330201e+03  6.1953346e-02  3.29379e-04  6.19533e-02
2.734291139e+03  6.1932496e-02  3.28711e-04  6.19325e-02
2.734252078e+03  6.1970036e-02  3.28392e-04  6.19700e-02
2.734213018e+03  6.1975781e-02  3.28158e-04  6.19758e-02
2.734173959e+03  6.1986995e-02  3.28223e-04  6.19870e-02
2.734134900e+03  6.1976463e-02  3.28162e-04  6.19765e-02
2.734095841e+03  6.2002521e-02  3.28550e-04  6.20025e-02
2.734056783e+03  6.2008695e-02  3.28342e-04  6.20087e-02
2.734017726e+03  6.1779518e-02  3.28374e-04  6.17795e-02
2.733978669e+03  5.8726777e-02  3.26485e-04  5.87268e-02
2.733939613e+03  6.2032913e-02  3.33788e-04  6.20329e-02
2.733900557e+03  6.2045133e-02  3.35575e-04  6.20451e-02
2.733861502e+03  6.2054491e-02  3.36342e-04  6.20545e-02
2.733822447e+03  6.2062631e-02  3.36670e-04  6.20626e-02
2.733783393e+03  6.2071969e-02  3.45490e-04  6.20720e-02
2.733744340e+03  6.2080545e-02  3.38626e-04  6.20805e-02
2.733705287e+03  6.2088946e-02  3.34980e-04  6.20889e-02
2.733666234e+03  6.2093288e-02  3.35616e-04  6.20933e-02
2.733627182e+03  6.2106065e-02  3.31421e-04  6.21061e-02
2.733588131e+03  6.2114519e-02  3.33252e-04  6.21145e-02
2.733549081e+03  6.2094391e-02  3.31266e-04  6.20944e-02
2.733510030e+03  6.2129226e-02  3.29243e-04  6.21292e-02
2.733470981e+03  6.2138252e-02  3.30690e-04  6.21383e-02
2.733431932e+03  6.2146751e-02  3.28854e-04  6.21468e-02
2.733392883e+03  6.2153285e-02  3.28647e-04  6.21533e-02
2.733353835e+03  6.2124755e-02  3.29110e-04  6.21248e-02
2.733314788e+03  5.9068001e-02  3.25350e-04  5.90680e-02
2.733275741e+03  6.2175277e-02  3.29248e-04  6.21753e-02
2.733236695e+03  6.2189357e-02  3.29490e-04  6.21894e-02
2.733197649e+03  6.2198840e-02  3.31695e-04  6.21988e-02
2.733158604e+03  6.2207209e-02  3.37734e-04  6.22072e-02
2.733119560e+03  6.2216319e-02  3.33825e-04  6.22163e-02
2.733080516e+03  6.2220921e-02  3.32945e-04  6.22209e-02
2.733041472e+03  6.2233465e-02  3.44007e-04  6.22335e-02
2.733002429e+03  6.2241991e-02  3.40824e-04  6.22420e-02
2.732963387e+03  6.2250365e-02  3.35216e-04  6.22504e-02
2.732924345e+03  6.2253589e-02  3.31074e-04  6.22536e-02
2.732885304e+03  6.2267409e-02  3.29979e-04  6.22674e-02
2.732846263e+03  6.2275869e-02  3.30173e-04  6.22759e-02
2.732807223e+03  6.2283873e-02  3.30836e-04  6.22839e-02
2.732768184e+03  6.2261246e-02  3.33166e-04  6.22612e-02
2.732729145e+03  6.2299328e-02  3.47360e-04  6.22993e-02
2.732690106e+03  6.2301552e-02  3.50763e-04  6.23016e-02
2.732651068e+03  5.9581493e-02  3.31574e-04  5.95815e-02
2.732612031e+03  6.2289712e-02  3.33240e-04  6.22897e-02
2.732572994e+03  6.2310004e-02  3.34560e-04  6.23100e-02
2.732533958e+03  6.2342234e-02  3.40852e-04  6.23422e-02
2.732494922e+03  6.2352362e-02  3.52913e-04  6.23524e-02
2.732455887e+03  6.2361074e-02  3.44898e-04  6.23611e-02
2.732416853e+03  6.2369683e-02  3.36072e-04  6.23697e-02
2.732377819e+03  6.2378247e-02  3.32784e-04  6.23782e-02
2.732338785e+03  6.2386787e-02  3.30821e-04  6.23868e-02
2.732299753e+03  6.2395309e-02  3.29999e-04  6.23953e-02
2.732260720e+03  6.2403812e-02  3.30888e-04  6.24038e-02
2.732221689e+03  6.2412223e-02  3.29514e-04  6.24122e-02
2.732182657e+03  6.2414333e-02  3.29110e-04  6.24143e-02
2.732143627e+03  6.2429141e-02  3.29089e-04  6.24291e-02
2.732104597e+03  6.2437397e-02  3.29044e-04  6.24374e-02
2.732065567e+03  6.2443962e-02  3.29167e-04  6.24440e-02
2.732026538e+03  6.2420135e-02  3.28929e-04  6.24201e-02
2.731987510e+03  6.0103991e-02  3.26624e-04  6.01040e-02
2.731948482e+03  6.2457590e-02  3.29178e-04  6.24576e-02
2.731909455e+03  6.2478416e-02  3.29245e-04  6.24784e-02
2.731870428e+03  6.2466152e-02  3.29466e-04  6.24662e-02
2.731831402e+03  6.2486521e-02  3.31721e-04  6.24865e-02
2.731792376e+03  6.2505957e-02  3.32364e-04  6.25060e-02
2.731753351e+03  6.2514600e-02  3.30977e-04  6.25146e-02
2.731714327e+03  6.2523112e-02  3.29554e-04  6.25231e-02
2.731675303e+03  6.2531345e-02  3.29564e-04  6.25313e-02
2.731636279e+03  6.2540290e-02  3.29552e-04  6.25403e-02
2.731597257e+03  6.2548814e-02  3.29734e-04  6.25488e-02
2.731558234e+03  6.2556918e-02  3.30655e-04  6.25569e-02
2.731519213e+03  6.2565779e-02  3.31386e-04  6.25658e-02
2.731480191e+03  6.2572245e-02  3.37439e-04  6.25722e-02
2.731441171e+03  6.2575661e-02  3.35651e-04  6.25757e-02
2.731402151e+03  6.2557939e-02  3.31560e-04  6.25579e-02
2.731363131e+03  6.2594949e-02  3.30963e-04  6.25949e-02
2.731324112e+03  6.0581064e-02  3.29055e-04  6.05811e-02
2.731285094e+03  6.2568082e-02  3.32329e-04  6.25681e-02
2.731246076e+03  6.2622837e-02  3.33702e-04  6.26228e-02
2.731207059e+03  6.2632502e-02  3.33193e-04  6.26325e-02
2.731168042e+03  6.2639779e-02  3.34326e-04  6.26398e-02
2.731129026e+03  6.2638051e-02  3.36382e-04  6.26381e-02
2.731090011e+03  6.0835471e-02  3.37696e-04  6.08355e-02
2.731050996e+03  6.2574090e-02  3.42415e-04  6.25741e-02
2.731011981e+03  6.2673522e-02  3.51573e-04  6.26735e-02
2.730972967e+03  6.2684266e-02  3.71726e-04  6.26843e-02
2.730933954e+03  6.2693445e-02  3.97722e-04  6.26934e-02
2.730894941e+03  6.2702259e-02  3.84714e-04  6.27023e-02
2.730855929e+03  6.2710924e-02  3.58166e-04  6.27109e-02
2.730816917e+03  6.2719493e-02  3.44793e-04  6.27195e-02
2.730777906e+03  6.2727939e-02  3.38601e-04  6.27279e-02
2.730738896e+03  6.2732132e-02  3.35502e-04  6.27321e-02
2.730699886e+03  6.2738494e-02  3.34214e-04  6.27385e-02
2.730660876e+03  6.1024269e-02  3.32514e-04  6.10243e-02
2.730621867e+03  6.2743552e-02  3.37720e-04  6.27436e-02
2.730582859e+03  6.2767682e-02  3.33038e-04  6.27677e-02
2.730543851e+03  6.2777501e-02  3.31638e-04  6.27775e-02
2.730504844e+03  6.2763974e-02  3.31899e-04  6.27640e-02
2.730465837e+03  6.2776889e-02  3.31337e-04  6.27769e-02
2.730426831e+03  6.2805192e-02  3.30982e-04  6.28052e-02
2.730387826e+03  6.2813829e-02  3.31034e-04  6.28138e-02
2.730348821e+03  6.2775524e-02  3.31581e-04  6.27755e-02
2.730309816e+03  6.2830873e-02  3.34237e-04  6.28309e-02
2.730270812e+03  6.2839187e-02  3.35663e-04  6.28392e-02
2.730231809e+03  6.2847839e-02  3.31930e-04  6.28478e-02
2.730192806e+03  6.2856597e-02  3.32590e-04  6.28566e-02
2.730153804e+03  6.2864935e-02  3.32462e-04  6.28649e-02
2.730114802e+03  6.2872663e-02  3.36376e-04  6.28727e-02
2.730075801e+03  6.2582075e-02  3.34268e-04  6.25821e-02
2.730036801e+03  6.2776874e-02  3.33554e-04  6.27769e-02
2.729997801e+03  6.1425601e-02  3.33427e-04  6.14256e-02
2.729958801e+03  6.2888609e-02  3.39224e-04  6.28886e-02
2.729919803e+03  6.2914959e-02  3.47151e-04  6.29150e-02
2.729880804e+03  6.2922745e-02  3.49443e-04  6.29227e-02
2.729841807e+03  6.2380200e-02  3.41736e-04  6.23802e-02
2.729802809e+03  6.2932962e-02  3.39272e-04  6.29330e-02
2.729763813e+03  6.2928155e-02  3.41422e-04  6.29282e-02
2.729724817e+03  6.2959350e-02  3.48706e-04  6.29593e-02
2.729685821e+03  6.2964679e-02  3.64974e-04  6.29647e-02
2.729646826e+03  6.2976790e-02  3.67382e-04  6.29768e-02
2.729607832e+03  6.2934237e-02  3.91540e-04  6.29342e-02
2.729568838e+03  6.2989381e-02  4.16178e-04  6.29894e-02
2.729529845e+03  6.3002689e-02  3.57451e-04  6.30027e-02
2.729490852e+03  6.3011268e-02  3.40006e-04  6.30113e-02
2.729451860e+03  6.3019750e-02  3.36336e-04  6.30197e-02
2.729412868e+03  6.3027551e-02  3.37746e-04  6.30276e-02
2.729373877e+03  6.3034671e-02  3.49484e-04  6.30347e-02
2.729334887e+03  6.1805000e-02  3.62507e-04  6.18050e-02
2.729295897e+03  6.3045538e-02  3.37500e-04  6.30455e-02
2.729256907e+03  6.3057410e-02  3.33372e-04  6.30574e-02
2.729217919e+03  6.3066509e-02  3.32152e-04  6.30665e-02
2.729178930e+03  6.3044903e-02  3.32120e-04  6.30449e-02
2.729139943e+03  6.3079493e-02  3.31438e-04  6.30795e-02
2.729100955e+03  6.3097179e-02  3.31252e-04  6.30972e-02
2.729061969e+03  6.3105466e-02  3.31585e-04  6.31055e-02
2.729022983e+03  6.3095299e-02  3.32828e-04  6.30953e-02
2.728983997e+03  6.3122556e-02  3.33137e-04  6.31226e-02
2.728945012e+03  6.3131712e-02  3.31967e-04  6.31317e-02
2.728906028e+03  6.3140281e-02  3.31137e-04  6.31403e-02
2.728867044e+03  6.3148322e-02  3.30862e-04  6.31483e-02
2.728828061e+03  6.3091822e-02  3.30514e-04  6.30918e-02
2.728789078e+03  6.3165841e-02  3.30735e-04  6.31658e-02
2.728750096e+03  6.3174128e-02  3.31335e-04  6.31741e-02
2.728711114e+03  6.3178554e-02  3.32458e-04  6.31786e-02
2.728672133e+03  6.2153647e-02  3.35483e-04  6.21536e-02
2.728633153e+03  6.3196794e-02  3.37402e-04  6.31968e-02
2.728594173e+03  6.3207205e-02  3.34405e-04  6.32072e-02
2.728555194e+03  6.3217521e-02  3.31794e-04  6.32175e-02
2.728516215e+03  6.3221529e-02  3.31764e-04  6.32215e-02
2.728477237e+03  6.3230184e-02  3.32349e-04  6.32302e-02
2.728438259e+03  6.3243574e-02  3.33092e-04  6.32436e-02
2.728399282e+03  6.3252205e-02  3.42879e-04  6.32522e-02
2.728360305e+03  6.3260822e-02  3.47885e-04  6.32608e-02
2.728321329e+03  6.3269308e-02  3.34126e-04  6.32693e-02
2.728282354e+03  6.3277549e-02  3.31988e-04  6.32775e-02
2.728243379e+03  6.3265909e-02  3.31885e-04  6.32659e-02
2.728204404e+03  6.3108444e-02  3.31913e-04  6.31084e-02
2.728165431e+03  6.3303020e-02  3.32198e-04  6.33030e-02
2.728126457e+03  6.3311916e-02  3.33385e-04  6.33119e-02
2.728087485e+03  6.3243117e-02  3.35868e-04  6.32431e-02
2.728048513e+03  6.3323615e-02  3.37875e-04  6.33236e-02
2.728009541e+03  6.2463635e-02  3.34662e-04  6.24636e-02
2.727970570e+03  6.3342834e-02  3.33563e-04  6.33428e-02
2.727931600e+03  6.3354298e-02  3.32911e-04  6.33543e-02
2.727892630e+03  6.3363793e-02  3.33411e-04  6.33638e-02
2.727853660e+03  6.3372880e-02  3.34087e-04  6.33729e-02
2.727814692e+03  6.3381162e-02  3.32745e-04  6.33812e-02
2.727775723e+03  6.3385626e-02  3.32065e-04  6.33856e-02
2.727736756e+03  6.3393897e-02  3.31816e-04  6.33939e-02
2.727697789e+03  6.3381062e-02  3.32048e-04  6.33811e-02
2.727658822e+03  6.3413768e-02  3.33044e-04  6.34138e-02
2.727619856e+03  6.3424697e-02  3.32516e-04  6.34247e-02
2.727580891e+03  6.3432933e-02  3.32811e-04  6.34329e-02
2.727541926e+03  6.3441867e-02  3.34094e-04  6.34419e-02
2.727502961e+03  6.3436690e-02  3.34122e-04  6.34367e-02
2.727463998e+03  6.3458992e-02  3.33912e-04  6.34590e-02
2.727425034e+03  6.3464920e-02  3.33361e-04  6.34649e-02
2.727386072e+03  6.3443265e-02  3.33496e-04  6.34433e-02
2.727347110e+03  6.2713854e-02  3.33276e-04  6.27139e-02
2.727308148e+03  6.3492206e-02  3.36119e-04  6.34922e-02
2.727269187e+03  6.3487356e-02  3.47159e-04  6.34874e-02
2.727230227e+03  6.3487369e-02  3.42753e-04  6.34874e-02
2.727191267e+03  6.3519697e-02  3.37758e-04  6.35197e-02
2.727152307e+03  6.3528413e-02  3.38117e-04  6.35284e-02
2.727113349e+03  6.3534600e-02  3.40197e-04  6.35346e-02
2.727074391e+03  6.3540888e-02  3.42931e-04  6.35409e-02
2.727035433e+03  6.3554336e-02  3.46820e-04  6.35543e-02
2.726996476e+03  6.3559579e-02  3.57118e-04  6.35596e-02
2.726957519e+03  6.3570131e-02  3.93282e-04  6.35701e-02
2.726918563e+03  6.3580415e-02  6.18875e-04  6.35804e-02
2.726879608e+03  6.3588730e-02  4.72305e-04  6.35887e-02
2.726840653e+03  6.3596802e-02  4.00307e-04  6.35968e-02
2.726801699e+03  6.3597987e-02  4.52987e-04  6.35980e-02
2.726762745e+03  6.3577358e-02  4.20625e-04  6.35774e-02
2.726723792e+03  6.3033639e-02  4.83521e-04  6.30336e-02
2.726684839e+03  6.3627332e-02  9.15550e-04  6.36273e-02
2.726645887e+03  6.3640323e-02  1.50827e-03  6.36403e-02
2.726606935e+03  6.3604275e-02  1.38052e-03  6.36043e-02
2.726567984e+03  6.3596402e-02  7.27809e-04  6.35964e-02
2.726529034e+03  6.3666103e-02  7.00390e-04  6.36661e-02
2.726490084e+03  6.3674557e-02  4.88837e-04  6.36746e-02
2.726451135e+03  6.3682352e-02  4.14644e-04  6.36824e-02
2.726412186e+03  6.3688714e-02  3.76108e-04  6.36887e-02
2.726373238e+03  6.3687368e-02  3.64387e-04  6.36874e-02
2.726334290e+03  6.0604526e-02  3.60417e-04  6.06045e-02
2.726295343e+03  6.2960188e-02  3.85166e-04  6.29602e-02
2.726256397e+03  6.3716128e-02  3.91273e-04  6.37161e-02
2.726217451e+03  6.3727518e-02  4.11921e-04  6.37275e-02
2.726178505e+03  6.3742823e-02  4.66350e-04  6.37428e-02
2.726139561e+03  6.3751109e-02  4.80970e-04  6.37511e-02
2.726100616e+03  6.3759426e-02  4.16688e-04  6.37594e-02
2.726061673e+03  6.3296137e-02  3.75034e-04  6.32961e-02
2.726022729e+03  6.3778086e-02  3.58451e-04  6.37781e-02
2.725983787e+03  6.3780422e-02  3.50716e-04  6.37804e-02
2.725944845e+03  6.3796032e-02  3.47550e-04  6.37960e-02
2.725905903e+03  6.3803426e-02  3.47620e-04  6.38034e-02
2.725866962e+03  6.3784486e-02  3.56116e-04  6.37845e-02
2.725828022e+03  6.2537490e-02  4.08475e-04  6.25375e-02
2.725789082e+03  6.3827532e-02  3.67723e-04  6.38275e-02
2.725750143e+03  6.3839341e-02  3.61598e-04  6.38393e-02
2.725711204e+03  6.3848678e-02  3.81642e-04  6.38487e-02
2.725672266e+03  6.3857609e-02  3.97376e-04  6.38576e-02
2.725633328e+03  6.3866393e-02  3.71049e-04  6.38664e-02
2.725594391e+03  6.3870163e-02  3.51577e-04  6.38702e-02
2.725555455e+03  6.3883859e-02  3.43929e-04  6.38839e-02
2.725516519e+03  6.3892488e-02  3.43415e-04  6.38925e-02
2.725477583e+03  6.3895657e-02  3.43196e-04  6.38957e-02
2.725438648e+03  6.3566043e-02  3.52317e-04  6.35660e-02
2.725399714e+03  6.3873999e-02  3.48876e-04  6.38740e-02
2.725360780e+03  6.3927079e-02  3.39239e-04  6.39271e-02
2.725321847e+03  6.3936072e-02  3.38543e-04  6.39361e-02
2.725282915e+03  6.3944831e-02  3.38172e-04  6.39448e-02
2.725243983e+03  6.3950168e-02  3.34975e-04  6.39502e-02
2.725205051e+03  6.3960592e-02  3.34242e-04  6.39606e-02
2.725166120e+03  6.3970890e-02  3.33646e-04  6.39709e-02
2.725127190e+03  6.3979242e-02  3.33785e-04  6.39792e-02
2.725088260e+03  6.3850042e-02  3.35261e-04  6.38500e-02
2.725049331e+03  6.3996645e-02  3.38710e-04  6.39966e-02
2.725010402e+03  6.4005464e-02  3.34423e-04  6.40055e-02
2.724971474e+03  6.3929283e-02  3.33737e-04  6.39293e-02
2.724932546e+03  6.3970407e-02  3.34101e-04  6.39704e-02
2.724893619e+03  6.4031542e-02  3.35096e-04  6.40315e-02
2.724854693e+03  6.4034910e-02  3.38144e-04  6.40349e-02
2.724815767e+03  6.4048010e-02  3.51507e-04  6.40480e-02
2.724776841e+03  6.3749003e-02  3.43598e-04  6.37490e-02
2.724737916e+03  6.4061050e-02  3.37856e-04  6.40610e-02
2.724698992e+03  6.4075200e-02  3.35782e-04  6.40752e-02
2.724660068e+03  6.4081428e-02  3.34861e-04  6.40814e-02
2.724621145e+03  6.4067800e-02  3.34713e-04  6.40678e-02
2.724582223e+03  6.4101387e-02  3.35046e-04  6.41014e-02
2.724543301e+03  6.4109495e-02  3.35651e-04  6.41095e-02
2.724504379e+03  6.4118365e-02  3.37838e-04  6.41184e-02
2.724465458e+03  6.4127471e-02  3.44647e-04  6.41275e-02
2.724426538e+03  6.4135974e-02  3.81641e-04  6.41360e-02
2.724387618e+03  6.4125624e-02  3.57566e-04  6.41256e-02
2.724348699e+03  6.3880312e-02  3.43149e-04  6.38803e-02
2.724309780e+03  6.4158992e-02  3.38545e-04  6.41590e-02
2.724270862e+03  6.4170548e-02  3.38820e-04  6.41705e-02
2.724231944e+03  6.4179450e-02  3.42027e-04  6.41794e-02
2.724193027e+03  6.4187854e-02  3.45794e-04  6.41879e-02
2.724154111e+03  6.3947713e-02  3.40671e-04  6.39477e-02
2.724115195e+03  6.4201121e-02  3.38848e-04  6.42011e-02
2.724076279e+03  6.4213358e-02  3.38949e-04  6.42134e-02
2.724037365e+03  6.4221168e-02  3.40121e-04  6.42212e-02
2.723998450e+03  6.4221211e-02  3.41944e-04  6.42212e-02
2.723959537e+03  6.3791126e-02  3.45359e-04  6.37911e-02
2.723920623e+03  6.2119128e-02  3.48085e-04  6.21191e-02
2.723881711e+03  6.4248235e-02  3.61550e-04  6.42482e-02
2.723842799e+03  6.3741290e-02  3.85897e-04  6.37413e-02
2.723803887e+03  6.4268127e-02  4.38059e-04  6.42681e-02
2.723764976e+03  6.4282539e-02  4.55525e-04  6.42825e-02
2.723726066e+03  6.4288248e-02  4.14648e-04  6.42882e-02
2.723687156e+03  6.4300385e-02  3.93247e-04  6.43004e-02
2.723648247e+03  6.4308529e-02  3.76658e-04  6.43085e-02
2.723609338e+03  6.4145730e-02  3.61912e-04  6.41457e-02
2.723570430e+03  6.4311874e-02  3.56633e-04  6.43119e-02
2.723531522e+03  6.4294407e-02  3.56836e-04  6.42944e-02
2.723492615e+03  5.9318122e-02  3.57290e-04  5.93181e-02
2.723453709e+03  6.4318724e-02  3.75214e-04  6.43187e-02
2.723414803e+03  6.4351333e-02  4.05429e-04  6.43513e-02
2.723375898e+03  6.4368958e-02  4.76108e-04  6.43690e-02
2.723336993e+03  6.4379098e-02  5.66914e-04  6.43791e-02
2.723298089e+03  6.4388462e-02  5.02245e-04  6.43885e-02
2.723259185e+03  6.4396194e-02  4.17452e-04  6.43962e-02
2.723220282e+03  6.4402276e-02  3.79093e-04  6.44023e-02
2.723181379e+03  6.4411512e-02  3.61972e-04  6.44115e-02
2.723142477e+03  6.4424024e-02  3.53388e-04  6.44240e-02
2.723103576e+03  6.4432574e-02  3.48989e-04  6.44326e-02
2.723064675e+03  6.4393563e-02  3.46948e-04  6.43936e-02
2.723025774e+03  6.4447928e-02  3.47488e-04  6.44479e-02
2.722986875e+03  6.4458025e-02  3.46724e-04  6.44580e-02
2.722947975e+03  6.4449757e-02  3.47982e-04  6.44498e-02
2.722909077e+03  6.4471157e-02  3.51493e-04  6.44712e-02
2.722870178e+03  6.4306423e-02  3.53727e-04  6.43064e-02
2.722831281e+03  5.9512008e-02  3.52316e-04  5.95120e-02
2.722792384e+03  6.4394380e-02  3.68116e-04  6.43944e-02
2.722753487e+03  6.4502617e-02  3.92366e-04  6.45026e-02
2.722714591e+03  6.4517082e-02  4.49158e-04  6.45171e-02
2.722675696e+03  6.4523451e-02  5.56693e-04  6.45235e-02
2.722636801e+03  6.4537286e-02  5.42640e-04  6.45373e-02
2.722597907e+03  6.4546495e-02  4.38922e-04  6.45465e-02
2.722559013e+03  6.4555352e-02  3.90086e-04  6.45554e-02
2.722520120e+03  6.4545615e-02  3.66378e-04  6.45456e-02
2.722481228e+03  6.4568473e-02  3.56057e-04  6.45685e-02
2.722442336e+03  6.4578793e-02  3.53083e-04  6.45788e-02
2.722403444e+03  6.4586117e-02  3.48161e-04  6.45861e-02
2.722364553e+03  6.4599167e-02  3.46147e-04  6.45992e-02
2.722325663e+03  6.4607613e-02  3.45313e-04  6.46076e-02
2.722286773e+03  6.4616206e-02  3.45245e-04  6.46162e-02
2.722247884e+03  6.4502623e-02  3.46601e-04  6.45026e-02
2.722208995e+03  6.4621244e-02  3.50714e-04  6.46212e-02
2.722170107e+03  6.4638317e-02  3.50263e-04  6.46383e-02
2.722131219e+03  6.4632119e-02  3.54825e-04  6.46321e-02
2.722092332e+03  6.1004822e-02  3.58035e-04  6.10048e-02
2.722053446e+03  6.2322299e-02  3.72419e-04  6.23223e-02
2.722014560e+03  6.3535137e-02  4.03664e-04  6.35351e-02
2.721975674e+03  6.4677670e-02  4.82406e-04  6.46777e-02
2.721936790e+03  6.4688120e-02  6.57119e-04  6.46881e-02
2.721897905e+03  6.4700555e-02  7.18582e-04  6.47006e-02
2.721859022e+03  6.4338607e-02  6.28298e-04  6.43386e-02
2.721820139e+03  6.4719153e-02  4.72453e-04  6.47192e-02
2.721781256e+03  6.4730463e-02  4.06453e-04  6.47305e-02
2.721742374e+03  6.4735417e-02  3.83368e-04  6.47354e-02
2.721703492e+03  6.4745383e-02  3.76821e-04  6.47454e-02
2.721664612e+03  6.4757520e-02  3.64340e-04  6.47575e-02
2.721625731e+03  6.4671679e-02  3.53470e-04  6.46717e-02
2.721586851e+03  6.4774135e-02  3.48647e-04  6.47741e-02
2.721547972e+03  6.4784097e-02  3.45648e-04  6.47841e-02
2.721509093e+03  6.4792931e-02  3.48681e-04  6.47929e-02
2.721470215e+03  6.4801599e-02  3.45714e-04  6.48016e-02
2.721431338e+03  6.4796430e-02  3.42186e-04  6.47964e-02
2.721392461e+03  6.4807924e-02  3.42991e-04  6.48079e-02
2.721353584e+03  6.4579507e-02  3.42097e-04  6.45795e-02
2.721314708e+03  6.4835787e-02  3.42849e-04  6.48358e-02
2.721275833e+03  6.4844015e-02  3.47966e-04  6.48440e-02
2.721236958e+03  6.4849720e-02  3.57855e-04  6.48497e-02
2.721198084e+03  6.4861086e-02  3.47652e-04  6.48611e-02
2.721159210e+03  6.4868861e-02  3.48244e-04  6.48689e-02
2.721120337e+03  6.4871024e-02  3.50545e-04  6.48710e-02
2.721081464e+03  6.3087891e-02  3.52673e-04  6.30879e-02
2.721042592e+03  6.4860117e-02  3.62850e-04  6.48601e-02
2.721003721e+03  6.1100236e-02  3.75802e-04  6.11002e-02
2.720964850e+03  6.4748326e-02  4.17918e-04  6.47483e-02
2.720925979e+03  6.4888114e-02  4.80711e-04  6.48881e-02
2.720887110e+03  6.4929406e-02  5.00390e-04  6.49294e-02
2.720848240e+03  6.4939707e-02  5.18209e-04  6.49397e-02
2.720809372e+03  6.4948364e-02  5.19750e-04  6.49484e-02
2.720770504e+03  6.4951841e-02  4.62477e-04  6.49518e-02
2.720731636e+03  6.4223913e-02  4.00660e-04  6.42239e-02
2.720692769e+03  6.3890499e-02  3.84660e-04  6.38905e-02
2.720653902e+03  6.2408111e-02  3.85036e-04  6.24081e-02
2.720615037e+03  6.4694980e-02  4.09558e-04  6.46950e-02
2.720576171e+03  6.4998041e-02  4.67976e-04  6.49980e-02
2.720537306e+03  6.5009716e-02  5.17272e-04  6.50097e-02
2.720498442e+03  6.4911817e-02  5.16862e-04  6.49118e-02
2.720459578e+03  6.4995225e-02  4.65164e-04  6.49952e-02
2.720420715e+03  6.5037671e-02  4.08116e-04  6.50377e-02
2.720381853e+03  6.4990536e-02  3.82990e-04  6.49905e-02
2.720342991e+03  6.5048512e-02  3.77905e-04  6.50485e-02
2.720304129e+03  6.2365709e-02  3.72608e-04  6.23657e-02
2.720265268e+03  6.4809893e-02  3.72877e-04  6.48099e-02
2.720226408e+03  6.5056289e-02  3.85071e-04  6.50563e-02
2.720187548e+03  6.5088010e-02  4.30893e-04  6.50880e-02
2.720148689e+03  6.4233352e-02  5.68760e-04  6.42334e-02
2.720109830e+03  6.5096880e-02  6.12167e-04  6.50969e-02
2.720070972e+03  6.5096459e-02  4.57464e-04  6.50965e-02
2.720032114e+03  6.5025506e-02  4.10118e-04  6.50255e-02
2.719993257e+03  6.5135928e-02  4.16958e-04  6.51359e-02
2.719954401e+03  6.5144912e-02  4.01368e-04  6.51449e-02
2.719915545e+03  6.5133977e-02  3.73076e-04  6.51340e-02
2.719876689e+03  6.4865386e-02  3.59358e-04  6.48654e-02
2.719837835e+03  6.5166769e-02  3.50741e-04  6.51668e-02
2.719798980e+03  6.4897360e-02  3.45718e-04  6.48974e-02
2.719760127e+03  6.5135060e-02  3.44029e-04  6.51351e-02
2.719721273e+03  6.5197538e-02  3.45106e-04  6.51975e-02
2.719682421e+03  6.5190089e-02  3.48336e-04  6.51901e-02
2.719643569e+03  6.5216167e-02  3.58437e-04  6.52162e-02
2.719604717e+03  6.5225170e-02  3.57513e-04  6.52252e-02
2.719565866e+03  6.5234057e-02  3.46827e-04  6.52341e-02
2.719527016e+03  6.5239360e-02  3.41720e-04  6.52394e-02
2.719488166e+03  6.5247244e-02  3.41077e-04  6.52472e-02
2.719449317e+03  6.5260632e-02  3.40921e-04  6.52606e-02
2.719410468e+03  6.5269220e-02  3.37756e-04  6.52692e-02
2.719371620e+03  6.5278309e-02  3.36892e-04  6.52783e-02
2.719332772e+03  6.5287031e-02  3.36597e-04  6.52870e-02
2.719293925e+03  6.5278416e-02  3.36463e-04  6.52784e-02
2.719255079e+03  6.5218342e-02  3.36554e-04  6.52183e-02
2.719216233e+03  6.5312778e-02  3.37411e-04  6.53128e-02
2.719177387e+03  6.5295516e-02  3.38392e-04  6.52955e-02
2.719138543e+03  6.5146773e-02  3.41187e-04  6.51468e-02
2.719099698e+03  6.5162669e-02  3.43132e-04  6.51627e-02
2.719060855e+03  6.5344736e-02  3.40767e-04  6.53447e-02
2.719022011e+03  6.5357403e-02  3.38962e-04  6.53574e-02
2.718983169e+03  6.5365976e-02  3.38569e-04  6.53660e-02
2.718944327e+03  6.5243172e-02  3.38755e-04  6.52432e-02
2.718905485e+03  6.5376919e-02  3.40135e-04  6.53769e-02
2.718866644e+03  6.5384578e-02  3.42698e-04  6.53846e-02
2.718827804e+03  6.4606309e-02  3.47133e-04  6.46063e-02
2.718788964e+03  6.4722621e-02  3.56537e-04  6.47226e-02
2.718750125e+03  6.5412353e-02  3.68902e-04  6.54124e-02
2.718711286e+03  6.4572115e-02  3.95406e-04  6.45721e-02
2.718672448e+03  6.5429385e-02  4.62168e-04  6.54294e-02
2.718633610e+03  6.5444154e-02  4.57659e-04  6.54442e-02
2.718594773e+03  6.5423425e-02  4.10673e-04  6.54234e-02
2.718555937e+03  6.5463239e-02  4.10600e-04  6.54632e-02
2.718517101e+03  6.5446913e-02  3.90842e-04  6.54469e-02
2.718478265e+03  6.5479842e-02  3.65348e-04  6.54798e-02
2.718439430e+03  6.5490384e-02  3.52254e-04  6.54904e-02
2.718400596e+03  6.5470501e-02  3.45817e-04  6.54705e-02
2.718361762e+03  6.5158507e-02  3.41296e-04  6.51585e-02
2.718322929e+03  6.5513983e-02  3.39676e-04  6.55140e-02
2.718284097e+03  6.5526243e-02  3.38441e-04  6.55262e-02
2.718245264e+03  6.5535196e-02  3.38242e-04  6.55352e-02
2.718206433e+03  6.5542831e-02  3.39824e-04  6.55428e-02
2.718167602e+03  6.5552963e-02  3.39331e-04  6.55530e-02
2.718128772e+03  6.5561757e-02  3.43128e-04  6.55618e-02
2.718089942e+03  6.5570196e-02  3.42502e-04  6.55702e-02
2.718051112e+03  6.5572719e-02  3.52408e-04  6.55727e-02
2.718012284e+03  6.5588167e-02  3.44945e-04  6.55882e-02
2.717973455e+03  6.5587749e-02  3.41539e-04  6.55877e-02
2.717934628e+03  6.5599455e-02  3.41852e-04  6.55995e-02
2.717895801e+03  6.4690473e-02  3.40383e-04  6.46905e-02
2.717856974e+03  6.5621599e-02  3.44461e-04  6.56216e-02
2.717818148e+03  6.5630478e-02  3.53690e-04  6.56305e-02
2.717779323e+03  6.5641608e-02  3.87048e-04  6.56416e-02
2.717740498e+03  6.5650534e-02  4.67000e-04  6.56505e-02
2.717701674e+03  6.5659185e-02  3.94517e-04  6.56592e-02
2.717662850e+03  6.5645067e-02  3.55375e-04  6.56451e-02
2.717624027e+03  6.5128588e-02  3.44398e-04  6.51286e-02
2.717585204e+03  6.5672561e-02  3.42201e-04  6.56726e-02
2.717546382e+03  6.5694735e-02  3.40521e-04  6.56947e-02
2.717507560e+03  6.5703974e-02  3.41355e-04  6.57040e-02
2.717468739e+03  6.5712962e-02  3.45248e-04  6.57130e-02
2.717429919e+03  6.5721352e-02  3.51442e-04  6.57214e-02
2.717391099e+03  6.5730716e-02  3.44122e-04  6.57307e-02
2.717352280e+03  6.5711374e-02  3.45071e-04  6.57114e-02
2.717313461e+03  6.5723369e-02  3.72103e-04  6.57234e-02
2.717274643e+03  6.5709775e-02  3.68599e-04  6.57098e-02
2.717235825e+03  6.5763548e-02  3.65283e-04  6.57635e-02
2.717197008e+03  6.5775080e-02  3.83345e-04  6.57751e-02
2.717158192e+03  6.5772678e-02  3.50244e-04  6.57727e-02
2.717119376e+03  6.5791851e-02  3.44442e-04  6.57919e-02
2.717080560e+03  6.5474963e-02  3.41161e-04  6.54750e-02
2.717041745e+03  6.5803471e-02  3.41724e-04  6.58035e-02
2.717002931e+03  6.5809855e-02  3.43754e-04  6.58099e-02
2.716964117e+03  6.5491955e-02  3.50344e-04  6.54920e-02
2.716925304e+03  6.5834056e-02  3.66197e-04  6.58341e-02
2.716886491e+03  6.5416149e-02  3.68838e-04  6.54161e-02
2.716847679e+03  6.5854146e-02  3.65529e-04  6.58541e-02
2.716808868e+03  6.5864195e-02  3.74165e-04  6.58642e-02
2.716770057e+03  6.5872133e-02  3.60274e-04  6.58721e-02
2.716731246e+03  6.5879280e-02  3.46618e-04  6.58793e-02
2.716692436e+03  6.5878924e-02  3.41847e-04  6.58789e-02
2.716653627e+03  6.5900056e-02  3.39440e-04  6.59001e-02
2.716614818e+03  6.5908616e-02  3.38500e-04  6.59086e-02
2.716576010e+03  6.5913916e-02  3.38254e-04  6.59139e-02
2.716537202e+03  6.5926267e-02  3.38674e-04  6.59263e-02
2.716498395e+03  6.5934027e-02  3.39390e-04  6.59340e-02
2.716459589e+03  6.5929854e-02  3.40280e-04  6.59299e-02
2.716420783e+03  6.4651686e-02  3.40910e-04  6.46517e-02
2.716381977e+03  6.5955859e-02  3.47244e-04  6.59559e-02
2.716343172e+03  6.5970093e-02  3.55336e-04  6.59701e-02
2.716304368e+03  6.5978098e-02  3.76706e-04  6.59781e-02
2.716265564e+03  6.5988879e-02  4.01338e-04  6.59889e-02
2.716226761e+03  6.5997711e-02  3.80369e-04  6.59977e-02
2.716187958e+03  6.6005247e-02  3.58004e-04  6.60052e-02
2.716149156e+03  6.5436359e-02  3.48599e-04  6.54364e-02
2.716110354e+03  6.5397526e-02  3.46048e-04  6.53975e-02
2.716071553e+03  6.6016202e-02  3.47311e-04  6.60162e-02
2.716032753e+03  6.6013798e-02  3.53327e-04  6.60138e-02
2.715993953e+03  6.6048936e-02  3.75098e-04  6.60489e-02
2.715955154e+03  6.6060752e-02  4.14065e-04  6.60608e-02
2.715916355e+03  6.6069772e-02  3.80397e-04  6.60698e-02
2.715877557e+03  6.6078687e-02  3.53982e-04  6.60787e-02
2.715838759e+03  6.6083749e-02  3.46958e-04  6.60837e-02
2.715799962e+03  6.6083431e-02  3.43170e-04  6.60834e-02
2.715761165e+03  6.6105492e-02  3.40464e-04  6.61055e-02
2.715722369e+03  6.6112191e-02  3.38929e-04  6.61122e-02
2.715683574e+03  6.6123198e-02  3.38603e-04  6.61232e-02
2.715644779e+03  6.6115838e-02  3.39114e-04  6.61158e-02
2.715605984e+03  6.6134324e-02  3.39779e-04  6.61343e-02
2.715567191e+03  6.5778058e-02  3.41794e-04  6.57781e-02
2.715528397e+03  6.6155527e-02  3.41882e-04  6.61555e-02
2.715489605e+03  6.6161695e-02  3.44605e-04  6.61617e-02
2.715450812e+03  6.6174423e-02  3.51926e-04  6.61744e-02
2.715412021e+03  6.5743535e-02  3.64101e-04  6.57435e-02
2.715373230e+03  6.6162149e-02  3.60302e-04  6.61621e-02
2.715334439e+03  6.6202737e-02  3.49556e-04  6.62027e-02
2.715295649e+03  6.6212025e-02  3.42849e-04  6.62120e-02
2.715256860e+03  6.6213113e-02  3.41385e-04  6.62131e-02
2.715218071e+03  6.6098811e-02  3.42180e-04  6.60988e-02
2.715179283e+03  6.6233744e-02  3.43347e-04  6.62337e-02
2.715140495e+03  6.5201937e-02  3.45434e-04  6.52019e-02
2.715101708e+03  6.5432568e-02  3.55707e-04  6.54326e-02
2.715062921e+03  6.6260694e-02  3.70063e-04  6.62607e-02
2.715024135e+03  6.6155733e-02  3.75694e-04  6.61557e-02
2.714985350e+03  6.6208504e-02  3.98796e-04  6.62085e-02
2.714946565e+03  6.6290828e-02  4.08296e-04  6.62908e-02
2.714907780e+03  6.6295000e-02  3.82880e-04  6.62950e-02
2.714868997e+03  6.6309966e-02  3.83896e-04  6.63100e-02
2.714830213e+03  6.6319962e-02  3.96311e-04  6.63200e-02
2.714791431e+03  6.6329210e-02  3.74157e-04  6.63292e-02
2.714752648e+03  6.6337912e-02  4.27542e-04  6.63379e-02
2.714713867e+03  6.6339741e-02  3.66104e-04  6.63397e-02
2.714675086e+03  6.5773571e-02  3.45986e-04  6.57736e-02
2.714636305e+03  6.6354015e-02  3.42629e-04  6.63540e-02
2.714597525e+03  6.6344374e-02  3.43171e-04  6.63444e-02
2.714558746e+03  6.6383023e-02  3.48366e-04  6.63830e-02
2.714519967e+03  6.6392149e-02  3.54020e-04  6.63921e-02
2.714481189e+03  6.6401168e-02  3.46033e-04  6.64012e-02
2.714442411e+03  6.6410127e-02  3.48859e-04  6.64101e-02
2.714403634e+03  6.6400348e-02  3.45873e-04  6.64003e-02
2.714364857e+03  6.6425250e-02  3.40953e-04  6.64253e-02
2.714326081e+03  6.6417498e-02  3.41645e-04  6.64175e-02
2.714287305e+03  6.6446045e-02  3.38763e-04  6.64460e-02
2.714248530e+03  6.6452077e-02  3.41662e-04  6.64521e-02
2.714209756e+03  6.6462218e-02  3.52988e-04  6.64622e-02
2.714170982e+03  6.6473091e-02  3.41630e-04  6.64731e-02
2.714132209e+03  6.6482052e-02  3.38278e-04  6.64821e-02
2.714093436e+03  6.6490843e-02  3.37030e-04  6.64908e-02
2.714054664e+03  6.6454531e-02  3.36784e-04  6.64545e-02
2.714015892e+03  6.6371065e-02  3.37296e-04  6.63711e-02
2.713977121e+03  6.6514964e-02  3.38271e-04  6.65150e-02
2.713938351e+03  6.6305527e-02  3.40883e-04  6.63055e-02
2.713899581e+03  6.6281893e-02  3.51711e-04  6.62819e-02
2.713860811e+03  6.6519182e-02  3.64122e-04  6.65192e-02
2.713822042e+03  6.6549793e-02  3.47949e-04  6.65498e-02
2.713783274e+03  6.6563009e-02  3.40146e-04  6.65630e-02
2.713744506e+03  6.6569615e-02  3.38292e-04  6.65696e-02
2.713705739e+03  6.6581069e-02  3.39605e-04  6.65811e-02
2.713666972e+03  6.6586789e-02  3.50211e-04  6.65868e-02
2.713628206e+03  6.6599043e-02  3.41730e-04  6.65990e-02
2.713589441e+03  6.6608010e-02  3.37589e-04  6.66080e-02
2.713550676e+03  6.6611617e-02  3.36530e-04  6.66116e-02
2.713511911e+03  6.6626054e-02  3.35956e-04  6.66261e-02
2.713473147e+03  6.6635023e-02  3.35943e-04  6.66350e-02
2.713434384e+03  6.6642272e-02  3.35819e-04  6.66423e-02
2.713395621e+03  6.6641854e-02  3.36168e-04  6.66419e-02
2.713356859e+03  6.6612002e-02  3.36204e-04  6.66120e-02
2.713318097e+03  6.6670824e-02  3.36520e-04  6.66708e-02
2.713279336e+03  6.6678498e-02  3.37954e-04  6.66785e-02
2.713240575e+03  6.6688533e-02  3.40641e-04  6.66885e-02
2.713201815e+03  6.6687390e-02  3.43222e-04  6.66874e-02
2.713163056e+03  6.6230663e-02  3.39238e-04  6.62307e-02
2.713124297e+03  6.6715218e-02  3.37388e-04  6.67152e-02
2.713085539e+03  6.6695794e-02  3.37016e-04  6.66958e-02
2.713046781e+03  6.6733810e-02  3.37621e-04  6.67338e-02
2.713008024e+03  6.6742936e-02  3.36978e-04  6.67429e-02
2.712969267e+03  6.6751913e-02  3.37476e-04  6.67519e-02
2.712930511e+03  6.6757153e-02  3.39670e-04  6.67572e-02
2.712891755e+03  6.6685152e-02  3.37322e-04  6.66852e-02
2.712853000e+03  6.6769030e-02  3.37328e-04  6.67690e-02
2.712814246e+03  6.6787893e-02  3.38974e-04  6.67879e-02
2.712775492e+03  6.6797055e-02  3.44022e-04  6.67971e-02
2.712736738e+03  6.6806083e-02  3.56435e-04  6.68061e-02
2.712697985e+03  6.6813557e-02  3.45810e-04  6.68136e-02
2.712659233e+03  6.6824105e-02  3.39978e-04  6.68241e-02
2.712620481e+03  6.6833141e-02  3.38379e-04  6.68331e-02
2.712581730e+03  6.6840854e-02  3.37989e-04  6.68409e-02
2.712542980e+03  6.6849966e-02  3.38353e-04  6.68500e-02
2.712504230e+03  6.6859820e-02  3.38903e-04  6.68598e-02
2.712465480e+03  6.6864666e-02  3.39743e-04  6.68647e-02
2.712426731e+03  6.6391772e-02  3.40301e-04  6.63918e-02
2.712387983e+03  6.6886240e-02  3.44272e-04  6.68862e-02
2.712349235e+03  6.6895973e-02  3.48308e-04  6.68960e-02
2.712310488e+03  6.6877194e-02  3.57974e-04  6.68772e-02
2.712271741e+03  6.6914390e-02  3.98933e-04  6.69144e-02
2.712232995e+03  6.6919147e-02  3.75874e-04  6.69191e-02
2.712194249e+03  6.6929612e-02  3.96787e-04  6.69296e-02
2.712155504e+03  6.6941683e-02  6.12925e-04  6.69417e-02
2.712116759e+03  6.6950734e-02  7.03772e-04  6.69507e-02
2.712078015e+03  6.6959770e-02  6.06336e-04  6.69598e-02
2.712039272e+03  6.6968716e-02  6.30070e-04  6.69687e-02
2.712000529e+03  6.6976875e-02  4.85006e-04  6.69769e-02
2.711961787e+03  6.6985475e-02  3.85777e-04  6.69855e-02
2.711923045e+03  6.6994658e-02  3.72485e-04  6.69947e-02
2.711884304e+03  6.7004739e-02  3.58415e-04  6.70047e-02
2.711845563e+03  6.6994836e-02  3.60385e-04  6.69948e-02
2.711806823e+03  6.7004414e-02  3.85623e-04  6.70044e-02
2.711768084e+03  6.6981933e-02  5.35077e-04  6.69819e-02
2.711729345e+03  6.7037491e-02  4.19677e-04  6.70375e-02
2.711690606e+03  6.6528966e-02  3.69410e-04  6.65290e-02
2.711651868e+03  6.7030538e-02  3.60405e-04  6.70305e-02
2.711613131e+03  6.7035812e-02  3.63955e-04  6.70358e-02
2.711574394e+03  6.7048814e-02  3.73555e-04  6.70488e-02
2.711535658e+03  6.7075244e-02  3.69121e-04  6.70752e-02
2.711496922e+03  6.7095271e-02  3.71366e-04  6.70953e-02
2.711458187e+03  6.7101565e-02  3.72846e-04  6.71016e-02
2.711419453e+03  6.7112891e-02  3.82287e-04  6.71129e-02
2.711380719e+03  6.7117194e-02  4.18599e-04  6.71172e-02
2.711341985e+03  6.7111943e-02  6.06218e-04  6.71119e-02
2.711303252e+03  6.7140601e-02  5.76728e-04  6.71406e-02
2.711264520e+03  6.7149650e-02  5.78468e-04  6.71497e-02
2.711225788e+03  6.7158571e-02  4.46361e-04  6.71586e-02
2.711187057e+03  6.7144942e-02  3.69841e-04  6.71449e-02
2.711148326e+03  6.7171550e-02  3.53406e-04  6.71715e-02
2.711109596e+03  6.6789485e-02  3.47737e-04  6.67895e-02
2.711070866e+03  6.7192740e-02  3.47404e-04  6.71927e-02
2.711032137e+03  6.7202473e-02  3.50906e-04  6.72025e-02
2.710993409e+03  6.7211320e-02  3.63107e-04  6.72113e-02
2.710954681e+03  6.6740411e-02  4.01070e-04  6.67404e-02
2.710915954e+03  6.7229703e-02  3.62932e-04  6.72297e-02
2.710877227e+03  6.7234429e-02  3.47577e-04  6.72344e-02
2.710838501e+03  6.7249248e-02  3.42857e-04  6.72492e-02
2.710799775e+03  6.7232015e-02  3.40338e-04  6.72320e-02
2.710761050e+03  6.7266740e-02  3.39267e-04  6.72667e-02
2.710722325e+03  6.7274632e-02  3.38795e-04  6.72746e-02
2.710683601e+03  6.7285010e-02  3.38876e-04  6.72850e-02
2.710644878e+03  6.7149091e-02  3.38632e-04  6.71491e-02
2.710606155e+03  6.7302652e-02  3.39231e-04  6.73027e-02
2.710567432e+03  6.7312067e-02  3.40492e-04  6.73121e-02
2.710528710e+03  6.7181916e-02  3.43780e-04  6.71819e-02
2.710489989e+03  6.7299177e-02  3.48922e-04  6.72992e-02
2.710451268e+03  6.7339874e-02  3.47765e-04  6.73399e-02
2.710412548e+03  6.7347536e-02  3.45567e-04  6.73475e-02
2.710373829e+03  6.7358316e-02  3.47624e-04  6.73583e-02
2.710335109e+03  6.7367373e-02  3.50364e-04  6.73674e-02
2.710296391e+03  6.7375966e-02  3.44545e-04  6.73760e-02
2.710257673e+03  6.7384283e-02  3.40143e-04  6.73843e-02
2.710218956e+03  6.6917224e-02  3.37969e-04  6.69172e-02
2.710180239e+03  6.7310060e-02  3.37878e-04  6.73101e-02
2.710141522e+03  6.7412393e-02  3.38354e-04  6.74124e-02
2.710102807e+03  6.7421881e-02  3.38855e-04  6.74219e-02
2.710064091e+03  6.7430746e-02  3.41319e-04  6.74307e-02
2.710025377e+03  6.7412807e-02  3.42898e-04  6.74128e-02
2.709986663e+03  6.7449261e-02  3.40383e-04  6.74493e-02
2.709947949e+03  6.7458428e-02  3.39201e-04  6.74584e-02
2.709909236e+03  6.7467523e-02  3.41679e-04  6.74675e-02
2.709870524e+03  6.7475425e-02  3.38758e-04  6.74754e-02
2.709831812e+03  6.7485631e-02  3.37651e-04  6.74856e-02
2.709793100e+03  6.7494735e-02  3.37182e-04  6.74947e-02
2.709754390e+03  6.7503584e-02  3.37254e-04  6.75036e-02
2.709715679e+03  6.7512869e-02  3.37825e-04  6.75129e-02
2.709676970e+03  6.7521282e-02  3.37423e-04  6.75213e-02
2.709638261e+03  6.7530168e-02  3.37574e-04  6.75302e-02
2.709599552e+03  6.7539702e-02  3.38051e-04  6.75397e-02
2.709560844e+03  6.7542026e-02  3.38784e-04  6.75420e-02
2.709522137e+03  6.7501395e-02  3.40674e-04  6.75014e-02
2.709483430e+03  6.6575318e-02  3.40866e-04  6.65753e-02
2.709444723e+03  6.7571792e-02  3.45724e-04  6.75718e-02
2.709406018e+03  6.7584854e-02  3.58205e-04  6.75849e-02
2.709367312e+03  6.7594470e-02  3.63061e-04  6.75945e-02
2.709328608e+03  6.7603722e-02  3.66955e-04  6.76037e-02
2.709289904e+03  6.7586727e-02  3.55467e-04  6.75867e-02
2.709251200e+03  6.7610884e-02  3.47161e-04  6.76109e-02
2.709212497e+03  6.7631090e-02  3.43427e-04  6.76311e-02
2.709173794e+03  6.7640362e-02  3.42982e-04  6.76404e-02
2.709135092e+03  6.7649504e-02  3.45696e-04  6.76495e-02
2.709096391e+03  6.7658604e-02  3.57011e-04  6.76586e-02
2.709057690e+03  6.7657634e-02  4.13484e-04  6.76576e-02
2.709018990e+03  6.7675933e-02  3.78785e-04  6.76759e-02
2.708980290e+03  6.7685208e-02  3.47801e-04  6.76852e-02
2.708941591e+03  6.7695050e-02  3.43180e-04  6.76951e-02
2.708902893e+03  6.7697506e-02  3.42508e-04  6.76975e-02
2.708864194e+03  6.7702825e-02  3.43306e-04  6.77028e-02
2.708825497e+03  6.7721616e-02  3.48265e-04  6.77216e-02
2.708786800e+03  6.7730802e-02  3.44412e-04  6.77308e-02
2.708748104e+03  6.7313272e-02  3.49898e-04  6.73133e-02
2.708709408e+03  6.7744581e-02  3.56552e-04  6.77446e-02
2.708670712e+03  6.7758446e-02  3.43726e-04  6.77584e-02
2.708632018e+03  6.7767674e-02  3.40695e-04  6.77677e-02
2.708593324e+03  6.7776864e-02  3.39887e-04  6.77769e-02
2.708554630e+03  6.7783866e-02  3.39825e-04  6.77839e-02
2.708515937e+03  6.7772436e-02  3.39717e-04  6.77724e-02
2.708477244e+03  6.7803237e-02  3.40363e-04  6.78032e-02
2.708438552e+03  6.7811017e-02  3.41709e-04  6.78110e-02
2.708399861e+03  6.7815735e-02  3.43013e-04  6.78157e-02
2.708361170e+03  6.7767522e-02  3.45519e-04  6.77675e-02
2.708322480e+03  6.4681542e-02  3.46280e-04  6.46815e-02
2.708283790e+03  6.7832423e-02  3.58240e-04  6.78324e-02
2.708245101e+03  6.7848801e-02  3.76632e-04  6.78488e-02
2.708206412e+03  6.7866698e-02  4.16123e-04  6.78667e-02
2.708167724e+03  6.7876718e-02  4.49654e-04  6.78767e-02
2.708129036e+03  6.7885526e-02  4.10837e-04  6.78855e-02
2.708090349e+03  6.7862049e-02  3.74242e-04  6.78620e-02
2.708051663e+03  6.7904319e-02  3.57156e-04  6.79043e-02
2.708012977e+03  6.7530464e-02  3.49231e-04  6.75305e-02
2.707974292e+03  6.7903866e-02  3.46379e-04  6.79039e-02
2.707935607e+03  6.7932193e-02  3.46515e-04  6.79322e-02
2.707896923e+03  6.7925078e-02  3.44012e-04  6.79251e-02
2.707858239e+03  6.7950824e-02  3.41522e-04  6.79508e-02
2.707819556e+03  6.7958426e-02  3.40556e-04  6.79584e-02
2.707780873e+03  6.7958559e-02  3.40704e-04  6.79586e-02
2.707742191e+03  6.7957865e-02  3.41212e-04  6.79579e-02
2.707703510e+03  6.7986638e-02  3.41175e-04  6.79866e-02
2.707664829e+03  6.7996865e-02  3.43168e-04  6.79969e-02
2.707626148e+03  6.8004001e-02  3.45765e-04  6.80040e-02
2.707587469e+03  6.8010585e-02  3.41030e-04  6.80106e-02
2.707548789e+03  6.8023921e-02  3.38911e-04  6.80239e-02
2.707510111e+03  6.8033468e-02  3.38406e-04  6.80335e-02
2.707471432e+03  6.8042588e-02  3.38245e-04  6.80426e-02
2.707432755e+03  6.8051661e-02  3.38190e-04  6.80517e-02
2.707394078e+03  6.8060613e-02  3.38719e-04  6.80606e-02
2.707355401e+03  6.8069404e-02  3.38976e-04  6.80694e-02
2.707316725e+03  6.8077927e-02  3.41322e-04  6.80779e-02
2.707278050e+03  6.7805279e-02  3.41203e-04  6.78053e-02
2.707239375e+03  6.7740274e-02  3.39939e-04  6.77403e-02
2.707200701e+03  6.7963150e-02  3.41454e-04  6.79631e-02
2.707162027e+03  6.8113596e-02  3.47034e-04  6.81136e-02
2.707123354e+03  6.8063943e-02  3.51813e-04  6.80639e-02
2.707084681e+03  6.8062630e-02  3.54251e-04  6.80626e-02
2.707046009e+03  6.8142109e-02  3.52141e-04  6.81421e-02
2.707007338e+03  6.8134627e-02  3.48588e-04  6.81346e-02
2.706968667e+03  6.8153775e-02  3.45553e-04  6.81538e-02
2.706929996e+03  6.8170824e-02  3.44130e-04  6.81708e-02
2.706891326e+03  6.8180080e-02  3.41560e-04  6.81801e-02
2.706852657e+03  6.8188816e-02  3.40054e-04  6.81888e-02
2.706813988e+03  6.8198459e-02  3.39190e-04  6.81985e-02
2.706775320e+03  6.8207640e-02  3.39210e-04  6.82076e-02
2.706736652e+03  6.8216810e-02  3.38952e-04  6.82168e-02
2.706697985e+03  6.8225969e-02  3.38389e-04  6.82260e-02
2.706659319e+03  6.8235102e-02  3.38519e-04  6.82351e-02
2.706620653e+03  6.8243775e-02  3.38350e-04  6.82438e-02
2.706581987e+03  6.8244816e-02  3.38700e-04  6.82448e-02
2.706543322e+03  6.8248250e-02  3.39048e-04  6.82482e-02
2.706504658e+03  6.7954062e-02  3.39354e-04  6.79541e-02
2.706465994e+03  6.8279819e-02  3.40754e-04  6.82798e-02
2.706427331e+03  6.8287652e-02  3.46733e-04  6.82877e-02
2.706388668e+03  6.8021333e-02  3.49988e-04  6.80213e-02
2.706350006e+03  6.7593182e-02  3.49318e-04  6.75932e-02
2.706311344e+03  6.8308681e-02  3.51520e-04  6.83087e-02
2.706272683e+03  6.8326155e-02  3.54424e-04  6.83262e-02
2.706234023e+03  6.8314990e-02  3.66943e-04  6.83150e-02
2.706195363e+03  6.8345191e-02  3.73168e-04  6.83452e-02
2.706156704e+03  6.8354554e-02  3.60351e-04  6.83546e-02
2.706118045e+03  6.8363622e-02  3.49112e-04  6.83636e-02
2.706079386e+03  6.8372972e-02  3.44556e-04  6.83730e-02
2.706040729e+03  6.8382275e-02  3.41984e-04  6.83823e-02
2.706002072e+03  6.8391412e-02  3.40348e-04  6.83914e-02
2.705963415e+03  6.8397168e-02  3.39933e-04  6.83972e-02
2.705924759e+03  6.8409851e-02  3.39126e-04  6.84099e-02
2.705886103e+03  6.8419011e-02  3.38687e-04  6.84190e-02
2.705847448e+03  6.8427734e-02  3.38515e-04  6.84277e-02
2.705808794e+03  6.8434060e-02  3.38444e-04  6.84341e-02
2.705770140e+03  6.8168213e-02  3.38124e-04  6.81682e-02
2.705731487e+03  6.8455378e-02  3.39115e-04  6.84554e-02
2.705692834e+03  6.8463144e-02  3.38227e-04  6.84631e-02
2.705654182e+03  6.8462682e-02  3.38049e-04  6.84627e-02
2.705615530e+03  6.8483506e-02  3.39161e-04  6.84835e-02
2.705576879e+03  6.8492791e-02  3.39640e-04  6.84928e-02
2.705538229e+03  6.8502022e-02  3.39055e-04  6.85020e-02
2.705499579e+03  6.8511181e-02  3.39568e-04  6.85112e-02
2.705460929e+03  6.8504574e-02  3.39043e-04  6.85046e-02
2.705422280e+03  6.8529499e-02  3.38215e-04  6.85295e-02
2.705383632e+03  6.8538887e-02  3.37934e-04  6.85389e-02
2.705344984e+03  6.8548160e-02  3.38109e-04  6.85482e-02
2.705306337e+03  6.8556205e-02  3.37787e-04  6.85562e-02
2.705267690e+03  6.8566597e-02  3.37816e-04  6.85666e-02
2.705229044e+03  6.8575236e-02  3.38130e-04  6.85752e-02
2.705190399e+03  6.8584342e-02  3.38209e-04  6.85843e-02
2.705151753e+03  6.8594197e-02  3.39700e-04  6.85942e-02
2.705113109e+03  6.8603248e-02  3.39482e-04  6.86032e-02
2.705074465e+03  6.8610705e-02  3.38686e-04  6.86107e-02
2.705035822e+03  6.8386180e-02  3.38510e-04  6.83862e-02
2.704997179e+03  6.8630538e-02  3.38579e-04  6.86305e-02
2.704958537e+03  6.8638894e-02  3.38784e-04  6.86389e-02
2.704919895e+03  6.8649244e-02  3.39289e-04  6.86492e-02
2.704881254e+03  6.8658774e-02  3.40291e-04  6.86588e-02
2.704842613e+03  6.8668005e-02  3.42310e-04  6.86680e-02
2.704803973e+03  6.8677190e-02  3.46996e-04  6.86772e-02
2.704765334e+03  6.8683114e-02  3.65515e-04  6.86831e-02
2.704726695e+03  6.8693166e-02  4.32160e-04  6.86932e-02
2.704688056e+03  6.8692683e-02  3.68299e-04  6.86927e-02
2.704649418e+03  6.8713605e-02  3.60032e-04  6.87136e-02
2.704610781e+03  6.8624109e-02  4.08277e-04  6.86241e-02
2.704572144e+03  6.8731864e-02  3.85298e-04  6.87319e-02
2.704533508e+03  6.8741752e-02  3.85303e-04  6.87418e-02
2.704494873e+03  6.8751029e-02  3.53096e-04  6.87510e-02
2.704456237e+03  6.8760222e-02  3.48836e-04  6.87602e-02
2.704417603e+03  6.8750148e-02  3.44737e-04  6.87501e-02
2.704378969e+03  6.8774923e-02  3.42095e-04  6.87749e-02
2.704340335e+03  6.8777173e-02  3.41210e-04  6.87772e-02
2.704301703e+03  6.8620710e-02  3.41871e-04  6.86207e-02
2.704263070e+03  6.8806031e-02  3.40596e-04  6.88060e-02
2.704224438e+03  6.8814469e-02  3.40413e-04  6.88145e-02
2.704185807e+03  6.8825010e-02  3.39704e-04  6.88250e-02
2.704147177e+03  6.8834295e-02  3.40412e-04  6.88343e-02
2.704108546e+03  6.8843562e-02  3.45153e-04  6.88436e-02
2.704069917e+03  6.8852824e-02  3.40412e-04  6.88528e-02
2.704031288e+03  6.8861985e-02  3.39116e-04  6.88620e-02
2.703992659e+03  6.8871309e-02  3.38410e-04  6.88713e-02
2.703954031e+03  6.8867758e-02  3.38238e-04  6.88678e-02
2.703915404e+03  6.8889682e-02  3.38259e-04  6.88897e-02
2.703876777e+03  6.8898846e-02  3.38707e-04  6.88988e-02
2.703838151e+03  6.8908361e-02  3.38580e-04  6.89084e-02
2.703799525e+03  6.8917587e-02  3.38300e-04  6.89176e-02
2.703760900e+03  6.8921343e-02  3.38274e-04  6.89213e-02
2.703722276e+03  6.8936091e-02  3.38876e-04  6.89361e-02
2.703683652e+03  6.8945335e-02  3.38736e-04  6.89453e-02
2.703645028e+03  6.8954534e-02  3.39335e-04  6.89545e-02
2.703606405e+03  6.8963313e-02  3.41133e-04  6.89633e-02
2.703567783e+03  6.8853450e-02  3.44579e-04  6.88534e-02
2.703529161e+03  6.8981948e-02  3.39466e-04  6.89819e-02
2.703490540e+03  6.8989481e-02  3.38578e-04  6.89895e-02
2.703451919e+03  6.9000857e-02  3.38464e-04  6.90009e-02
2.703413299e+03  6.9010151e-02  3.38904e-04  6.90102e-02
2.703374679e+03  6.9018987e-02  3.39816e-04  6.90190e-02
2.703336060e+03  6.9028137e-02  3.43846e-04  6.90281e-02
2.703297441e+03  6.9037727e-02  3.41950e-04  6.90377e-02
2.703258823e+03  6.8996631e-02  3.42186e-04  6.89966e-02
2.703220206e+03  6.9055374e-02  3.40077e-04  6.90554e-02
2.703181589e+03  6.9054217e-02  3.40170e-04  6.90542e-02
2.703142973e+03  6.9069774e-02  3.41173e-04  6.90698e-02
2.703104357e+03  6.9084017e-02  3.43843e-04  6.90840e-02
2.703065742e+03  6.9093087e-02  3.45150e-04  6.90931e-02
2.703027127e+03  6.9092734e-02  3.41633e-04  6.90927e-02
2.702988513e+03  6.9112111e-02  3.40080e-04  6.91121e-02
2.702949899e+03  6.9121478e-02  3.40517e-04  6.91215e-02
2.702911286e+03  6.9130691e-02  3.41469e-04  6.91307e-02
2.702872674e+03  6.9139861e-02  3.42415e-04  6.91399e-02
2.702834062e+03  6.9089012e-02  3.49097e-04  6.90890e-02
2.702795451e+03  6.9157549e-02  3.57275e-04  6.91575e-02
2.702756840e+03  6.9167833e-02  3.45583e-04  6.91678e-02
2.702718230e+03  6.9177190e-02  3.49425e-04  6.91772e-02
2.702679620e+03  6.9186484e-02  3.50548e-04  6.91865e-02
2.702641011e+03  6.9195770e-02  3.55939e-04  6.91958e-02
2.702602402e+03  6.9204783e-02  3.43451e-04  6.92048e-02
2.702563794e+03  6.9214315e-02  3.40381e-04  6.92143e-02
2.702525187e+03  6.9214572e-02  3.39716e-04  6.92146e-02
2.702486580e+03  6.9231893e-02  3.40780e-04  6.92319e-02
2.702447973e+03  6.9242053e-02  3.41522e-04  6.92421e-02
2.702409367e+03  6.9241222e-02  3.45167e-04  6.92412e-02
2.702370762e+03  6.9260337e-02  3.41812e-04  6.92603e-02
2.702332157e+03  6.9224042e-02  3.41242e-04  6.92240e-02
2.702293553e+03  6.9046156e-02  3.40678e-04  6.90462e-02
2.702254949e+03  6.9239541e-02  3.41979e-04  6.92395e-02
2.702216346e+03  6.9297119e-02  3.45064e-04  6.92971e-02
2.702177744e+03  6.9307242e-02  3.53176e-04  6.93072e-02
2.702139142e+03  6.9316630e-02  3.61570e-04  6.93166e-02
2.702100540e+03  6.9325973e-02  3.59643e-04  6.93260e-02
2.702061939e+03  6.9334614e-02  3.50317e-04  6.93346e-02
2.702023339e+03  6.9344604e-02  3.49458e-04  6.93446e-02
2.701984739e+03  6.9353950e-02  3.43214e-04  6.93539e-02
2.701946140e+03  6.9363220e-02  3.43333e-04  6.93632e-02
2.701907541e+03  6.9371531e-02  3.52733e-04  6.93715e-02
2.701868943e+03  6.9377392e-02  3.43858e-04  6.93774e-02
2.701830346e+03  6.9391078e-02  3.40321e-04  6.93911e-02
2.701791749e+03  6.9400511e-02  3.39945e-04  6.94005e-02
2.701753152e+03  6.9409819e-02  3.39971e-04  6.94098e-02
2.701714556e+03  6.9419120e-02  3.39577e-04  6.94191e-02
2.701675961e+03  6.9420721e-02  3.40016e-04  6.94207e-02
2.701637366e+03  6.9436478e-02  3.40356e-04  6.94365e-02
2.701598772e+03  6.9447045e-02  3.40231e-04  6.94470e-02
2.701560178e+03  6.9456359e-02  3.39441e-04  6.94564e-02
2.701521585e+03  6.9465607e-02  3.40152e-04  6.94656e-02
2.701482992e+03  6.9474499e-02  3.39449e-04  6.94745e-02
2.701444400e+03  6.9484215e-02  3.38729e-04  6.94842e-02
2.701405809e+03  6.9493050e-02  3.38680e-04  6.94931e-02
2.701367218e+03  6.9442714e-02  3.38708e-04  6.94427e-02
2.701328627e+03  6.9511262e-02  3.39026e-04  6.95113e-02
2.701290038e+03  6.9521438e-02  3.39232e-04  6.95214e-02
2.701251448e+03  6.9526736e-02  3.39145e-04  6.95267e-02
2.701212860e+03  6.9540232e-02  3.38741e-04  6.95402e-02
2.701174271e+03  6.9549612e-02  3.38647e-04  6.95496e-02
2.701135684e+03  6.9558952e-02  3.38657e-04  6.95590e-02
2.701097097e+03  6.9568224e-02  3.38693e-04  6.95682e-02
2.701058510e+03  6.9577623e-02  3.39153e-04  6.95776e-02
2.701019924e+03  6.9586958e-02  3.38879e-04  6.95870e-02
2.700981339e+03  6.9596292e-02  3.38856e-04  6.95963e-02
2.700942754e+03  6.9605616e-02  3.39163e-04  6.96056e-02
2.700904169e+03  6.9607154e-02  3.39726e-04  6.96072e-02
2.700865586e+03  6.9624243e-02  3.40183e-04  6.96242e-02
2.700827002e+03  6.9633541e-02  3.39197e-04  6.96335e-02
2.700788420e+03  6.9642916e-02  3.38865e-04  6.96429e-02
2.700749837e+03  6.9652226e-02  3.38839e-04  6.96522e-02
2.700711256e+03  6.9661511e-02  3.38865e-04  6.96615e-02
2.700672675e+03  6.9670404e-02  3.39037e-04  6.96704e-02
2.700634094e+03  6.9557201e-02  3.39301e-04  6.95572e-02
2.700595514e+03  6.9688012e-02  3.40339e-04  6.96880e-02
2.700556935e+03  6.9698730e-02  3.39326e-04  6.96987e-02
2.700518356e+03  6.9708052e-02  3.39261e-04  6.97081e-02
2.700479778e+03  6.9717479e-02  3.39223e-04  6.97175e-02
2.700441200e+03  6.9726815e-02  3.39445e-04  6.97268e-02
2.700402623e+03  6.9736157e-02  3.41433e-04  6.97362e-02
2.700364046e+03  6.9745497e-02  3.43461e-04  6.97455e-02
2.700325470e+03  6.9754840e-02  3.40300e-04  6.97548e-02
2.700286895e+03  6.9764188e-02  3.40075e-04  6.97642e-02
2.700248320e+03  6.9773536e-02  3.39338e-04  6.97735e-02
2.700209745e+03  6.9782886e-02  3.39480e-04  6.97829e-02
2.700171171e+03  6.9792220e-02  3.39819e-04  6.97922e-02
2.700132598e+03  6.9794406e-02  3.39227e-04  6.97944e-02
2.700094025e+03  6.9810951e-02  3.39194e-04  6.98110e-02
2.700055453e+03  6.9820314e-02  3.39120e-04  6.98203e-02
2.700016882e+03  6.9826207e-02  3.39224e-04  6.98262e-02