# ------------------------------------------------------------------------
# Radiance spectrum
# NASA-GSFC Planetary Spectrum Generator (PSG) (Villanueva et al. 2018, 2022)
# Synthesized on Fri Aug 15 21:17:50 2025
# Doppler velocities [km/s] (vobs,vrot+vorb,vwidth,vrfl,vstr): -17.63700,-0.00000,0.01000,-1.06846,0.00000
# ------------------------------------------------------------------------
# Spectra synthesized with the Planetary and Universal Model of Atmospheric Scattering (PUMAS, Villanueva et al. 2018, 2022)
# Single scattering radiative transfer method
# Radiative transfer took 0.232 seconds
# ------------------------------------------------------------------------
# Spectral unit: Frequency[cm-1]
# Radiance unit: Spectral radiance [W/sr/m2/um]
# Wave/freq Total Noise Mars
2.740000000e+03  9.3730699e-04  2.53707e-04  9.37307e-04
2.739960858e+03  9.3743818e-04  2.51158e-04  9.37438e-04
2.739921716e+03  9.3760156e-04  2.50443e-04  9.37602e-04
2.739882575e+03  9.3778570e-04  2.50110e-04  9.37786e-04
2.739843434e+03  9.3796660e-04  2.50109e-04  9.37967e-04
2.739804294e+03  9.3820407e-04  2.50219e-04  9.38204e-04
2.739765155e+03  9.4232135e-04  2.50497e-04  9.42321e-04
2.739726016e+03  9.3857984e-04  2.50873e-04  9.38580e-04
2.739686877e+03  9.3877974e-04  2.51735e-04  9.38780e-04
2.739647739e+03  9.4539909e-04  2.53490e-04  9.45399e-04
2.739608602e+03  9.3927100e-04  2.57233e-04  9.39271e-04
2.739569465e+03  9.4040355e-04  2.56886e-04  9.40404e-04
2.739530329e+03  9.4004442e-04  2.56304e-04  9.40044e-04
2.739491194e+03  9.4552322e-04  2.58311e-04  9.45523e-04
2.739452059e+03  1.0731577e-03  2.58219e-04  1.07316e-03
2.739412924e+03  9.4193456e-04  2.55323e-04  9.41935e-04
2.739373790e+03  9.4051589e-04  2.55400e-04  9.40516e-04
2.739334657e+03  9.4050124e-04  2.57895e-04  9.40501e-04
2.739295524e+03  9.4062725e-04  2.78000e-04  9.40627e-04
2.739256392e+03  9.4079759e-04  2.66946e-04  9.40798e-04
2.739217260e+03  9.4100940e-04  2.58319e-04  9.41009e-04
2.739178129e+03  9.4125991e-04  2.56858e-04  9.41260e-04
2.739138999e+03  9.4175645e-04  2.57944e-04  9.41756e-04
2.739099869e+03  9.6199192e-04  2.61474e-04  9.61992e-04
2.739060739e+03  1.0146044e-03  2.66810e-04  1.01460e-03
2.739021610e+03  9.4250418e-04  2.77282e-04  9.42504e-04
2.738982482e+03  9.4225468e-04  2.97531e-04  9.42255e-04
2.738943354e+03  9.4694382e-04  3.38249e-04  9.46944e-04
2.738904227e+03  9.4458938e-04  3.54870e-04  9.44589e-04
2.738865100e+03  9.4287566e-04  3.25217e-04  9.42876e-04
2.738825974e+03  9.4391153e-04  3.35993e-04  9.43912e-04
2.738786849e+03  1.0654521e-03  3.28534e-04  1.06545e-03
2.738747724e+03  9.6190232e-04  2.88682e-04  9.61902e-04
2.738708599e+03  9.4395260e-04  3.01363e-04  9.43953e-04
2.738669476e+03  9.4430079e-04  2.77728e-04  9.44301e-04
2.738630352e+03  9.4377960e-04  2.63084e-04  9.43780e-04
2.738591229e+03  9.4391413e-04  2.58677e-04  9.43914e-04
2.738552107e+03  9.4407616e-04  2.55244e-04  9.44076e-04
2.738512986e+03  9.4425068e-04  2.54271e-04  9.44251e-04
2.738473865e+03  9.4447215e-04  2.53505e-04  9.44472e-04
2.738434744e+03  9.4493956e-04  2.53106e-04  9.44940e-04
2.738395624e+03  9.4481603e-04  2.53075e-04  9.44816e-04
2.738356505e+03  9.4500269e-04  2.53422e-04  9.45003e-04
2.738317386e+03  9.4523195e-04  2.53964e-04  9.45232e-04
2.738278268e+03  9.4548489e-04  2.54899e-04  9.45485e-04
2.738239150e+03  9.4668757e-04  2.57291e-04  9.46688e-04
2.738200033e+03  9.7918377e-04  2.66314e-04  9.79184e-04
2.738160916e+03  9.4649291e-04  3.08227e-04  9.46493e-04
2.738121800e+03  9.4802134e-04  2.84424e-04  9.48021e-04
2.738082685e+03  1.0845548e-03  2.84933e-04  1.08455e-03
2.738043570e+03  9.4909655e-04  2.91105e-04  9.49097e-04
2.738004456e+03  9.4700057e-04  2.76433e-04  9.47001e-04
2.737965342e+03  9.4697213e-04  2.63930e-04  9.46972e-04
2.737926229e+03  9.4774815e-04  2.59264e-04  9.47748e-04
2.737887116e+03  9.4724273e-04  2.55164e-04  9.47243e-04
2.737848004e+03  9.4740745e-04  2.53366e-04  9.47407e-04
2.737808892e+03  9.4758436e-04  2.52464e-04  9.47584e-04
2.737769781e+03  9.4801330e-04  2.52051e-04  9.48013e-04
2.737730671e+03  9.4796259e-04  2.52876e-04  9.47963e-04
2.737691561e+03  9.4813860e-04  2.51622e-04  9.48139e-04
2.737652452e+03  9.4833469e-04  2.51343e-04  9.48335e-04
2.737613343e+03  9.4852952e-04  2.53566e-04  9.48530e-04
2.737574235e+03  9.4874854e-04  2.55519e-04  9.48749e-04
2.737535127e+03  9.4896003e-04  2.51243e-04  9.48960e-04
2.737496020e+03  9.4924716e-04  2.51937e-04  9.49247e-04
2.737456913e+03  9.4983273e-04  2.54002e-04  9.49833e-04
2.737417807e+03  9.9287670e-04  2.53501e-04  9.92877e-04
2.737378702e+03  1.0464045e-03  2.54668e-04  1.04640e-03
2.737339597e+03  9.5058234e-04  2.57250e-04  9.50582e-04
2.737300493e+03  9.5328386e-04  2.55760e-04  9.53284e-04
2.737261389e+03  9.8527586e-04  2.66453e-04  9.85276e-04
2.737222286e+03  9.5108395e-04  2.69237e-04  9.51084e-04
2.737183183e+03  9.5103697e-04  3.05059e-04  9.51037e-04
2.737144081e+03  9.5123039e-04  2.93169e-04  9.51230e-04
2.737104980e+03  9.5115209e-04  2.98691e-04  9.51152e-04
2.737065879e+03  9.5113096e-04  2.84760e-04  9.51131e-04
2.737026778e+03  9.5130947e-04  2.71386e-04  9.51309e-04
2.736987679e+03  9.5149632e-04  2.58912e-04  9.51496e-04
2.736948579e+03  9.5168807e-04  2.54810e-04  9.51688e-04
2.736909481e+03  9.5188723e-04  2.54860e-04  9.51887e-04
2.736870382e+03  9.5210827e-04  2.52564e-04  9.52108e-04
2.736831285e+03  9.5353023e-04  2.51893e-04  9.53530e-04
2.736792188e+03  9.5270385e-04  2.52965e-04  9.52704e-04
2.736753091e+03  9.5388376e-04  2.51505e-04  9.53884e-04
2.736713995e+03  1.0885057e-03  2.52665e-04  1.08851e-03
2.736674900e+03  9.5476763e-04  2.55592e-04  9.54768e-04
2.736635805e+03  9.5361322e-04  2.54818e-04  9.53613e-04
2.736596711e+03  9.5356812e-04  2.51434e-04  9.53568e-04
2.736557617e+03  9.5443784e-04  2.52990e-04  9.54438e-04
2.736518524e+03  9.5377836e-04  2.53949e-04  9.53778e-04
2.736479432e+03  9.5393583e-04  2.50909e-04  9.53936e-04
2.736440340e+03  9.5456756e-04  2.50645e-04  9.54568e-04
2.736401248e+03  9.5484914e-04  2.50825e-04  9.54849e-04
2.736362157e+03  9.5450670e-04  2.51419e-04  9.54507e-04
2.736323067e+03  9.5477566e-04  2.52637e-04  9.54776e-04
2.736283977e+03  9.7011197e-04  2.54549e-04  9.70112e-04
2.736244888e+03  9.5633620e-04  2.53900e-04  9.56336e-04
2.736205799e+03  9.5529890e-04  2.57838e-04  9.55299e-04
2.736166711e+03  9.5549100e-04  2.63423e-04  9.55491e-04
2.736127624e+03  9.5575196e-04  2.76902e-04  9.55752e-04
2.736088537e+03  9.5625969e-04  2.90616e-04  9.56260e-04
2.736049450e+03  1.0143444e-03  3.02169e-04  1.01434e-03
2.736010365e+03  1.0323952e-03  2.68678e-04  1.03240e-03
2.735971279e+03  9.5684736e-04  2.58934e-04  9.56847e-04
2.735932194e+03  9.5669615e-04  2.55857e-04  9.56696e-04
2.735893110e+03  9.5682103e-04  2.54126e-04  9.56821e-04
2.735854027e+03  9.6296415e-04  2.54125e-04  9.62964e-04
2.735814944e+03  9.5816909e-04  2.53942e-04  9.58169e-04
2.735775861e+03  9.5804748e-04  2.54721e-04  9.58047e-04
2.735736779e+03  9.5754650e-04  2.54328e-04  9.57547e-04
2.735697698e+03  9.5794687e-04  2.57150e-04  9.57947e-04
2.735658617e+03  9.5795072e-04  2.56951e-04  9.57951e-04
2.735619537e+03  9.5863745e-04  2.55459e-04  9.58637e-04
2.735580457e+03  9.6012221e-04  2.52483e-04  9.60122e-04
2.735541378e+03  9.5947755e-04  2.51943e-04  9.59478e-04
2.735502299e+03  9.5866125e-04  2.51805e-04  9.58661e-04
2.735463221e+03  9.5888865e-04  2.53357e-04  9.58889e-04
2.735424144e+03  9.5922522e-04  2.54511e-04  9.59225e-04
2.735385067e+03  9.6065667e-04  2.55737e-04  9.60657e-04
2.735345990e+03  1.0874991e-03  2.51987e-04  1.08750e-03
2.735306914e+03  9.6051942e-04  2.50887e-04  9.60519e-04
2.735267839e+03  9.5995678e-04  2.50545e-04  9.59957e-04
2.735228765e+03  9.6000286e-04  2.51848e-04  9.60003e-04
2.735189690e+03  9.6014934e-04  2.51872e-04  9.60149e-04
2.735150617e+03  9.6041125e-04  2.51372e-04  9.60411e-04
2.735111544e+03  9.6059547e-04  2.53471e-04  9.60595e-04
2.735072471e+03  9.6070957e-04  2.51223e-04  9.60710e-04
2.735033399e+03  9.6170162e-04  2.54111e-04  9.61702e-04
2.734994328e+03  9.6106252e-04  2.52393e-04  9.61063e-04
2.734955257e+03  9.6149890e-04  2.52176e-04  9.61499e-04
2.734916187e+03  9.6144024e-04  2.58965e-04  9.61440e-04
2.734877117e+03  9.6242932e-04  2.53708e-04  9.62429e-04
2.734838048e+03  9.6186159e-04  2.50810e-04  9.61862e-04
2.734798980e+03  9.6205411e-04  2.50250e-04  9.62054e-04
2.734759912e+03  9.6232585e-04  2.50150e-04  9.62326e-04
2.734720844e+03  9.6292323e-04  2.50598e-04  9.62923e-04
2.734681777e+03  1.0834682e-03  2.50599e-04  1.08347e-03
2.734642711e+03  9.6581935e-04  2.51044e-04  9.65819e-04
2.734603645e+03  9.6321112e-04  2.52859e-04  9.63211e-04
2.734564580e+03  9.6321979e-04  2.52043e-04  9.63220e-04
2.734525515e+03  9.6335687e-04  2.56053e-04  9.63357e-04
2.734486451e+03  9.6359135e-04  2.58106e-04  9.63591e-04
2.734447388e+03  9.6372802e-04  2.65209e-04  9.63728e-04
2.734408325e+03  9.6404716e-04  2.59438e-04  9.64047e-04
2.734369262e+03  9.6407312e-04  2.52333e-04  9.64073e-04
2.734330201e+03  9.6426359e-04  2.51389e-04  9.64264e-04
2.734291139e+03  9.6527810e-04  2.50727e-04  9.65278e-04
2.734252078e+03  9.6466400e-04  2.50355e-04  9.64664e-04
2.734213018e+03  9.6506065e-04  2.50110e-04  9.65061e-04
2.734173959e+03  9.6503827e-04  2.50168e-04  9.65038e-04
2.734134900e+03  9.6618930e-04  2.50122e-04  9.66189e-04
2.734095841e+03  9.6552358e-04  2.50496e-04  9.65524e-04
2.734056783e+03  9.6587371e-04  2.50277e-04  9.65874e-04
2.734017726e+03  9.8041890e-04  2.50603e-04  9.80419e-04
2.733978669e+03  1.0683740e-03  2.52362e-04  1.06837e-03
2.733939613e+03  9.6652877e-04  2.55885e-04  9.66529e-04
2.733900557e+03  9.6644920e-04  2.57715e-04  9.66449e-04
2.733861502e+03  9.6657606e-04  2.58497e-04  9.66576e-04
2.733822447e+03  9.6679822e-04  2.58828e-04  9.66798e-04
2.733783393e+03  9.6691917e-04  2.67859e-04  9.66919e-04
2.733744340e+03  9.6710263e-04  2.60825e-04  9.67103e-04
2.733705287e+03  9.6730240e-04  2.57070e-04  9.67302e-04
2.733666234e+03  9.6770532e-04  2.57724e-04  9.67705e-04
2.733627182e+03  9.6766829e-04  2.53388e-04  9.67668e-04
2.733588131e+03  9.6786034e-04  2.55271e-04  9.67860e-04
2.733549081e+03  9.6883440e-04  2.53250e-04  9.68834e-04
2.733510030e+03  9.6840799e-04  2.51121e-04  9.68408e-04
2.733470981e+03  9.6856293e-04  2.52610e-04  9.68563e-04
2.733431932e+03  9.6870583e-04  2.50705e-04  9.68706e-04
2.733392883e+03  9.6907499e-04  2.50487e-04  9.69075e-04
2.733353835e+03  9.7147498e-04  2.51006e-04  9.71475e-04
2.733314788e+03  1.0769214e-03  2.50854e-04  1.07692e-03
2.733275741e+03  9.6990511e-04  2.51094e-04  9.69905e-04
2.733236695e+03  9.6968782e-04  2.51332e-04  9.69688e-04
2.733197649e+03  9.6980651e-04  2.53603e-04  9.69807e-04
2.733158604e+03  9.7001249e-04  2.59819e-04  9.70012e-04
2.733119560e+03  9.7015173e-04  2.55788e-04  9.70152e-04
2.733080516e+03  9.7058456e-04  2.54880e-04  9.70585e-04
2.733041472e+03  9.7052121e-04  2.66230e-04  9.70521e-04
2.733002429e+03  9.7070964e-04  2.62966e-04  9.70710e-04
2.732963387e+03  9.7091358e-04  2.57198e-04  9.70914e-04
2.732924345e+03  9.7137259e-04  2.52925e-04  9.71373e-04
2.732885304e+03  9.7128940e-04  2.51780e-04  9.71289e-04
2.732846263e+03  9.7148193e-04  2.51975e-04  9.71482e-04
2.732807223e+03  9.7170472e-04  2.52654e-04  9.71705e-04
2.732768184e+03  9.7286568e-04  2.55092e-04  9.72866e-04
2.732729145e+03  9.7219097e-04  2.69611e-04  9.72191e-04
2.732690106e+03  9.7286484e-04  2.73081e-04  9.72865e-04
2.732651068e+03  1.0731572e-03  2.56729e-04  1.07316e-03
2.732612031e+03  9.7471765e-04  2.55152e-04  9.74718e-04
2.732572994e+03  9.7403628e-04  2.56492e-04  9.74036e-04
2.732533958e+03  9.7313583e-04  2.62924e-04  9.73136e-04
2.732494922e+03  9.7320706e-04  2.75228e-04  9.73207e-04
2.732455887e+03  9.7338315e-04  2.67053e-04  9.73383e-04
2.732416853e+03  9.7356691e-04  2.57993e-04  9.73567e-04
2.732377819e+03  9.7375403e-04  2.54598e-04  9.73754e-04
2.732338785e+03  9.7394303e-04  2.52564e-04  9.73943e-04
2.732299753e+03  9.7413343e-04  2.51707e-04  9.74133e-04
2.732260720e+03  9.7432534e-04  2.52621e-04  9.74325e-04
2.732221689e+03  9.7452471e-04  2.51193e-04  9.74525e-04
2.732182657e+03  9.7505427e-04  2.50776e-04  9.75054e-04
2.732143627e+03  9.7491513e-04  2.50741e-04  9.74915e-04
2.732104597e+03  9.7512629e-04  2.50689e-04  9.75126e-04
2.732065567e+03  9.7540896e-04  2.50812e-04  9.75409e-04
2.732026538e+03  9.7677307e-04  2.50599e-04  9.76773e-04
2.731987510e+03  1.0665865e-03  2.51052e-04  1.06659e-03
2.731948482e+03  9.7693501e-04  2.50820e-04  9.76935e-04
2.731909455e+03  9.7620762e-04  2.50868e-04  9.76208e-04
2.731870428e+03  9.7733082e-04  2.51116e-04  9.77331e-04
2.731831402e+03  9.7700379e-04  2.53427e-04  9.77004e-04
2.731792376e+03  9.7663084e-04  2.54072e-04  9.76631e-04
2.731753351e+03  9.7681446e-04  2.52633e-04  9.76814e-04
2.731714327e+03  9.7700990e-04  2.51154e-04  9.77010e-04
2.731675303e+03  9.7721600e-04  2.51158e-04  9.77216e-04
2.731636279e+03  9.7738354e-04  2.51139e-04  9.77384e-04
2.731597257e+03  9.7757601e-04  2.51322e-04  9.77576e-04
2.731558234e+03  9.7779177e-04  2.52269e-04  9.77792e-04
2.731519213e+03  9.7796740e-04  2.53018e-04  9.77967e-04
2.731480191e+03  9.7827085e-04  2.59256e-04  9.78271e-04
2.731441171e+03  9.7875856e-04  2.57416e-04  9.78759e-04
2.731402151e+03  9.8012977e-04  2.53221e-04  9.80130e-04
2.731363131e+03  9.7905340e-04  2.52563e-04  9.79053e-04
2.731324112e+03  1.0606946e-03  2.53056e-04  1.06069e-03
2.731285094e+03  9.8148508e-04  2.54016e-04  9.81485e-04
2.731246076e+03  9.7950783e-04  2.55370e-04  9.79508e-04
2.731207059e+03  9.7960635e-04  2.54838e-04  9.79606e-04
2.731168042e+03  9.7987145e-04  2.56002e-04  9.79871e-04
2.731129026e+03  9.8067474e-04  2.58128e-04  9.80675e-04
2.731090011e+03  1.0437708e-03  2.61660e-04  1.04377e-03
2.731050996e+03  9.8437241e-04  2.64410e-04  9.84372e-04
2.731011981e+03  9.8066320e-04  2.73647e-04  9.80663e-04
2.730972967e+03  9.8072059e-04  2.94021e-04  9.80721e-04
2.730933954e+03  9.8087530e-04  3.19977e-04  9.80875e-04
2.730894941e+03  9.8105226e-04  3.07022e-04  9.81052e-04
2.730855929e+03  9.8123862e-04  2.80316e-04  9.81239e-04
2.730816917e+03  9.8143148e-04  2.66695e-04  9.81431e-04
2.730777906e+03  9.8163346e-04  2.60340e-04  9.81633e-04
2.730738896e+03  9.8206568e-04  2.57149e-04  9.82066e-04
2.730699886e+03  9.8242813e-04  2.55818e-04  9.82428e-04
2.730660876e+03  1.0550673e-03  2.56161e-04  1.05507e-03
2.730621867e+03  9.8385418e-04  2.59433e-04  9.83854e-04
2.730582859e+03  9.8278898e-04  2.54581e-04  9.82789e-04
2.730543851e+03  9.8292375e-04  2.53126e-04  9.82924e-04
2.730504844e+03  9.8361233e-04  2.53417e-04  9.83612e-04
2.730465837e+03  9.8408311e-04  2.52825e-04  9.84083e-04
2.730426831e+03  9.8335237e-04  2.52427e-04  9.83352e-04
2.730387826e+03  9.8354018e-04  2.52474e-04  9.83540e-04
2.730348821e+03  9.8588572e-04  2.53092e-04  9.85886e-04
2.730309816e+03  9.8393237e-04  2.55772e-04  9.83932e-04
2.730270812e+03  9.8414936e-04  2.57236e-04  9.84149e-04
2.730231809e+03  9.8433431e-04  2.53377e-04  9.84334e-04
2.730192806e+03  9.8450806e-04  2.54053e-04  9.84508e-04
2.730153804e+03  9.8471669e-04  2.53914e-04  9.84717e-04
2.730114802e+03  9.8496524e-04  2.57948e-04  9.84965e-04
2.730075801e+03  9.9661284e-04  2.56131e-04  9.96613e-04
2.730036801e+03  9.9036882e-04  2.55163e-04  9.90369e-04
2.729997801e+03  1.0504463e-03  2.56688e-04  1.05045e-03
2.729958801e+03  9.8701302e-04  2.60876e-04  9.87013e-04
2.729919803e+03  9.8598415e-04  2.68970e-04  9.85984e-04
2.729880804e+03  9.8622622e-04  2.71305e-04  9.86226e-04
2.729841807e+03  1.0102899e-03  2.64084e-04  1.01029e-03
2.729802809e+03  9.8708733e-04  2.60889e-04  9.87087e-04
2.729763813e+03  9.8726823e-04  2.63106e-04  9.87268e-04
2.729724817e+03  9.8683949e-04  2.70526e-04  9.86839e-04
2.729685821e+03  9.8714925e-04  2.87035e-04  9.87149e-04
2.729646826e+03  9.8720574e-04  2.89455e-04  9.87206e-04
2.729607832e+03  9.8961921e-04  3.13709e-04  9.89619e-04
2.729568838e+03  9.8787429e-04  3.38051e-04  9.87874e-04
2.729529845e+03  9.8777809e-04  2.79394e-04  9.87778e-04
2.729490852e+03  9.8797275e-04  2.61583e-04  9.87973e-04
2.729451860e+03  9.8817509e-04  2.57801e-04  9.88175e-04
2.729412868e+03  9.8842006e-04  2.59247e-04  9.88420e-04
2.729373877e+03  9.8874492e-04  2.71269e-04  9.88745e-04
2.729334887e+03  1.0457897e-03  2.85979e-04  1.04579e-03
2.729295897e+03  9.8956652e-04  2.58986e-04  9.89567e-04
2.729256907e+03  9.8944593e-04  2.54718e-04  9.89446e-04
2.729217919e+03  9.8959889e-04  2.53451e-04  9.89599e-04
2.729178930e+03  9.9110901e-04  2.53448e-04  9.91109e-04
2.729139943e+03  9.9020126e-04  2.52705e-04  9.90201e-04
2.729100955e+03  9.8991546e-04  2.52495e-04  9.89915e-04
2.729061969e+03  9.9013252e-04  2.52834e-04  9.90133e-04
2.729022983e+03  9.9078685e-04  2.54136e-04  9.90787e-04
2.728983997e+03  9.9051664e-04  2.54427e-04  9.90517e-04
2.728945012e+03  9.9067671e-04  2.53210e-04  9.90677e-04
2.728906028e+03  9.9087294e-04  2.52345e-04  9.90873e-04
2.728867044e+03  9.9110830e-04  2.52055e-04  9.91108e-04
2.728828061e+03  9.9413135e-04  2.51768e-04  9.94131e-04
2.728789078e+03  9.9147289e-04  2.51911e-04  9.91473e-04
2.728750096e+03  9.9169472e-04  2.52526e-04  9.91695e-04
2.728711114e+03  9.9215901e-04  2.53687e-04  9.92159e-04
2.728672133e+03  1.0416985e-03  2.58068e-04  1.04170e-03
2.728633153e+03  9.9252782e-04  2.58775e-04  9.92528e-04
2.728594173e+03  9.9250986e-04  2.55677e-04  9.92510e-04
2.728555194e+03  9.9263406e-04  2.52969e-04  9.92634e-04
2.728516215e+03  9.9307149e-04  2.52938e-04  9.93071e-04
2.728477237e+03  9.9326218e-04  2.53537e-04  9.93262e-04
2.728438259e+03  9.9319999e-04  2.54293e-04  9.93200e-04
2.728399282e+03  9.9339408e-04  2.64362e-04  9.93394e-04
2.728360305e+03  9.9358655e-04  2.69480e-04  9.93587e-04
2.728321329e+03  9.9379233e-04  2.55343e-04  9.93792e-04
2.728282354e+03  9.9400926e-04  2.53127e-04  9.94009e-04
2.728243379e+03  9.9485489e-04  2.53038e-04  9.94855e-04
2.728204404e+03  1.0014739e-03  2.53262e-04  1.00147e-03
2.728165431e+03  9.9461650e-04  2.53327e-04  9.94616e-04
2.728126457e+03  9.9480096e-04  2.54547e-04  9.94801e-04
2.728087485e+03  9.9831535e-04  2.57198e-04  9.98315e-04
2.728048513e+03  9.9563337e-04  2.59174e-04  9.95633e-04
2.728009541e+03  1.0388635e-03  2.56919e-04  1.03886e-03
2.727970570e+03  9.9579100e-04  2.54711e-04  9.95791e-04
2.727931600e+03  9.9578962e-04  2.54027e-04  9.95790e-04
2.727892630e+03  9.9594739e-04  2.54537e-04  9.95947e-04
2.727853660e+03  9.9612204e-04  2.55229e-04  9.96122e-04
2.727814692e+03  9.9634209e-04  2.53836e-04  9.96342e-04
2.727775723e+03  9.9674896e-04  2.53132e-04  9.96749e-04
2.727736756e+03  9.9696910e-04  2.52867e-04  9.96969e-04
2.727697789e+03  9.9820220e-04  2.53128e-04  9.98202e-04
2.727658822e+03  9.9724122e-04  2.54123e-04  9.97241e-04
2.727619856e+03  9.9729028e-04  2.53568e-04  9.97290e-04
2.727580891e+03  9.9751911e-04  2.53867e-04  9.97519e-04
2.727541926e+03  9.9769201e-04  2.55186e-04  9.97692e-04
2.727502961e+03  9.9824786e-04  2.55225e-04  9.98248e-04
2.727463998e+03  9.9808966e-04  2.54987e-04  9.98090e-04
2.727425034e+03  9.9846379e-04  2.54414e-04  9.98464e-04
2.727386072e+03  1.0009988e-03  2.54585e-04  1.00100e-03
2.727347110e+03  1.0366757e-03  2.55255e-04  1.03668e-03
2.727308148e+03  9.9897773e-04  2.57242e-04  9.98978e-04
2.727269187e+03  9.9975579e-04  2.68589e-04  9.99756e-04
2.727230227e+03  1.0002750e-03  2.64081e-04  1.00027e-03
2.727191267e+03  9.9944333e-04  2.58911e-04  9.99443e-04
2.727152307e+03  9.9963475e-04  2.59274e-04  9.99635e-04
2.727113349e+03  9.9998314e-04  2.61412e-04  9.99983e-04
2.727074391e+03  1.0002860e-03  2.64217e-04  1.00029e-03
2.727035433e+03  1.0002264e-03  2.68188e-04  1.00023e-03
2.726996476e+03  1.0005994e-03  2.78682e-04  1.00060e-03
2.726957519e+03  1.0007103e-03  3.15017e-04  1.00071e-03
2.726918563e+03  1.0008057e-03  5.32947e-04  1.00081e-03
2.726879608e+03  1.0010324e-03  3.92547e-04  1.00103e-03
2.726840653e+03  1.0012735e-03  3.21983e-04  1.00127e-03
2.726801699e+03  1.0018866e-03  3.73765e-04  1.00189e-03
2.726762745e+03  1.0033410e-03  3.42098e-04  1.00334e-03
2.726723792e+03  1.0327708e-03  4.04107e-04  1.03277e-03
2.726684839e+03  1.0024038e-03  8.12115e-04  1.00240e-03
2.726645887e+03  1.0022323e-03  1.36452e-03  1.00223e-03
2.726606935e+03  1.0042947e-03  1.24579e-03  1.00429e-03
2.726567984e+03  1.0050656e-03  6.35970e-04  1.00507e-03
2.726529034e+03  1.0028200e-03  6.10032e-04  1.00282e-03
2.726490084e+03  1.0030286e-03  4.08506e-04  1.00303e-03
2.726451135e+03  1.0032753e-03  3.36119e-04  1.00328e-03
2.726412186e+03  1.0036066e-03  2.97773e-04  1.00361e-03
2.726373238e+03  1.0043947e-03  2.85970e-04  1.00439e-03
2.726334290e+03  1.0954970e-03  2.85584e-04  1.09550e-03
2.726295343e+03  1.0351041e-03  3.07722e-04  1.03510e-03
2.726256397e+03  1.0048251e-03  3.12930e-04  1.00483e-03
2.726217451e+03  1.0048345e-03  3.33407e-04  1.00483e-03
2.726178505e+03  1.0046601e-03  3.86681e-04  1.00466e-03
2.726139561e+03  1.0049118e-03  4.00855e-04  1.00491e-03
2.726100616e+03  1.0051568e-03  3.38090e-04  1.00516e-03
2.726061673e+03  1.0311436e-03  2.97210e-04  1.03114e-03
2.726022729e+03  1.0054438e-03  2.79888e-04  1.00544e-03
2.725983787e+03  1.0057570e-03  2.72017e-04  1.00576e-03
2.725944845e+03  1.0057769e-03  2.68769e-04  1.00578e-03
2.725905903e+03  1.0060570e-03  2.68836e-04  1.00606e-03
2.725866962e+03  1.0080385e-03  2.77528e-04  1.00804e-03
2.725828022e+03  1.0572648e-03  3.31449e-04  1.05726e-03
2.725789082e+03  1.0067737e-03  2.89241e-04  1.00677e-03
2.725750143e+03  1.0067653e-03  2.83038e-04  1.00677e-03
2.725711204e+03  1.0069194e-03  3.03218e-04  1.00692e-03
2.725672266e+03  1.0071003e-03  3.18910e-04  1.00710e-03
2.725633328e+03  1.0072912e-03  2.92567e-04  1.00729e-03
2.725594391e+03  1.0077605e-03  2.72833e-04  1.00776e-03
2.725555455e+03  1.0076800e-03  2.64999e-04  1.00768e-03
2.725516519e+03  1.0078829e-03  2.64465e-04  1.00788e-03
2.725477583e+03  1.0083930e-03  2.64241e-04  1.00839e-03
2.725438648e+03  1.0271419e-03  2.73976e-04  1.02714e-03
2.725399714e+03  1.0116480e-03  2.70096e-04  1.01165e-03
2.725360780e+03  1.0086885e-03  2.60149e-04  1.00869e-03
2.725321847e+03  1.0088592e-03  2.59426e-04  1.00886e-03
2.725282915e+03  1.0090507e-03  2.59037e-04  1.00905e-03
2.725243983e+03  1.0093338e-03  2.55736e-04  1.00933e-03
2.725205051e+03  1.0095108e-03  2.54969e-04  1.00951e-03
2.725166120e+03  1.0096444e-03  2.54345e-04  1.00964e-03
2.725127190e+03  1.0098662e-03  2.54484e-04  1.00987e-03
2.725088260e+03  1.0154271e-03  2.56169e-04  1.01543e-03
2.725049331e+03  1.0102617e-03  2.59555e-04  1.01026e-03
2.725010402e+03  1.0104508e-03  2.55124e-04  1.01045e-03
2.724971474e+03  1.0141404e-03  2.54512e-04  1.01414e-03
2.724932546e+03  1.0131569e-03  2.54843e-04  1.01316e-03
2.724893619e+03  1.0110493e-03  2.55802e-04  1.01105e-03
2.724854693e+03  1.0115493e-03  2.58948e-04  1.01155e-03
2.724815767e+03  1.0115258e-03  2.72639e-04  1.01153e-03
2.724776841e+03  1.0295999e-03  2.64917e-04  1.02960e-03
2.724737916e+03  1.0121550e-03  2.58632e-04  1.01216e-03
2.724698992e+03  1.0120331e-03  2.56479e-04  1.01203e-03
2.724660068e+03  1.0124190e-03  2.55525e-04  1.01242e-03
2.724621145e+03  1.0134856e-03  2.55392e-04  1.01349e-03
2.724582223e+03  1.0126148e-03  2.55701e-04  1.01261e-03
2.724543301e+03  1.0128293e-03  2.56320e-04  1.01283e-03
2.724504379e+03  1.0130269e-03  2.58571e-04  1.01303e-03
2.724465458e+03  1.0132121e-03  2.65566e-04  1.01321e-03
2.724426538e+03  1.0134225e-03  3.03035e-04  1.01342e-03
2.724387618e+03  1.0146425e-03  2.78766e-04  1.01464e-03
2.724348699e+03  1.0248178e-03  2.64338e-04  1.02482e-03
2.724309780e+03  1.0141763e-03  2.59272e-04  1.01418e-03
2.724270862e+03  1.0142310e-03  2.59546e-04  1.01423e-03
2.724231944e+03  1.0144197e-03  2.62841e-04  1.01442e-03
2.724193027e+03  1.0146441e-03  2.66701e-04  1.01464e-03
2.724154111e+03  1.0296431e-03  2.61739e-04  1.02964e-03
2.724115195e+03  1.0153876e-03  2.59556e-04  1.01539e-03
2.724076279e+03  1.0152759e-03  2.59650e-04  1.01528e-03
2.724037365e+03  1.0155283e-03  2.60852e-04  1.01553e-03
2.723998450e+03  1.0162443e-03  2.62732e-04  1.01624e-03
2.723959537e+03  1.0368044e-03  2.66759e-04  1.03680e-03
2.723920623e+03  1.0902225e-03  2.71534e-04  1.09022e-03
2.723881711e+03  1.0168162e-03  2.82723e-04  1.01682e-03
2.723842799e+03  1.0371609e-03  3.07828e-04  1.03716e-03
2.723803887e+03  1.0170599e-03  3.58795e-04  1.01706e-03
2.723764976e+03  1.0168968e-03  3.75847e-04  1.01690e-03
2.723726066e+03  1.0171553e-03  3.35762e-04  1.01716e-03
2.723687156e+03  1.0172709e-03  3.14527e-04  1.01727e-03
2.723648247e+03  1.0175073e-03  2.97926e-04  1.01751e-03
2.723609338e+03  1.0239387e-03  2.83242e-04  1.02394e-03
2.723570430e+03  1.0187765e-03  2.77691e-04  1.01878e-03
2.723531522e+03  1.0206641e-03  2.77924e-04  1.02066e-03
2.723492615e+03  1.1844854e-03  2.84272e-04  1.18449e-03
2.723453709e+03  1.0205686e-03  2.96487e-04  1.02057e-03
2.723414803e+03  1.0192763e-03  3.26608e-04  1.01928e-03
2.723375898e+03  1.0189510e-03  3.95805e-04  1.01895e-03
2.723336993e+03  1.0190633e-03  4.83095e-04  1.01906e-03
2.723298089e+03  1.0192247e-03  4.21064e-04  1.01922e-03
2.723259185e+03  1.0194910e-03  3.38463e-04  1.01949e-03
2.723220282e+03  1.0198378e-03  3.00313e-04  1.01984e-03
2.723181379e+03  1.0200436e-03  2.83040e-04  1.02004e-03
2.723142477e+03  1.0199895e-03  2.74303e-04  1.01999e-03
2.723103576e+03  1.0202038e-03  2.69804e-04  1.02020e-03
2.723064675e+03  1.0231829e-03  2.67767e-04  1.02318e-03
2.723025774e+03  1.0207266e-03  2.68259e-04  1.02073e-03
2.722986875e+03  1.0208494e-03  2.67469e-04  1.02085e-03
2.722947975e+03  1.0216817e-03  2.68771e-04  1.02168e-03
2.722909077e+03  1.0215366e-03  2.72339e-04  1.02154e-03
2.722870178e+03  1.0326940e-03  2.74824e-04  1.03269e-03
2.722831281e+03  1.1795608e-03  2.79051e-04  1.17956e-03
2.722792384e+03  1.0285615e-03  2.89325e-04  1.02856e-03
2.722753487e+03  1.0225338e-03  3.13528e-04  1.02253e-03
2.722714591e+03  1.0223881e-03  3.69505e-04  1.02239e-03
2.722675696e+03  1.0227123e-03  4.73260e-04  1.02271e-03
2.722636801e+03  1.0226176e-03  4.59801e-04  1.02262e-03
2.722597907e+03  1.0227882e-03  3.59476e-04  1.02279e-03
2.722559013e+03  1.0229858e-03  3.11216e-04  1.02299e-03
2.722520120e+03  1.0240038e-03  2.87419e-04  1.02400e-03
2.722481228e+03  1.0236389e-03  2.76927e-04  1.02364e-03
2.722442336e+03  1.0238129e-03  2.73888e-04  1.02381e-03
2.722403444e+03  1.0240321e-03  2.68855e-04  1.02403e-03
2.722364553e+03  1.0239852e-03  2.66780e-04  1.02399e-03
2.722325663e+03  1.0242045e-03  2.65918e-04  1.02420e-03
2.722286773e+03  1.0244236e-03  2.65843e-04  1.02442e-03
2.722247884e+03  1.0325664e-03  2.67378e-04  1.03257e-03
2.722208995e+03  1.0252440e-03  2.71446e-04  1.02524e-03
2.722170107e+03  1.0252951e-03  2.70969e-04  1.02530e-03
2.722131219e+03  1.0264912e-03  2.75637e-04  1.02649e-03
2.722092332e+03  1.1617617e-03  2.83201e-04  1.16176e-03
2.722053446e+03  1.1108857e-03  2.96180e-04  1.11089e-03
2.722014560e+03  1.0732216e-03  3.25991e-04  1.07322e-03
2.721975674e+03  1.0265945e-03  4.01745e-04  1.02659e-03
2.721936790e+03  1.0266479e-03  5.68661e-04  1.02665e-03
2.721897905e+03  1.0266385e-03  6.26703e-04  1.02664e-03
2.721859022e+03  1.0418806e-03  5.41809e-04  1.04188e-03
2.721820139e+03  1.0269718e-03  3.92068e-04  1.02697e-03
2.721781256e+03  1.0270101e-03  3.27387e-04  1.02701e-03
2.721742374e+03  1.0274336e-03  3.04388e-04  1.02743e-03
2.721703492e+03  1.0276328e-03  2.97810e-04  1.02763e-03
2.721664612e+03  1.0275713e-03  2.85208e-04  1.02757e-03
2.721625731e+03  1.0340613e-03  2.74271e-04  1.03406e-03
2.721586851e+03  1.0280687e-03  2.69221e-04  1.02807e-03
2.721547972e+03  1.0281581e-03  2.66140e-04  1.02816e-03
2.721509093e+03  1.0283545e-03  2.69242e-04  1.02835e-03
2.721470215e+03  1.0285623e-03  2.66197e-04  1.02856e-03
2.721431338e+03  1.0291393e-03  2.62581e-04  1.02914e-03
2.721392461e+03  1.0295136e-03  2.63400e-04  1.02951e-03
2.721353584e+03  1.0378236e-03  2.62756e-04  1.03782e-03
2.721314708e+03  1.0294325e-03  2.63230e-04  1.02943e-03
2.721275833e+03  1.0296702e-03  2.68476e-04  1.02967e-03
2.721236958e+03  1.0300441e-03  2.78567e-04  1.03004e-03
2.721198084e+03  1.0300818e-03  2.68144e-04  1.03008e-03
2.721159210e+03  1.0303751e-03  2.68745e-04  1.03038e-03
2.721120337e+03  1.0310154e-03  2.71101e-04  1.03102e-03
2.721081464e+03  1.1062499e-03  2.75400e-04  1.10625e-03
2.721042592e+03  1.0330466e-03  2.83652e-04  1.03305e-03
2.721003721e+03  1.1502536e-03  3.01116e-04  1.15025e-03
2.720964850e+03  1.0411284e-03  3.38813e-04  1.04113e-03
2.720925979e+03  1.0331110e-03  4.00005e-04  1.03311e-03
2.720887110e+03  1.0318306e-03  4.18989e-04  1.03183e-03
2.720848240e+03  1.0319444e-03  4.36147e-04  1.03194e-03
2.720809372e+03  1.0321606e-03  4.37624e-04  1.03216e-03
2.720770504e+03  1.0326499e-03  3.82247e-04  1.03265e-03
2.720731636e+03  1.0648079e-03  3.22364e-04  1.06481e-03
2.720692769e+03  1.0776444e-03  3.06801e-04  1.07764e-03
2.720653902e+03  1.1275425e-03  3.08907e-04  1.12754e-03
2.720615037e+03  1.0440140e-03  3.30651e-04  1.04401e-03
2.720576171e+03  1.0335766e-03  3.87568e-04  1.03358e-03
2.720537306e+03  1.0335823e-03  4.35209e-04  1.03358e-03
2.720498442e+03  1.0394349e-03  4.34939e-04  1.03943e-03
2.720459578e+03  1.0358686e-03  3.84855e-04  1.03587e-03
2.720420715e+03  1.0341094e-03  3.28850e-04  1.03411e-03
2.720381853e+03  1.0381921e-03  3.03879e-04  1.03819e-03
2.720342991e+03  1.0350467e-03  2.98710e-04  1.03505e-03
2.720304129e+03  1.1473489e-03  2.96542e-04  1.14735e-03
2.720265268e+03  1.0505266e-03  2.93944e-04  1.05053e-03
2.720226408e+03  1.0364567e-03  3.05904e-04  1.03646e-03
2.720187548e+03  1.0354993e-03  3.51291e-04  1.03550e-03
2.720148689e+03  1.0752591e-03  4.85560e-04  1.07526e-03
2.720109830e+03  1.0365290e-03  5.25842e-04  1.03653e-03
2.720070972e+03  1.0369514e-03  3.77293e-04  1.03695e-03
2.720032114e+03  1.0402258e-03  3.30897e-04  1.04023e-03
2.719993257e+03  1.0362403e-03  3.37536e-04  1.03624e-03
2.719954401e+03  1.0364312e-03  3.22089e-04  1.03643e-03
2.719915545e+03  1.0371704e-03  2.93800e-04  1.03717e-03
2.719876689e+03  1.0466652e-03  2.80233e-04  1.04667e-03
2.719837835e+03  1.0373513e-03  2.71099e-04  1.03735e-03
2.719798980e+03  1.0513343e-03  2.66280e-04  1.05133e-03
2.719760127e+03  1.0412862e-03  2.64266e-04  1.04129e-03
2.719721273e+03  1.0376970e-03  2.65300e-04  1.03770e-03
2.719682421e+03  1.0384961e-03  2.68627e-04  1.03850e-03
2.719643569e+03  1.0380181e-03  2.78913e-04  1.03802e-03
2.719604717e+03  1.0382092e-03  2.77967e-04  1.03821e-03
2.719565866e+03  1.0384091e-03  2.67041e-04  1.03841e-03
2.719527016e+03  1.0388907e-03  2.61790e-04  1.03889e-03
2.719488166e+03  1.0391043e-03  2.61122e-04  1.03910e-03
2.719449317e+03  1.0390150e-03  2.60950e-04  1.03901e-03
2.719410468e+03  1.0392302e-03  2.57677e-04  1.03923e-03
2.719371620e+03  1.0394205e-03  2.56778e-04  1.03942e-03
2.719332772e+03  1.0396321e-03  2.56466e-04  1.03963e-03
2.719293925e+03  1.0408353e-03  2.56342e-04  1.04084e-03
2.719255079e+03  1.0443040e-03  2.56514e-04  1.04430e-03
2.719216233e+03  1.0402788e-03  2.57290e-04  1.04028e-03
2.719177387e+03  1.0413053e-03  2.58329e-04  1.04131e-03
2.719138543e+03  1.0481875e-03  2.61395e-04  1.04819e-03
2.719099698e+03  1.0466217e-03  2.63381e-04  1.04662e-03
2.719060855e+03  1.0412946e-03  2.60735e-04  1.04129e-03
2.719022011e+03  1.0412837e-03  2.58861e-04  1.04128e-03
2.718983169e+03  1.0415026e-03  2.58450e-04  1.04150e-03
2.718944327e+03  1.0475534e-03  2.58793e-04  1.04755e-03
2.718905485e+03  1.0423618e-03  2.60062e-04  1.04236e-03
2.718866644e+03  1.0427029e-03  2.62699e-04  1.04270e-03
2.718827804e+03  1.0827417e-03  2.68196e-04  1.08274e-03
2.718788964e+03  1.0762125e-03  2.77669e-04  1.07621e-03
2.718750125e+03  1.0431986e-03  2.89401e-04  1.04320e-03
2.718711286e+03  1.0824563e-03  3.16986e-04  1.08246e-03
2.718672448e+03  1.0436580e-03  3.81681e-04  1.04366e-03
2.718633610e+03  1.0434301e-03  3.77277e-04  1.04343e-03
2.718594773e+03  1.0447876e-03  3.31169e-04  1.04479e-03
2.718555937e+03  1.0437399e-03  3.31055e-04  1.04374e-03
2.718517101e+03  1.0458635e-03  3.11432e-04  1.04586e-03
2.718478265e+03  1.0442242e-03  2.85757e-04  1.04422e-03
2.718439430e+03  1.0443206e-03  2.72425e-04  1.04432e-03
2.718400596e+03  1.0454782e-03  2.65857e-04  1.04548e-03
2.718361762e+03  1.0558585e-03  2.61576e-04  1.05586e-03
2.718322929e+03  1.0451224e-03  2.59491e-04  1.04512e-03
2.718284097e+03  1.0451113e-03  2.58205e-04  1.04511e-03
2.718245264e+03  1.0453098e-03  2.57993e-04  1.04531e-03
2.718206433e+03  1.0455924e-03  2.59622e-04  1.04559e-03
2.718167602e+03  1.0457176e-03  2.59106e-04  1.04572e-03
2.718128772e+03  1.0459252e-03  2.63015e-04  1.04593e-03
2.718089942e+03  1.0461549e-03  2.62365e-04  1.04615e-03
2.718051112e+03  1.0468210e-03  2.72531e-04  1.04682e-03
2.718012284e+03  1.0465591e-03  2.64866e-04  1.04656e-03
2.717973455e+03  1.0472902e-03  2.61365e-04  1.04729e-03
2.717934628e+03  1.0474746e-03  2.61678e-04  1.04747e-03
2.717895801e+03  1.0974541e-03  2.61268e-04  1.09745e-03
2.717856974e+03  1.0475406e-03  2.64347e-04  1.04754e-03
2.717818148e+03  1.0476812e-03  2.73799e-04  1.04768e-03
2.717779323e+03  1.0477711e-03  3.07502e-04  1.04777e-03
2.717740498e+03  1.0479708e-03  3.86256e-04  1.04797e-03
2.717701674e+03  1.0481890e-03  3.14954e-04  1.04819e-03
2.717662850e+03  1.0490827e-03  2.75520e-04  1.04908e-03
2.717624027e+03  1.0671785e-03  2.64888e-04  1.06718e-03
2.717585204e+03  1.0495981e-03  2.61990e-04  1.04960e-03
2.717546382e+03  1.0490056e-03  2.60236e-04  1.04901e-03
2.717507560e+03  1.0491875e-03  2.61090e-04  1.04919e-03
2.717468739e+03  1.0493858e-03  2.65092e-04  1.04939e-03
2.717429919e+03  1.0496262e-03  2.71439e-04  1.04963e-03
2.717391099e+03  1.0497981e-03  2.63921e-04  1.04980e-03
2.717352280e+03  1.0515313e-03  2.64926e-04  1.05153e-03
2.717313461e+03  1.0520644e-03  2.92444e-04  1.05206e-03
2.717274643e+03  1.0525174e-03  2.88922e-04  1.05252e-03
2.717235825e+03  1.0507912e-03  2.85507e-04  1.05079e-03
2.717197008e+03  1.0508314e-03  3.03708e-04  1.05083e-03
2.717158192e+03  1.0515567e-03  2.70184e-04  1.05156e-03
2.717119376e+03  1.0513215e-03  2.64209e-04  1.05132e-03
2.717080560e+03  1.0688800e-03  2.61216e-04  1.06888e-03
2.717041745e+03  1.0522099e-03  2.61405e-04  1.05221e-03
2.717002931e+03  1.0523380e-03  2.63493e-04  1.05234e-03
2.716964117e+03  1.0701358e-03  2.70646e-04  1.07014e-03
2.716925304e+03  1.0525083e-03  2.86387e-04  1.05251e-03
2.716886491e+03  1.0657453e-03  2.89548e-04  1.06575e-03
2.716847679e+03  1.0527465e-03  2.85696e-04  1.05275e-03
2.716808868e+03  1.0528793e-03  2.94420e-04  1.05288e-03
2.716770057e+03  1.0531353e-03  2.80348e-04  1.05314e-03
2.716731246e+03  1.0534298e-03  2.66387e-04  1.05343e-03
2.716692436e+03  1.0544437e-03  2.61483e-04  1.05444e-03
2.716653627e+03  1.0536889e-03  2.58977e-04  1.05369e-03
2.716614818e+03  1.0539129e-03  2.58000e-04  1.05391e-03
2.716576010e+03  1.0544239e-03  2.57743e-04  1.05442e-03
2.716537202e+03  1.0543414e-03  2.58167e-04  1.05434e-03
2.716498395e+03  1.0546229e-03  2.58903e-04  1.05462e-03
2.716459589e+03  1.0556928e-03  2.59832e-04  1.05569e-03
2.716420783e+03  1.1082139e-03  2.62006e-04  1.10821e-03
2.716381977e+03  1.0555664e-03  2.66980e-04  1.05557e-03
2.716343172e+03  1.0554195e-03  2.75253e-04  1.05542e-03
2.716304368e+03  1.0556240e-03  2.96909e-04  1.05562e-03
2.716265564e+03  1.0557682e-03  3.21548e-04  1.05577e-03
2.716226761e+03  1.0559822e-03  3.00581e-04  1.05598e-03
2.716187958e+03  1.0562795e-03  2.77951e-04  1.05628e-03
2.716149156e+03  1.0760549e-03  2.69005e-04  1.07605e-03
2.716110354e+03  1.0897366e-03  2.66454e-04  1.08974e-03
2.716071553e+03  1.0577795e-03  2.67013e-04  1.05778e-03
2.716032753e+03  1.0582019e-03  2.73185e-04  1.05820e-03
2.715993953e+03  1.0573433e-03  2.95244e-04  1.05734e-03
2.715955154e+03  1.0573842e-03  3.34129e-04  1.05738e-03
2.715916355e+03  1.0575836e-03  3.00563e-04  1.05758e-03
2.715877557e+03  1.0577920e-03  2.73796e-04  1.05779e-03
2.715838759e+03  1.0583154e-03  2.66598e-04  1.05832e-03
2.715799962e+03  1.0588391e-03  2.62706e-04  1.05884e-03
2.715761165e+03  1.0584075e-03  2.59892e-04  1.05841e-03
2.715722369e+03  1.0587589e-03  2.58302e-04  1.05876e-03
2.715683574e+03  1.0588316e-03  2.57957e-04  1.05883e-03
2.715644779e+03  1.0598601e-03  2.58498e-04  1.05986e-03
2.715605984e+03  1.0595975e-03  2.59168e-04  1.05960e-03
2.715567191e+03  1.0781578e-03  2.61681e-04  1.07816e-03
2.715528397e+03  1.0599255e-03  2.61323e-04  1.05993e-03
2.715489605e+03  1.0603733e-03  2.64127e-04  1.06037e-03
2.715450812e+03  1.0602189e-03  2.71630e-04  1.06022e-03
2.715412021e+03  1.0734540e-03  2.84541e-04  1.07345e-03
2.715373230e+03  1.0615288e-03  2.80202e-04  1.06153e-03
2.715334439e+03  1.0607428e-03  2.69183e-04  1.06074e-03
2.715295649e+03  1.0609327e-03  2.62280e-04  1.06093e-03
2.715256860e+03  1.0617252e-03  2.60773e-04  1.06173e-03
2.715218071e+03  1.0688437e-03  2.61736e-04  1.06884e-03
2.715179283e+03  1.0618678e-03  2.62782e-04  1.06187e-03
2.715140495e+03  1.0983116e-03  2.66145e-04  1.09831e-03
2.715101708e+03  1.0925323e-03  2.76403e-04  1.09253e-03
2.715062921e+03  1.0624913e-03  2.90026e-04  1.06249e-03
2.715024135e+03  1.0699665e-03  2.95842e-04  1.06997e-03
2.714985350e+03  1.0675506e-03  3.18928e-04  1.06755e-03
2.714946565e+03  1.0629189e-03  3.28279e-04  1.06292e-03
2.714907780e+03  1.0634475e-03  3.02920e-04  1.06345e-03
2.714868997e+03  1.0632211e-03  3.03928e-04  1.06322e-03
2.714830213e+03  1.0633846e-03  3.16340e-04  1.06338e-03
2.714791431e+03  1.0635737e-03  2.94115e-04  1.06357e-03
2.714752648e+03  1.0638024e-03  3.47269e-04  1.06380e-03
2.714713867e+03  1.0645379e-03  2.85968e-04  1.06454e-03
2.714675086e+03  1.0847216e-03  2.66094e-04  1.08472e-03
2.714636305e+03  1.0650830e-03  2.61962e-04  1.06508e-03
2.714597525e+03  1.0654788e-03  2.62535e-04  1.06548e-03
2.714558746e+03  1.0648135e-03  2.67839e-04  1.06481e-03
2.714519967e+03  1.0650107e-03  2.73626e-04  1.06501e-03
2.714481189e+03  1.0652149e-03  2.65429e-04  1.06521e-03
2.714442411e+03  1.0654232e-03  2.68327e-04  1.06542e-03
2.714403634e+03  1.0665006e-03  2.65275e-04  1.06650e-03
2.714364857e+03  1.0660067e-03  2.60177e-04  1.06601e-03
2.714326081e+03  1.0672322e-03  2.60906e-04  1.06723e-03
2.714287305e+03  1.0662542e-03  2.57898e-04  1.06625e-03
2.714248530e+03  1.0665549e-03  2.60891e-04  1.06655e-03
2.714209756e+03  1.0667895e-03  2.72524e-04  1.06679e-03
2.714170982e+03  1.0668693e-03  2.60843e-04  1.06687e-03
2.714132209e+03  1.0670788e-03  2.57370e-04  1.06708e-03
2.714093436e+03  1.0673024e-03  2.56072e-04  1.06730e-03
2.714054664e+03  1.0703641e-03  2.55865e-04  1.07036e-03
2.714015892e+03  1.0762526e-03  2.56502e-04  1.07625e-03
2.713977121e+03  1.0681174e-03  2.57342e-04  1.06812e-03
2.713938351e+03  1.0746501e-03  2.60292e-04  1.07465e-03
2.713899581e+03  1.0756211e-03  2.71461e-04  1.07562e-03
2.713860811e+03  1.0692603e-03  2.83848e-04  1.06926e-03
2.713822042e+03  1.0689071e-03  2.67301e-04  1.06891e-03
2.713783274e+03  1.0689404e-03  2.59247e-04  1.06894e-03
2.713744506e+03  1.0693692e-03  2.57326e-04  1.06937e-03
2.713705739e+03  1.0693511e-03  2.58675e-04  1.06935e-03
2.713666972e+03  1.0698357e-03  2.69597e-04  1.06984e-03
2.713628206e+03  1.0697681e-03  2.60859e-04  1.06977e-03
2.713589441e+03  1.0699760e-03  2.56569e-04  1.06998e-03
2.713550676e+03  1.0703783e-03  2.55471e-04  1.07038e-03
2.713511911e+03  1.0703882e-03  2.54863e-04  1.07039e-03
2.713473147e+03  1.0705985e-03  2.54843e-04  1.07060e-03
2.713434384e+03  1.0709268e-03  2.54710e-04  1.07093e-03
2.713395621e+03  1.0716178e-03  2.55078e-04  1.07162e-03
2.713356859e+03  1.0743448e-03  2.55156e-04  1.07434e-03
2.713318097e+03  1.0714455e-03  2.55418e-04  1.07145e-03
2.713279336e+03  1.0717440e-03  2.56899e-04  1.07174e-03
2.713240575e+03  1.0718772e-03  2.59673e-04  1.07188e-03
2.713201815e+03  1.0727011e-03  2.62344e-04  1.07270e-03
2.713163056e+03  1.0857067e-03  2.58764e-04  1.08571e-03
2.713124297e+03  1.0725224e-03  2.56287e-04  1.07252e-03
2.713085539e+03  1.0735634e-03  2.55928e-04  1.07356e-03
2.713046781e+03  1.0729044e-03  2.56515e-04  1.07290e-03
2.713008024e+03  1.0731063e-03  2.55842e-04  1.07311e-03
2.712969267e+03  1.0733188e-03  2.56352e-04  1.07332e-03
2.712930511e+03  1.0738527e-03  2.58623e-04  1.07385e-03
2.712891755e+03  1.0794234e-03  2.56283e-04  1.07942e-03
2.712853000e+03  1.0744469e-03  2.56192e-04  1.07445e-03
2.712814246e+03  1.0741584e-03  2.57879e-04  1.07416e-03
2.712775492e+03  1.0743556e-03  2.63088e-04  1.07436e-03
2.712736738e+03  1.0745633e-03  2.75819e-04  1.07456e-03
2.712697985e+03  1.0748816e-03  2.64921e-04  1.07488e-03
2.712659233e+03  1.0749822e-03  2.58893e-04  1.07498e-03
2.712620481e+03  1.0751902e-03  2.57231e-04  1.07519e-03
2.712581730e+03  1.0755264e-03  2.56823e-04  1.07553e-03
2.712542980e+03  1.0756964e-03  2.57194e-04  1.07570e-03
2.712504230e+03  1.0758445e-03  2.57756e-04  1.07584e-03
2.712465480e+03  1.0763165e-03  2.58624e-04  1.07632e-03
2.712426731e+03  1.0899151e-03  2.59756e-04  1.08992e-03
2.712387983e+03  1.0765083e-03  2.63286e-04  1.07651e-03
2.712349235e+03  1.0766785e-03  2.67434e-04  1.07668e-03
2.712310488e+03  1.0777160e-03  2.77357e-04  1.07772e-03
2.712271741e+03  1.0770783e-03  3.18594e-04  1.07708e-03
2.712232995e+03  1.0774350e-03  2.95476e-04  1.07744e-03
2.712194249e+03  1.0777442e-03  3.16447e-04  1.07774e-03
2.712155504e+03  1.0776938e-03  5.25660e-04  1.07769e-03
2.712116759e+03  1.0779019e-03  6.11684e-04  1.07790e-03
2.712078015e+03  1.0781113e-03  5.19386e-04  1.07811e-03
2.712039272e+03  1.0783301e-03  5.41931e-04  1.07833e-03
2.712000529e+03  1.0786252e-03  4.03022e-04  1.07863e-03
2.711961787e+03  1.0788521e-03  3.05395e-04  1.07885e-03
2.711923045e+03  1.0790399e-03  2.92004e-04  1.07904e-03
2.711884304e+03  1.0791756e-03  2.77709e-04  1.07918e-03
2.711845563e+03  1.0806740e-03  2.79735e-04  1.08067e-03
2.711806823e+03  1.0805502e-03  3.05238e-04  1.08055e-03
2.711768084e+03  1.0829280e-03  4.51338e-04  1.08293e-03
2.711729345e+03  1.0802500e-03  3.39109e-04  1.08025e-03
2.711690606e+03  1.0963110e-03  2.89453e-04  1.09631e-03
2.711651868e+03  1.0823163e-03  2.79737e-04  1.08232e-03
2.711613131e+03  1.0828177e-03  2.83348e-04  1.08282e-03
2.711574394e+03  1.0817570e-03  2.93065e-04  1.08176e-03
2.711535658e+03  1.0815923e-03  2.88553e-04  1.08159e-03
2.711496922e+03  1.0812664e-03  2.90807e-04  1.08127e-03
2.711458187e+03  1.0817187e-03  2.92302e-04  1.08172e-03
2.711419453e+03  1.0817378e-03  3.01811e-04  1.08174e-03
2.711380719e+03  1.0821619e-03  3.37998e-04  1.08216e-03
2.711341985e+03  1.0829775e-03  5.19215e-04  1.08298e-03
2.711303252e+03  1.0823125e-03  4.91087e-04  1.08231e-03
2.711264520e+03  1.0825233e-03  4.92744e-04  1.08252e-03
2.711225788e+03  1.0827435e-03  3.65283e-04  1.08274e-03
2.711187057e+03  1.0842809e-03  2.89244e-04  1.08428e-03
2.711148326e+03  1.0835284e-03  2.72481e-04  1.08353e-03
2.711109596e+03  1.1002224e-03  2.67117e-04  1.10022e-03
2.711070866e+03  1.0837238e-03  2.66304e-04  1.08372e-03
2.711032137e+03  1.0838884e-03  2.69895e-04  1.08389e-03
2.710993409e+03  1.0841004e-03  2.82354e-04  1.08410e-03
2.710954681e+03  1.0974720e-03  3.21083e-04  1.09747e-03
2.710915954e+03  1.0845055e-03  2.82165e-04  1.08451e-03
2.710877227e+03  1.0848748e-03  2.66456e-04  1.08487e-03
2.710838501e+03  1.0848423e-03  2.61577e-04  1.08484e-03
2.710799775e+03  1.0858769e-03  2.58998e-04  1.08588e-03
2.710761050e+03  1.0853257e-03  2.57851e-04  1.08533e-03
2.710722325e+03  1.0856349e-03  2.57358e-04  1.08563e-03
2.710683601e+03  1.0857290e-03  2.57434e-04  1.08573e-03
2.710644878e+03  1.0938626e-03  2.57349e-04  1.09386e-03
2.710606155e+03  1.0861888e-03  2.57790e-04  1.08619e-03
2.710567432e+03  1.0863640e-03  2.59090e-04  1.08636e-03
2.710528710e+03  1.0920334e-03  2.62644e-04  1.09203e-03
2.710489989e+03  1.0890614e-03  2.67810e-04  1.08906e-03
2.710451268e+03  1.0869632e-03  2.66575e-04  1.08696e-03
2.710412548e+03  1.0872821e-03  2.64307e-04  1.08728e-03
2.710373829e+03  1.0873631e-03  2.66417e-04  1.08736e-03
2.710335109e+03  1.0875754e-03  2.69228e-04  1.08758e-03
2.710296391e+03  1.0878321e-03  2.63234e-04  1.08783e-03
2.710257673e+03  1.0880737e-03  2.58679e-04  1.08807e-03
2.710218956e+03  1.1013370e-03  2.56972e-04  1.10134e-03
2.710180239e+03  1.0929499e-03  2.56428e-04  1.09295e-03
2.710141522e+03  1.0886583e-03  2.56804e-04  1.08866e-03
2.710102807e+03  1.0888433e-03  2.57317e-04  1.08884e-03
2.710064091e+03  1.0890693e-03  2.59864e-04  1.08907e-03
2.710025377e+03  1.0902646e-03  2.61521e-04  1.09026e-03
2.709986663e+03  1.0894718e-03  2.58882e-04  1.08947e-03
2.709947949e+03  1.0896765e-03  2.57651e-04  1.08968e-03
2.709909236e+03  1.0898875e-03  2.60210e-04  1.08989e-03
2.709870524e+03  1.0901513e-03  2.57180e-04  1.09015e-03
2.709831812e+03  1.0903151e-03  2.56024e-04  1.09032e-03
2.709793100e+03  1.0905277e-03  2.55531e-04  1.09053e-03
2.709754390e+03  1.0907672e-03  2.55600e-04  1.09077e-03
2.709715679e+03  1.0909534e-03  2.56186e-04  1.09095e-03
2.709676970e+03  1.0912176e-03  2.55763e-04  1.09122e-03
2.709638261e+03  1.0914429e-03  2.55914e-04  1.09144e-03
2.709599552e+03  1.0916182e-03  2.56403e-04  1.09162e-03
2.709560844e+03  1.0921174e-03  2.57164e-04  1.09212e-03
2.709522137e+03  1.0953489e-03  2.59176e-04  1.09535e-03
2.709483430e+03  1.1279960e-03  2.60462e-04  1.12800e-03
2.709444723e+03  1.0927339e-03  2.64318e-04  1.09273e-03
2.709406018e+03  1.0926984e-03  2.77114e-04  1.09270e-03
2.709367312e+03  1.0928773e-03  2.82059e-04  1.09288e-03
2.709328608e+03  1.0930804e-03  2.86012e-04  1.09308e-03
2.709289904e+03  1.0942919e-03  2.74327e-04  1.09429e-03
2.709251200e+03  1.0943858e-03  2.65777e-04  1.09439e-03
2.709212497e+03  1.0937221e-03  2.61906e-04  1.09372e-03
2.709173794e+03  1.0939168e-03  2.61439e-04  1.09392e-03
2.709135092e+03  1.0941260e-03  2.64235e-04  1.09413e-03
2.709096391e+03  1.0943406e-03  2.75845e-04  1.09434e-03
2.709057690e+03  1.0952753e-03  3.32622e-04  1.09528e-03
2.709018990e+03  1.0948415e-03  2.97934e-04  1.09484e-03
2.708980290e+03  1.0950304e-03  2.66381e-04  1.09503e-03
2.708941591e+03  1.0951890e-03  2.61606e-04  1.09519e-03
2.708902893e+03  1.0956845e-03  2.60913e-04  1.09568e-03
2.708864194e+03  1.0963677e-03  2.61737e-04  1.09637e-03
2.708825497e+03  1.0958932e-03  2.66833e-04  1.09589e-03
2.708786800e+03  1.0960832e-03  2.62855e-04  1.09608e-03
2.708748104e+03  1.1076360e-03  2.68990e-04  1.10764e-03
2.708709408e+03  1.0967748e-03  2.75322e-04  1.09677e-03
2.708670712e+03  1.0967061e-03  2.62128e-04  1.09671e-03
2.708632018e+03  1.0969205e-03  2.58986e-04  1.09692e-03
2.708593324e+03  1.0971238e-03  2.58143e-04  1.09712e-03
2.708554630e+03  1.0975255e-03  2.58075e-04  1.09753e-03
2.708515937e+03  1.0983169e-03  2.57981e-04  1.09832e-03
2.708477244e+03  1.0978246e-03  2.58618e-04  1.09782e-03
2.708438552e+03  1.0981187e-03  2.60008e-04  1.09812e-03
2.708399861e+03  1.0985953e-03  2.61355e-04  1.09860e-03
2.708361170e+03  1.1022231e-03  2.64006e-04  1.10222e-03
2.708322480e+03  1.2012593e-03  2.68378e-04  1.20126e-03
2.708283790e+03  1.0998773e-03  2.76996e-04  1.09988e-03
2.708245101e+03  1.0995334e-03  2.95658e-04  1.09953e-03
2.708206412e+03  1.0993474e-03  3.35110e-04  1.09935e-03
2.708167724e+03  1.0995090e-03  3.68109e-04  1.09951e-03
2.708129036e+03  1.0997558e-03  3.29857e-04  1.09976e-03
2.708090349e+03  1.1016742e-03  2.93248e-04  1.10167e-03
2.708051663e+03  1.1001399e-03  2.75833e-04  1.10014e-03
2.708012977e+03  1.1101265e-03  2.68137e-04  1.11013e-03
2.707974292e+03  1.1015371e-03  2.64777e-04  1.10154e-03
2.707935607e+03  1.1007538e-03  2.64888e-04  1.10075e-03
2.707896923e+03  1.1020775e-03  2.62319e-04  1.10208e-03
2.707858239e+03  1.1011655e-03  2.59717e-04  1.10117e-03
2.707819556e+03  1.1015199e-03  2.58713e-04  1.10152e-03
2.707780873e+03  1.1024251e-03  2.58870e-04  1.10243e-03
2.707742191e+03  1.1024896e-03  2.59402e-04  1.10249e-03
2.707703510e+03  1.1020535e-03  2.59334e-04  1.10205e-03
2.707664829e+03  1.1022075e-03  2.61388e-04  1.10221e-03
2.707626148e+03  1.1025230e-03  2.64068e-04  1.10252e-03
2.707587469e+03  1.1028117e-03  2.59169e-04  1.10281e-03
2.707548789e+03  1.1028845e-03  2.56961e-04  1.10288e-03
2.707510111e+03  1.1030613e-03  2.56430e-04  1.10306e-03
2.707471432e+03  1.1032775e-03  2.56256e-04  1.10328e-03
2.707432755e+03  1.1034987e-03  2.56193e-04  1.10350e-03
2.707394078e+03  1.1037261e-03  2.56736e-04  1.10373e-03
2.707355401e+03  1.1039656e-03  2.56997e-04  1.10397e-03
2.707316725e+03  1.1042128e-03  2.59424e-04  1.10421e-03
2.707278050e+03  1.1142178e-03  2.59623e-04  1.11422e-03
2.707239375e+03  1.1164115e-03  2.58392e-04  1.11641e-03
2.707200701e+03  1.1109903e-03  2.59709e-04  1.11099e-03
2.707162027e+03  1.1051379e-03  2.65303e-04  1.10514e-03
2.707123354e+03  1.1077368e-03  2.70282e-04  1.10774e-03
2.707084681e+03  1.1082548e-03  2.72790e-04  1.10825e-03
2.707046009e+03  1.1057152e-03  2.70537e-04  1.10572e-03
2.707007338e+03  1.1064518e-03  2.66897e-04  1.10645e-03
2.706968667e+03  1.1064165e-03  2.63751e-04  1.10642e-03
2.706929996e+03  1.1062782e-03  2.62265e-04  1.10628e-03
2.706891326e+03  1.1064873e-03  2.59600e-04  1.10649e-03
2.706852657e+03  1.1067471e-03  2.58033e-04  1.10675e-03
2.706813988e+03  1.1069147e-03  2.57130e-04  1.10691e-03
2.706775320e+03  1.1071290e-03  2.57145e-04  1.10713e-03
2.706736652e+03  1.1073442e-03  2.56871e-04  1.10734e-03
2.706697985e+03  1.1075602e-03  2.56279e-04  1.10756e-03
2.706659319e+03  1.1077778e-03  2.56408e-04  1.10778e-03
2.706620653e+03  1.1080325e-03  2.56227e-04  1.10803e-03
2.706581987e+03  1.1085399e-03  2.56594e-04  1.10854e-03
2.706543322e+03  1.1092916e-03  2.56956e-04  1.10929e-03
2.706504658e+03  1.1168902e-03  2.57616e-04  1.11689e-03
2.706465994e+03  1.1089262e-03  2.58697e-04  1.10893e-03
2.706427331e+03  1.1092282e-03  2.64876e-04  1.10923e-03
2.706388668e+03  1.1212873e-03  2.68544e-04  1.12129e-03
2.706350006e+03  1.1361653e-03  2.68353e-04  1.13617e-03
2.706311344e+03  1.1101558e-03  2.69793e-04  1.11016e-03
2.706272683e+03  1.1099785e-03  2.72758e-04  1.10998e-03
2.706234023e+03  1.1110478e-03  2.85555e-04  1.11105e-03
2.706195363e+03  1.1103680e-03  2.91839e-04  1.11037e-03
2.706156704e+03  1.1105719e-03  2.78803e-04  1.11057e-03
2.706118045e+03  1.1107997e-03  2.67275e-04  1.11080e-03
2.706079386e+03  1.1110040e-03  2.62569e-04  1.11100e-03
2.706040729e+03  1.1112072e-03  2.59901e-04  1.11121e-03
2.706002072e+03  1.1114266e-03  2.58199e-04  1.11143e-03
2.705963415e+03  1.1118065e-03  2.57766e-04  1.11181e-03
2.705924759e+03  1.1118535e-03  2.56919e-04  1.11185e-03
2.705886103e+03  1.1120711e-03  2.56456e-04  1.11207e-03
2.705847448e+03  1.1123240e-03  2.56272e-04  1.11232e-03
2.705808794e+03  1.1126987e-03  2.56195e-04  1.11270e-03
2.705770140e+03  1.1200213e-03  2.56174e-04  1.12002e-03
2.705731487e+03  1.1129603e-03  2.56876e-04  1.11296e-03
2.705692834e+03  1.1132558e-03  2.55948e-04  1.11326e-03
2.705654182e+03  1.1140907e-03  2.55769e-04  1.11409e-03
2.705615530e+03  1.1135772e-03  2.56904e-04  1.11358e-03
2.705576879e+03  1.1137871e-03  2.57395e-04  1.11379e-03
2.705538229e+03  1.1140016e-03  2.56782e-04  1.11400e-03
2.705499579e+03  1.1142211e-03  2.57308e-04  1.11422e-03
2.705460929e+03  1.1150075e-03  2.56775e-04  1.11501e-03
2.705422280e+03  1.1146671e-03  2.55889e-04  1.11467e-03
2.705383632e+03  1.1148694e-03  2.55591e-04  1.11487e-03
2.705344984e+03  1.1150771e-03  2.55767e-04  1.11508e-03
2.705306337e+03  1.1154079e-03  2.55427e-04  1.11541e-03
2.705267690e+03  1.1155090e-03  2.55449e-04  1.11551e-03
2.705229044e+03  1.1157585e-03  2.55770e-04  1.11576e-03
2.705190399e+03  1.1159755e-03  2.55846e-04  1.11598e-03
2.705151753e+03  1.1161605e-03  2.57388e-04  1.11616e-03
2.705113109e+03  1.1163879e-03  2.57155e-04  1.11639e-03
2.705074465e+03  1.1167132e-03  2.56324e-04  1.11671e-03
2.705035822e+03  1.1231344e-03  2.56404e-04  1.12313e-03
2.704997179e+03  1.1170612e-03  2.56199e-04  1.11706e-03
2.704958537e+03  1.1173534e-03  2.56407e-04  1.11735e-03
2.704919895e+03  1.1174872e-03  2.56924e-04  1.11749e-03
2.704881254e+03  1.1176736e-03  2.57957e-04  1.11767e-03
2.704842613e+03  1.1178897e-03  2.60045e-04  1.11789e-03
2.704803973e+03  1.1181105e-03  2.64884e-04  1.11811e-03
2.704765334e+03  1.1186069e-03  2.83858e-04  1.11861e-03
2.704726695e+03  1.1186670e-03  3.50477e-04  1.11867e-03
2.704688056e+03  1.1191916e-03  2.86687e-04  1.11919e-03
2.704649418e+03  1.1190099e-03  2.78244e-04  1.11901e-03
2.704610781e+03  1.1237629e-03  3.26936e-04  1.12376e-03
2.704572144e+03  1.1194627e-03  3.03839e-04  1.11946e-03
2.704533508e+03  1.1196272e-03  3.03837e-04  1.11963e-03
2.704494873e+03  1.1198406e-03  2.71115e-04  1.11984e-03
2.704456237e+03  1.1200601e-03  2.66726e-04  1.12006e-03
2.704417603e+03  1.1212130e-03  2.62511e-04  1.12121e-03
2.704378969e+03  1.1206692e-03  2.59751e-04  1.12067e-03
2.704340335e+03  1.1211660e-03  2.58835e-04  1.12117e-03
2.704301703e+03  1.1256037e-03  2.59705e-04  1.12560e-03
2.704263070e+03  1.1211659e-03  2.58174e-04  1.12117e-03
2.704224438e+03  1.1214841e-03  2.57979e-04  1.12148e-03
2.704185807e+03  1.1215713e-03  2.57234e-04  1.12157e-03
2.704147177e+03  1.1217859e-03  2.57963e-04  1.12179e-03
2.704108546e+03  1.1220018e-03  2.62868e-04  1.12200e-03
2.704069917e+03  1.1222183e-03  2.57950e-04  1.12222e-03
2.704031288e+03  1.1224460e-03  2.56598e-04  1.12245e-03
2.703992659e+03  1.1226551e-03  2.55858e-04  1.12266e-03
2.703954031e+03  1.1233558e-03  2.55687e-04  1.12336e-03
2.703915404e+03  1.1230997e-03  2.55689e-04  1.12310e-03
2.703876777e+03  1.1233275e-03  2.56148e-04  1.12333e-03
2.703838151e+03  1.1235205e-03  2.56009e-04  1.12352e-03
2.703799525e+03  1.1237399e-03  2.55712e-04  1.12374e-03
2.703760900e+03  1.1242163e-03  2.55684e-04  1.12422e-03
2.703722276e+03  1.1241743e-03  2.56298e-04  1.12417e-03
2.703683652e+03  1.1243923e-03  2.56146e-04  1.12439e-03
2.703645028e+03  1.1246132e-03  2.56762e-04  1.12461e-03
2.703606405e+03  1.1248623e-03  2.58623e-04  1.12486e-03
2.703567783e+03  1.1282307e-03  2.62324e-04  1.12823e-03
2.703529161e+03  1.1252880e-03  2.56879e-04  1.12529e-03
2.703490540e+03  1.1256849e-03  2.55953e-04  1.12568e-03
2.703451919e+03  1.1257018e-03  2.55825e-04  1.12570e-03
2.703413299e+03  1.1259171e-03  2.56276e-04  1.12592e-03
2.703374679e+03  1.1261728e-03  2.57218e-04  1.12617e-03
2.703336060e+03  1.1264008e-03  2.61392e-04  1.12640e-03
2.703297441e+03  1.1265931e-03  2.59420e-04  1.12659e-03
2.703258823e+03  1.1298010e-03  2.59719e-04  1.12980e-03
2.703220206e+03  1.1271016e-03  2.57465e-04  1.12710e-03
2.703181589e+03  1.1276773e-03  2.57567e-04  1.12768e-03
2.703142973e+03  1.1276978e-03  2.58595e-04  1.12770e-03
2.703104357e+03  1.1276832e-03  2.61351e-04  1.12768e-03
2.703065742e+03  1.1279192e-03  2.62698e-04  1.12792e-03
2.703027127e+03  1.1284899e-03  2.59060e-04  1.12849e-03
2.702988513e+03  1.1283177e-03  2.57429e-04  1.12832e-03
2.702949899e+03  1.1285305e-03  2.57876e-04  1.12853e-03
2.702911286e+03  1.1287566e-03  2.58859e-04  1.12876e-03
2.702872674e+03  1.1289778e-03  2.59834e-04  1.12898e-03
2.702834062e+03  1.1307899e-03  2.66804e-04  1.13079e-03
2.702795451e+03  1.1295008e-03  2.75136e-04  1.12950e-03
2.702756840e+03  1.1296293e-03  2.63095e-04  1.12963e-03
2.702718230e+03  1.1298414e-03  2.67055e-04  1.12984e-03
2.702679620e+03  1.1300597e-03  2.68206e-04  1.13006e-03
2.702641011e+03  1.1302787e-03  2.73740e-04  1.13028e-03
2.702602402e+03  1.1305205e-03  2.60863e-04  1.13052e-03
2.702563794e+03  1.1307193e-03  2.57672e-04  1.13072e-03
2.702525187e+03  1.1315039e-03  2.56986e-04  1.13150e-03
2.702486580e+03  1.1312155e-03  2.58075e-04  1.13122e-03
2.702447973e+03  1.1313852e-03  2.58838e-04  1.13139e-03
2.702409367e+03  1.1320053e-03  2.62620e-04  1.13201e-03
2.702370762e+03  1.1318444e-03  2.59127e-04  1.13184e-03
2.702332157e+03  1.1344406e-03  2.58583e-04  1.13444e-03
2.702293553e+03  1.1429039e-03  2.58209e-04  1.14290e-03
2.702254949e+03  1.1349010e-03  2.59339e-04  1.13490e-03
2.702216346e+03  1.1327710e-03  2.62472e-04  1.13277e-03
2.702177744e+03  1.1329105e-03  2.70831e-04  1.13291e-03
2.702139142e+03  1.1331233e-03  2.79426e-04  1.13312e-03
2.702100540e+03  1.1333395e-03  2.77451e-04  1.13334e-03
2.702061939e+03  1.1336282e-03  2.67870e-04  1.13363e-03
2.702023339e+03  1.1337770e-03  2.66978e-04  1.13378e-03
2.701984739e+03  1.1339921e-03  2.60517e-04  1.13399e-03
2.701946140e+03  1.1342155e-03  2.60634e-04  1.13422e-03
2.701907541e+03  1.1345220e-03  2.70333e-04  1.13452e-03
2.701868943e+03  1.1348720e-03  2.61171e-04  1.13487e-03
2.701830346e+03  1.1348795e-03  2.57489e-04  1.13488e-03
2.701791749e+03  1.1350861e-03  2.57092e-04  1.13509e-03
2.701753152e+03  1.1353054e-03  2.57112e-04  1.13531e-03
2.701714556e+03  1.1355253e-03  2.56697e-04  1.13553e-03
2.701675961e+03  1.1360472e-03  2.57155e-04  1.13605e-03
2.701637366e+03  1.1360300e-03  2.57495e-04  1.13603e-03
2.701598772e+03  1.1361840e-03  2.57358e-04  1.13618e-03
2.701560178e+03  1.1364035e-03  2.56529e-04  1.13640e-03
2.701521585e+03  1.1366310e-03  2.57263e-04  1.13663e-03
2.701482992e+03  1.1368887e-03  2.56526e-04  1.13689e-03
2.701444400e+03  1.1370700e-03  2.55770e-04  1.13707e-03
2.701405809e+03  1.1373312e-03  2.55713e-04  1.13733e-03
2.701367218e+03  1.1391058e-03  2.55804e-04  1.13911e-03
2.701328627e+03  1.1378045e-03  2.56061e-04  1.13780e-03
2.701290038e+03  1.1379566e-03  2.56268e-04  1.13796e-03
2.701251448e+03  1.1383791e-03  2.56176e-04  1.13838e-03
2.701212860e+03  1.1383869e-03  2.55745e-04  1.13839e-03
2.701174271e+03  1.1386008e-03  2.55639e-04  1.13860e-03
2.701135684e+03  1.1388203e-03  2.55644e-04  1.13882e-03
2.701097097e+03  1.1390501e-03  2.55675e-04  1.13905e-03
2.701058510e+03  1.1392600e-03  2.56147e-04  1.13926e-03
2.701019924e+03  1.1394800e-03  2.55856e-04  1.13948e-03
2.700981339e+03  1.1397002e-03  2.55825e-04  1.13970e-03
2.700942754e+03  1.1399212e-03  2.56139e-04  1.13992e-03
2.700904169e+03  1.1404677e-03  2.56727e-04  1.14047e-03
2.700865586e+03  1.1403644e-03  2.57187e-04  1.14036e-03
2.700827002e+03  1.1405901e-03  2.56155e-04  1.14059e-03
2.700788420e+03  1.1408039e-03  2.55803e-04  1.14080e-03
2.700749837e+03  1.1410256e-03  2.55770e-04  1.14103e-03
2.700711256e+03  1.1412490e-03  2.55791e-04  1.14125e-03
2.700672675e+03  1.1415059e-03  2.55963e-04  1.14151e-03
2.700634094e+03  1.1450777e-03  2.56372e-04  1.14508e-03
2.700595514e+03  1.1419989e-03  2.57306e-04  1.14200e-03
2.700556935e+03  1.1421381e-03  2.56245e-04  1.14214e-03
2.700518356e+03  1.1423662e-03  2.56171e-04  1.14237e-03
2.700479778e+03  1.1425751e-03  2.56125e-04  1.14258e-03
2.700441200e+03  1.1427959e-03  2.56349e-04  1.14280e-03
2.700402623e+03  1.1430168e-03  2.58411e-04  1.14302e-03
2.700364046e+03  1.1432379e-03  2.60509e-04  1.14324e-03
2.700325470e+03  1.1434591e-03  2.57220e-04  1.14346e-03
2.700286895e+03  1.1436801e-03  2.56980e-04  1.14368e-03
2.700248320e+03  1.1439012e-03  2.56206e-04  1.14390e-03
2.700209745e+03  1.1441224e-03  2.56347e-04  1.14412e-03
2.700171171e+03  1.1443452e-03  2.56694e-04  1.14435e-03
2.700132598e+03  1.1449004e-03  2.56081e-04  1.14490e-03
2.700094025e+03  1.1447867e-03  2.56031e-04  1.14479e-03
2.700055453e+03  1.1450077e-03  2.55947e-04  1.14501e-03
2.700016882e+03  1.1454166e-03  2.56054e-04  1.14542e-03