# ------------------------------------------------------------------------
# Radiance spectrum
# NASA-GSFC Planetary Spectrum Generator (PSG) (Villanueva et al. 2018, 2022)
# Synthesized on Fri Aug 15 21:18:02 2025
# Doppler velocities [km/s] (vobs,vrot+vorb,vwidth,vrfl,vstr): -17.63700,-0.00000,0.01000,-1.06846,0.00000
# ------------------------------------------------------------------------
# Spectra synthesized with the Planetary and Universal Model of Atmospheric Scattering (PUMAS, Villanueva et al. 2018, 2022)
# Single scattering radiative transfer method
# Radiative transfer took 0.187 seconds
# ------------------------------------------------------------------------
# Spectral unit: Frequency[cm-1]
# Radiance unit: Spectral radiance [W/sr/m2/um]
# Wave/freq Total Noise Mars
2.740000000e+03  3.3469830e-01  5.61897e-04  3.34698e-01
2.739960858e+03  3.3400585e-01  5.58577e-04  3.34006e-01
2.739921716e+03  3.3419712e-01  5.57897e-04  3.34197e-01
2.739882575e+03  3.3345841e-01  5.57021e-04  3.33458e-01
2.739843434e+03  3.3324180e-01  5.56864e-04  3.33242e-01
2.739804294e+03  3.3403796e-01  5.57508e-04  3.34038e-01
2.739765155e+03  3.3181077e-01  5.56309e-04  3.31811e-01
2.739726016e+03  3.3444541e-01  5.58487e-04  3.34445e-01
2.739686877e+03  3.3553583e-01  5.60166e-04  3.35536e-01
2.739647739e+03  3.3336646e-01  5.60652e-04  3.33366e-01
2.739608602e+03  3.3559264e-01  5.66344e-04  3.35593e-01
2.739569465e+03  3.3523240e-01  5.65698e-04  3.35232e-01
2.739530329e+03  3.3547597e-01  5.65198e-04  3.35476e-01
2.739491194e+03  3.3443496e-01  5.66735e-04  3.34435e-01
2.739452059e+03  2.7448089e-01  5.24511e-04  2.74481e-01
2.739412924e+03  3.3515352e-01  5.63844e-04  3.35154e-01
2.739373790e+03  3.3548410e-01  5.64143e-04  3.35484e-01
2.739334657e+03  3.3524205e-01  5.66773e-04  3.35242e-01
2.739295524e+03  3.3368421e-01  5.88608e-04  3.33684e-01
2.739256392e+03  3.3343700e-01  5.75770e-04  3.33437e-01
2.739217260e+03  3.3382915e-01  5.66266e-04  3.33829e-01
2.739178129e+03  3.3292389e-01  5.64003e-04  3.32924e-01
2.739138999e+03  3.3457756e-01  5.66325e-04  3.34578e-01
2.739099869e+03  3.2943520e-01  5.66777e-04  3.29435e-01
2.739060739e+03  3.0711637e-01  5.57266e-04  3.07116e-01
2.739021610e+03  3.3502623e-01  5.88615e-04  3.35026e-01
2.738982482e+03  3.3523106e-01  6.12328e-04  3.35231e-01
2.738943354e+03  3.3379929e-01  6.60018e-04  3.33799e-01
2.738904227e+03  3.3458591e-01  6.80899e-04  3.34586e-01
2.738865100e+03  3.3488850e-01  6.45020e-04  3.34888e-01
2.738825974e+03  3.3454170e-01  6.57781e-04  3.34542e-01
2.738786849e+03  2.7891780e-01  6.06992e-04  2.78918e-01
2.738747724e+03  3.3101729e-01  5.98926e-04  3.31017e-01
2.738708599e+03  3.3439149e-01  6.16162e-04  3.34391e-01
2.738669476e+03  3.3424639e-01  5.88484e-04  3.34246e-01
2.738630352e+03  3.3472814e-01  5.72078e-04  3.34728e-01
2.738591229e+03  3.3470649e-01  5.67078e-04  3.34706e-01
2.738552107e+03  3.3343125e-01  5.62357e-04  3.33431e-01
2.738512986e+03  3.3196152e-01  5.60271e-04  3.31962e-01
2.738473865e+03  3.3270710e-01  5.59905e-04  3.32707e-01
2.738434744e+03  3.3388814e-01  5.60241e-04  3.33888e-01
2.738395624e+03  3.3454611e-01  5.60636e-04  3.34546e-01
2.738356505e+03  3.3492535e-01  5.61266e-04  3.34925e-01
2.738317386e+03  3.3493200e-01  5.61865e-04  3.34932e-01
2.738278268e+03  3.3500268e-01  5.62946e-04  3.35003e-01
2.738239150e+03  3.3473955e-01  5.65439e-04  3.34740e-01
2.738200033e+03  3.2366784e-01  5.68012e-04  3.23668e-01
2.738160916e+03  3.3375831e-01  6.23647e-04  3.33758e-01
2.738121800e+03  3.3213481e-01  5.94586e-04  3.32135e-01
2.738082685e+03  2.7714217e-01  5.55552e-04  2.77142e-01
2.738043570e+03  3.3374913e-01  6.03447e-04  3.33749e-01
2.738004456e+03  3.3476393e-01  5.87141e-04  3.34764e-01
2.737965342e+03  3.3474940e-01  5.72853e-04  3.34749e-01
2.737926229e+03  3.3442413e-01  5.67355e-04  3.34424e-01
2.737887116e+03  3.3442075e-01  5.62742e-04  3.34421e-01
2.737848004e+03  3.3444869e-01  5.60741e-04  3.34449e-01
2.737808892e+03  3.3453653e-01  5.59782e-04  3.34537e-01
2.737769781e+03  3.3445359e-01  5.59255e-04  3.34454e-01
2.737730671e+03  3.3431875e-01  5.60074e-04  3.34319e-01
2.737691561e+03  3.3432524e-01  5.58670e-04  3.34325e-01
2.737652452e+03  3.3441955e-01  5.58412e-04  3.34420e-01
2.737613343e+03  3.3434916e-01  5.60831e-04  3.34349e-01
2.737574235e+03  3.3428898e-01  5.62961e-04  3.34289e-01
2.737535127e+03  3.3414638e-01  5.58085e-04  3.34146e-01
2.737496020e+03  3.3394501e-01  5.58711e-04  3.33945e-01
2.737456913e+03  3.3371534e-01  5.60847e-04  3.33715e-01
2.737417807e+03  3.2194290e-01  5.52269e-04  3.21943e-01
2.737378702e+03  2.9214770e-01  5.32825e-04  2.92148e-01
2.737339597e+03  3.3358226e-01  5.64357e-04  3.33582e-01
2.737300493e+03  3.3269005e-01  5.62075e-04  3.32690e-01
2.737261389e+03  3.2184700e-01  5.66641e-04  3.21847e-01
2.737222286e+03  3.3351020e-01  5.77814e-04  3.33510e-01
2.737183183e+03  3.3373185e-01  6.19537e-04  3.33732e-01
2.737144081e+03  3.3378922e-01  6.05593e-04  3.33789e-01
2.737104980e+03  3.3388686e-01  6.12117e-04  3.33887e-01
2.737065879e+03  3.3399510e-01  5.95926e-04  3.33995e-01
2.737026778e+03  3.3407598e-01  5.80590e-04  3.34076e-01
2.736987679e+03  3.3391150e-01  5.66343e-04  3.33912e-01
2.736948579e+03  3.3387820e-01  5.61716e-04  3.33878e-01
2.736909481e+03  3.3383837e-01  5.61733e-04  3.33838e-01
2.736870382e+03  3.3392217e-01  5.59218e-04  3.33922e-01
2.736831285e+03  3.3364141e-01  5.58271e-04  3.33641e-01
2.736792188e+03  3.3398323e-01  5.59683e-04  3.33983e-01
2.736753091e+03  3.3387313e-01  5.57972e-04  3.33873e-01
2.736713995e+03  2.8442693e-01  5.24944e-04  2.84427e-01
2.736674900e+03  3.3387175e-01  5.62504e-04  3.33872e-01
2.736635805e+03  3.3417060e-01  5.61830e-04  3.34171e-01
2.736596711e+03  3.3412960e-01  5.58022e-04  3.34130e-01
2.736557617e+03  3.3374511e-01  5.59484e-04  3.33745e-01
2.736518524e+03  3.3400540e-01  5.60717e-04  3.34005e-01
2.736479432e+03  3.3406019e-01  5.57361e-04  3.34060e-01
2.736440340e+03  3.3375742e-01  5.56854e-04  3.33757e-01
2.736401248e+03  3.3347713e-01  5.56855e-04  3.33477e-01
2.736362157e+03  3.3401618e-01  5.57865e-04  3.34016e-01
2.736323067e+03  3.3412865e-01  5.59283e-04  3.34129e-01
2.736283977e+03  3.2981665e-01  5.58484e-04  3.29817e-01
2.736244888e+03  3.3398578e-01  5.60570e-04  3.33986e-01
2.736205799e+03  3.3408844e-01  5.65031e-04  3.34088e-01
2.736166711e+03  3.3400261e-01  5.71243e-04  3.34003e-01
2.736127624e+03  3.3395484e-01  5.86541e-04  3.33955e-01
2.736088537e+03  3.3391172e-01  6.02351e-04  3.33912e-01
2.736049450e+03  3.1519545e-01  6.02484e-04  3.15195e-01
2.736010365e+03  3.0598486e-01  5.57684e-04  3.05985e-01
2.735971279e+03  3.3379014e-01  5.65991e-04  3.33790e-01
2.735932194e+03  3.3380977e-01  5.62549e-04  3.33810e-01
2.735893110e+03  3.3379047e-01  5.60593e-04  3.33790e-01
2.735854027e+03  3.3185241e-01  5.59274e-04  3.31852e-01
2.735814944e+03  3.3315613e-01  5.59941e-04  3.33156e-01
2.735775861e+03  3.3316381e-01  5.60803e-04  3.33164e-01
2.735736779e+03  3.3353297e-01  5.60602e-04  3.33533e-01
2.735697698e+03  3.3355647e-01  5.63757e-04  3.33556e-01
2.735658617e+03  3.3353904e-01  5.63512e-04  3.33539e-01
2.735619537e+03  3.3299385e-01  5.61468e-04  3.32994e-01
2.735580457e+03  3.3243936e-01  5.57771e-04  3.32439e-01
2.735541378e+03  3.3298312e-01  5.57526e-04  3.32983e-01
2.735502299e+03  3.3326916e-01  5.57554e-04  3.33269e-01
2.735463221e+03  3.3323589e-01  5.59245e-04  3.33236e-01
2.735424144e+03  3.3314586e-01  5.60458e-04  3.33146e-01
2.735385067e+03  3.3288130e-01  5.61635e-04  3.32881e-01
2.735345990e+03  2.9028017e-01  5.28018e-04  2.90280e-01
2.735306914e+03  3.3306191e-01  5.56341e-04  3.33062e-01
2.735267839e+03  3.3312481e-01  5.55995e-04  3.33125e-01
2.735228765e+03  3.3307165e-01  5.57393e-04  3.33072e-01
2.735189690e+03  3.3310538e-01  5.57432e-04  3.33105e-01
2.735150617e+03  3.3329013e-01  5.56989e-04  3.33290e-01
2.735111544e+03  3.3334174e-01  5.59344e-04  3.33342e-01
2.735072471e+03  3.3305669e-01  5.56647e-04  3.33057e-01
2.735033399e+03  3.3277119e-01  5.59651e-04  3.32771e-01
2.734994328e+03  3.3344071e-01  5.58179e-04  3.33441e-01
2.734955257e+03  3.3332872e-01  5.57851e-04  3.33329e-01
2.734916187e+03  3.3333352e-01  5.65414e-04  3.33334e-01
2.734877117e+03  3.3307476e-01  5.59361e-04  3.33075e-01
2.734838048e+03  3.3330648e-01  5.56289e-04  3.33306e-01
2.734798980e+03  3.3336427e-01  5.55697e-04  3.33364e-01
2.734759912e+03  3.3338380e-01  5.55588e-04  3.33384e-01
2.734720844e+03  3.3323852e-01  5.55976e-04  3.33239e-01
2.734681777e+03  2.9409005e-01  5.29034e-04  2.94090e-01
2.734642711e+03  3.3258630e-01  5.56009e-04  3.32586e-01
2.734603645e+03  3.3293204e-01  5.58246e-04  3.32932e-01
2.734564580e+03  3.3287937e-01  5.57295e-04  3.32879e-01
2.734525515e+03  3.3291957e-01  5.61770e-04  3.32920e-01
2.734486451e+03  3.3286760e-01  5.64016e-04  3.32868e-01
2.734447388e+03  3.3285948e-01  5.71978e-04  3.32859e-01
2.734408325e+03  3.3280808e-01  5.65444e-04  3.32808e-01
2.734369262e+03  3.3278675e-01  5.57500e-04  3.32787e-01
2.734330201e+03  3.3274614e-01  5.56415e-04  3.32746e-01
2.734291139e+03  3.3239952e-01  5.55440e-04  3.32400e-01
2.734252078e+03  3.3271796e-01  5.55231e-04  3.32718e-01
2.734213018e+03  3.3269830e-01  5.54936e-04  3.32698e-01
2.734173959e+03  3.3267313e-01  5.54972e-04  3.32673e-01
2.734134900e+03  3.3253809e-01  5.54819e-04  3.32538e-01
2.734095841e+03  3.3274895e-01  5.55363e-04  3.32749e-01
2.734056783e+03  3.3271239e-01  5.55086e-04  3.32712e-01
2.734017726e+03  3.2979828e-01  5.53466e-04  3.29798e-01
2.733978669e+03  2.9904368e-01  5.34250e-04  2.99044e-01
2.733939613e+03  3.3008777e-01  5.59515e-04  3.30088e-01
2.733900557e+03  3.3060694e-01  5.61891e-04  3.30607e-01
2.733861502e+03  3.3059678e-01  5.62746e-04  3.30597e-01
2.733822447e+03  3.2975218e-01  5.62535e-04  3.29752e-01
2.733783393e+03  3.3129839e-01  5.73716e-04  3.31298e-01
2.733744340e+03  3.3144041e-01  5.65884e-04  3.31440e-01
2.733705287e+03  3.2782012e-01  5.59240e-04  3.27820e-01
2.733666234e+03  3.2813583e-01  5.60169e-04  3.28136e-01
2.733627182e+03  3.3021452e-01  5.56740e-04  3.30215e-01
2.733588131e+03  3.3018734e-01  5.58800e-04  3.30187e-01
2.733549081e+03  3.2896643e-01  5.55727e-04  3.28966e-01
2.733510030e+03  3.2692566e-01  5.51995e-04  3.26926e-01
2.733470981e+03  3.2055584e-01  5.49327e-04  3.20556e-01
2.733431932e+03  3.0105262e-01  5.33868e-04  3.01053e-01
2.733392883e+03  2.8233890e-01  5.20487e-04  2.82339e-01
2.733353835e+03  3.0098909e-01  5.34126e-04  3.00989e-01
2.733314788e+03  2.8893138e-01  5.25355e-04  2.88931e-01
2.733275741e+03  3.2558016e-01  5.50996e-04  3.25580e-01
2.733236695e+03  3.2685407e-01  5.52104e-04  3.26854e-01
2.733197649e+03  3.2958685e-01  5.56437e-04  3.29587e-01
2.733158604e+03  3.3110233e-01  5.64361e-04  3.31102e-01
2.733119560e+03  3.3151768e-01  5.60135e-04  3.31518e-01
2.733080516e+03  3.3154829e-01  5.59135e-04  3.31548e-01
2.733041472e+03  3.3169431e-01  5.71925e-04  3.31694e-01
2.733002429e+03  3.3185094e-01  5.68346e-04  3.31851e-01
2.732963387e+03  3.3203892e-01  5.62009e-04  3.32039e-01
2.732924345e+03  3.3203081e-01  5.57245e-04  3.32031e-01
2.732885304e+03  3.3206199e-01  5.55988e-04  3.32062e-01
2.732846263e+03  3.3154595e-01  5.55848e-04  3.31546e-01
2.732807223e+03  3.3093847e-01  5.56182e-04  3.30938e-01
2.732768184e+03  3.3132262e-01  5.59129e-04  3.31323e-01
2.732729145e+03  3.3200896e-01  5.75865e-04  3.32009e-01
2.732690106e+03  3.3194724e-01  5.79747e-04  3.31947e-01
2.732651068e+03  3.0307587e-01  5.41467e-04  3.03076e-01
2.732612031e+03  3.3150256e-01  5.59270e-04  3.31503e-01
2.732572994e+03  3.3163266e-01  5.60838e-04  3.31633e-01
2.732533958e+03  3.3159268e-01  5.67988e-04  3.31593e-01
2.732494922e+03  3.3102096e-01  5.81498e-04  3.31021e-01
2.732455887e+03  3.3142082e-01  5.72493e-04  3.31421e-01
2.732416853e+03  3.3198362e-01  5.62702e-04  3.31984e-01
2.732377819e+03  3.3205706e-01  5.58964e-04  3.32057e-01
2.732338785e+03  3.3094940e-01  5.55959e-04  3.30949e-01
2.732299753e+03  3.2493688e-01  5.50970e-04  3.24937e-01
2.732260720e+03  3.2388398e-01  5.51256e-04  3.23884e-01
2.732221689e+03  3.2767009e-01  5.52218e-04  3.27670e-01
2.732182657e+03  3.2853760e-01  5.52329e-04  3.28538e-01
2.732143627e+03  3.3110052e-01  5.53993e-04  3.31101e-01
2.732104597e+03  3.3159675e-01  5.54255e-04  3.31597e-01
2.732065567e+03  3.3160919e-01  5.54388e-04  3.31609e-01
2.732026538e+03  3.3011331e-01  5.53142e-04  3.30113e-01
2.731987510e+03  3.0370323e-01  5.35553e-04  3.03703e-01
2.731948482e+03  3.2976871e-01  5.53135e-04  3.29769e-01
2.731909455e+03  3.3128178e-01  5.54188e-04  3.31282e-01
2.731870428e+03  3.3143168e-01  5.54549e-04  3.31432e-01
2.731831402e+03  3.3181282e-01  5.57348e-04  3.31813e-01
2.731792376e+03  3.3197928e-01  5.58164e-04  3.31979e-01
2.731753351e+03  3.3193518e-01  5.56530e-04  3.31935e-01
2.731714327e+03  3.3171199e-01  5.54736e-04  3.31712e-01
2.731675303e+03  3.3047763e-01  5.53907e-04  3.30478e-01
2.731636279e+03  3.2933556e-01  5.53112e-04  3.29336e-01
2.731597257e+03  3.3017541e-01  5.53863e-04  3.30175e-01
2.731558234e+03  3.3152516e-01  5.55799e-04  3.31525e-01
2.731519213e+03  3.3177295e-01  5.56782e-04  3.31773e-01
2.731480191e+03  3.3162191e-01  5.63598e-04  3.31622e-01
2.731441171e+03  3.3146980e-01  5.61435e-04  3.31470e-01
2.731402151e+03  3.3075552e-01  5.56290e-04  3.30756e-01
2.731363131e+03  3.2979776e-01  5.54914e-04  3.29798e-01
2.731324112e+03  3.0717076e-01  5.39961e-04  3.07171e-01
2.731285094e+03  3.2985959e-01  5.56536e-04  3.29860e-01
2.731246076e+03  3.3111914e-01  5.58872e-04  3.31119e-01
2.731207059e+03  3.3125422e-01  5.58362e-04  3.31254e-01
2.731168042e+03  3.3120679e-01  5.59610e-04  3.31207e-01
2.731129026e+03  3.3112432e-01  5.61905e-04  3.31124e-01
2.731090011e+03  3.1041888e-01  5.51607e-04  3.10419e-01
2.731050996e+03  3.3031173e-01  5.68348e-04  3.30312e-01
2.731011981e+03  3.3147590e-01  5.79557e-04  3.31476e-01
2.730972967e+03  3.3155006e-01  6.02988e-04  3.31550e-01
2.730933954e+03  3.3157691e-01  6.33479e-04  3.31577e-01
2.730894941e+03  3.3156423e-01  6.18152e-04  3.31564e-01
2.730855929e+03  3.3143496e-01  5.87080e-04  3.31435e-01
2.730816917e+03  3.3132215e-01  5.71537e-04  3.31322e-01
2.730777906e+03  3.3082769e-01  5.64070e-04  3.30828e-01
2.730738896e+03  3.2910779e-01  5.59352e-04  3.29108e-01
2.730699886e+03  3.2880744e-01  5.57664e-04  3.28807e-01
2.730660876e+03  3.1152092e-01  5.46180e-04  3.11521e-01
2.730621867e+03  3.3099028e-01  5.63121e-04  3.30990e-01
2.730582859e+03  3.3129675e-01  5.57929e-04  3.31297e-01
2.730543851e+03  3.3055468e-01  5.55814e-04  3.30555e-01
2.730504844e+03  3.2677973e-01  5.53594e-04  3.26780e-01
2.730465837e+03  3.2779431e-01  5.53611e-04  3.27794e-01
2.730426831e+03  3.3106631e-01  5.55351e-04  3.31066e-01
2.730387826e+03  3.3117232e-01  5.55464e-04  3.31172e-01
2.730348821e+03  3.3027755e-01  5.55533e-04  3.30278e-01
2.730309816e+03  3.3097626e-01  5.58957e-04  3.30976e-01
2.730270812e+03  3.3103959e-01  5.60613e-04  3.31040e-01
2.730231809e+03  3.3064784e-01  5.56066e-04  3.30648e-01
2.730192806e+03  3.2977716e-01  5.56220e-04  3.29777e-01
2.730153804e+03  3.2796123e-01  5.54839e-04  3.27961e-01
2.730114802e+03  3.2592002e-01  5.57914e-04  3.25920e-01
2.730075801e+03  3.2280442e-01  5.53771e-04  3.22804e-01
2.730036801e+03  3.2748178e-01  5.55854e-04  3.27482e-01
2.729997801e+03  3.1353262e-01  5.47967e-04  3.13533e-01
2.729958801e+03  3.3039547e-01  5.64139e-04  3.30395e-01
2.729919803e+03  3.3073001e-01  5.73430e-04  3.30730e-01
2.729880804e+03  3.3031939e-01  5.75774e-04  3.30319e-01
2.729841807e+03  3.2379408e-01  5.63178e-04  3.23794e-01
2.729802809e+03  3.3088121e-01  5.64437e-04  3.30881e-01
2.729763813e+03  3.3076249e-01  5.66821e-04  3.30762e-01
2.729724817e+03  3.3093220e-01  5.75264e-04  3.30932e-01
2.729685821e+03  3.3092649e-01  5.94065e-04  3.30926e-01
2.729646826e+03  3.3110454e-01  5.96963e-04  3.31105e-01
2.729607832e+03  3.3034288e-01  6.24708e-04  3.30343e-01
2.729568838e+03  3.3080397e-01  6.54014e-04  3.30804e-01
2.729529845e+03  3.3081793e-01  5.85190e-04  3.30818e-01
2.729490852e+03  3.3069996e-01  5.64999e-04  3.30700e-01
2.729451860e+03  3.3055095e-01  5.60679e-04  3.30551e-01
2.729412868e+03  3.3053185e-01  5.62262e-04  3.30532e-01
2.729373877e+03  3.3053778e-01  5.75729e-04  3.30538e-01
2.729334887e+03  3.1636559e-01  5.82525e-04  3.16366e-01
2.729295897e+03  3.3020501e-01  5.61717e-04  3.30205e-01
2.729256907e+03  3.3021731e-01  5.56986e-04  3.30217e-01
2.729217919e+03  3.3019722e-01  5.55562e-04  3.30197e-01
2.729178930e+03  3.2971499e-01  5.55224e-04  3.29715e-01
2.729139943e+03  3.2979958e-01  5.54452e-04  3.29800e-01
2.729100955e+03  3.2956131e-01  5.54052e-04  3.29561e-01
2.729061969e+03  3.2904971e-01  5.54072e-04  3.29050e-01
2.729022983e+03  3.2805792e-01  5.54831e-04  3.28058e-01
2.728983997e+03  3.2740397e-01  5.54703e-04  3.27404e-01
2.728945012e+03  3.2700783e-01  5.53086e-04  3.27008e-01
2.728906028e+03  3.2688372e-01  5.52041e-04  3.26884e-01
2.728867044e+03  3.2710145e-01  5.51858e-04  3.27101e-01
2.728828061e+03  3.2739544e-01  5.51724e-04  3.27395e-01
2.728789078e+03  3.2889287e-01  5.52876e-04  3.28893e-01
2.728750096e+03  3.2922962e-01  5.53767e-04  3.29230e-01
2.728711114e+03  3.2950065e-01  5.55215e-04  3.29501e-01
2.728672133e+03  3.1783514e-01  5.52081e-04  3.17835e-01
2.728633153e+03  3.2984176e-01  5.61050e-04  3.29842e-01
2.728594173e+03  3.3001112e-01  5.57720e-04  3.30011e-01
2.728555194e+03  3.3010974e-01  5.54788e-04  3.30110e-01
2.728516215e+03  3.3012651e-01  5.54753e-04  3.30127e-01
2.728477237e+03  3.3019374e-01  5.55448e-04  3.30194e-01
2.728438259e+03  3.3028270e-01  5.56330e-04  3.30283e-01
2.728399282e+03  3.3026087e-01  5.67489e-04  3.30261e-01
2.728360305e+03  3.3021903e-01  5.73192e-04  3.30219e-01
2.728321329e+03  3.3024480e-01  5.57431e-04  3.30245e-01
2.728282354e+03  3.3024396e-01  5.54975e-04  3.30244e-01
2.728243379e+03  3.2996103e-01  5.54677e-04  3.29961e-01
2.728204404e+03  3.2799632e-01  5.53589e-04  3.27996e-01
2.728165431e+03  3.3024302e-01  5.55162e-04  3.30243e-01
2.728126457e+03  3.3031588e-01  5.56545e-04  3.30316e-01
2.728087485e+03  3.2942234e-01  5.58860e-04  3.29422e-01
2.728048513e+03  3.3020870e-01  5.61571e-04  3.30209e-01
2.728009541e+03  3.2000738e-01  5.52116e-04  3.20007e-01
2.727970570e+03  3.2995626e-01  5.56441e-04  3.29956e-01
2.727931600e+03  3.2993237e-01  5.55661e-04  3.29932e-01
2.727892630e+03  3.2974326e-01  5.56085e-04  3.29743e-01
2.727853660e+03  3.2851913e-01  5.56018e-04  3.28519e-01
2.727814692e+03  3.2782459e-01  5.54008e-04  3.27825e-01
2.727775723e+03  3.2852149e-01  5.53688e-04  3.28521e-01
2.727736756e+03  3.2921326e-01  5.53849e-04  3.29213e-01
2.727697789e+03  3.2957720e-01  5.54366e-04  3.29577e-01
2.727658822e+03  3.3010541e-01  5.55805e-04  3.30105e-01
2.727619856e+03  3.3010085e-01  5.55180e-04  3.30101e-01
2.727580891e+03  3.3007673e-01  5.55482e-04  3.30077e-01
2.727541926e+03  3.2981702e-01  5.56752e-04  3.29817e-01
2.727502961e+03  3.2868820e-01  5.56028e-04  3.28688e-01
2.727463998e+03  3.2884851e-01  5.55862e-04  3.28849e-01
2.727425034e+03  3.2966374e-01  5.55765e-04  3.29664e-01
2.727386072e+03  3.2920852e-01  5.55635e-04  3.29209e-01
2.727347110e+03  3.2028812e-01  5.50304e-04  3.20288e-01
2.727308148e+03  3.2896043e-01  5.58383e-04  3.28960e-01
2.727269187e+03  3.2827230e-01  5.70544e-04  3.28272e-01
2.727230227e+03  3.2800415e-01  5.65309e-04  3.28004e-01
2.727191267e+03  3.2869523e-01  5.60019e-04  3.28695e-01
2.727152307e+03  3.2889984e-01  5.60548e-04  3.28900e-01
2.727113349e+03  3.2781570e-01  5.62179e-04  3.27816e-01
2.727074391e+03  3.2759018e-01  5.65137e-04  3.27590e-01
2.727035433e+03  3.2879680e-01  5.70382e-04  3.28797e-01
2.726996476e+03  3.2886990e-01  5.82260e-04  3.28870e-01
2.726957519e+03  3.2856582e-01  6.24060e-04  3.28566e-01
2.726918563e+03  3.2792672e-01  8.95034e-04  3.27927e-01
2.726879608e+03  3.2751386e-01  7.16903e-04  3.27514e-01
2.726840653e+03  3.2810360e-01  6.31905e-04  3.28104e-01
2.726801699e+03  3.2732659e-01  6.93649e-04  3.27327e-01
2.726762745e+03  3.2688494e-01  6.54947e-04  3.26885e-01
2.726723792e+03  3.2139922e-01  7.26318e-04  3.21399e-01
2.726684839e+03  3.2749804e-01  1.26142e-03  3.27498e-01
2.726645887e+03  3.2129734e-01  1.99339e-03  3.21297e-01
2.726606935e+03  3.1411145e-01  1.82260e-03  3.14111e-01
2.726567984e+03  3.2137762e-01  1.02251e-03  3.21378e-01
2.726529034e+03  3.2531206e-01  9.92443e-04  3.25312e-01
2.726490084e+03  3.2786734e-01  7.36775e-04  3.27867e-01
2.726451135e+03  3.2788291e-01  6.48404e-04  3.27883e-01
2.726412186e+03  3.2667404e-01  6.02431e-04  3.26674e-01
2.726373238e+03  3.2808127e-01  5.89824e-04  3.28081e-01
2.726334290e+03  2.9707952e-01  5.67451e-04  2.97080e-01
2.726295343e+03  3.2075451e-01  6.09704e-04  3.20755e-01
2.726256397e+03  3.2921084e-01  6.21819e-04  3.29211e-01
2.726217451e+03  3.2923423e-01  6.46056e-04  3.29234e-01
2.726178505e+03  3.2930923e-01  7.10739e-04  3.29309e-01
2.726139561e+03  3.2915210e-01  7.28116e-04  3.29152e-01
2.726100616e+03  3.2886551e-01  6.51340e-04  3.28866e-01
2.726061673e+03  3.2315993e-01  5.99164e-04  3.23160e-01
2.726022729e+03  3.2835695e-01  5.82977e-04  3.28357e-01
2.725983787e+03  3.2687763e-01  5.73063e-04  3.26878e-01
2.725944845e+03  3.2638890e-01  5.69076e-04  3.26389e-01
2.725905903e+03  3.2808232e-01  5.70289e-04  3.28082e-01
2.725866962e+03  3.2719736e-01  5.79457e-04  3.27197e-01
2.725828022e+03  3.1218155e-01  6.31092e-04  3.12182e-01
2.725789082e+03  3.2850970e-01  5.93680e-04  3.28510e-01
2.725750143e+03  3.2921159e-01  5.87061e-04  3.29212e-01
2.725711204e+03  3.2925060e-01  6.10314e-04  3.29251e-01
2.725672266e+03  3.2920644e-01  6.28645e-04  3.29206e-01
2.725633328e+03  3.2916387e-01  5.97904e-04  3.29164e-01
2.725594391e+03  3.2902093e-01  5.75322e-04  3.29021e-01
2.725555455e+03  3.2889777e-01  5.66449e-04  3.28898e-01
2.725516519e+03  3.2881183e-01  5.65785e-04  3.28812e-01
2.725477583e+03  3.2846874e-01  5.65292e-04  3.28469e-01
2.725438648e+03  3.2354757e-01  5.72796e-04  3.23548e-01
2.725399714e+03  3.2726647e-01  5.70991e-04  3.27266e-01
2.725360780e+03  3.2870749e-01  5.60875e-04  3.28707e-01
2.725321847e+03  3.2884829e-01  5.60158e-04  3.28848e-01
2.725282915e+03  3.2879018e-01  5.59678e-04  3.28790e-01
2.725243983e+03  3.2865466e-01  5.55934e-04  3.28655e-01
2.725205051e+03  3.2851392e-01  5.54986e-04  3.28514e-01
2.725166120e+03  3.2816520e-01  5.54056e-04  3.28165e-01
2.725127190e+03  3.2785641e-01  5.53990e-04  3.27856e-01
2.725088260e+03  3.2607267e-01  5.54628e-04  3.26073e-01
2.725049331e+03  3.2765722e-01  5.59423e-04  3.27657e-01
2.725010402e+03  3.2764931e-01  5.54523e-04  3.27649e-01
2.724971474e+03  3.2675490e-01  5.53235e-04  3.26755e-01
2.724932546e+03  3.2716012e-01  5.53861e-04  3.27160e-01
2.724893619e+03  3.2799815e-01  5.55468e-04  3.27998e-01
2.724854693e+03  3.2811103e-01  5.59001e-04  3.28111e-01
2.724815767e+03  3.2824039e-01  5.74339e-04  3.28240e-01
2.724776841e+03  3.2479839e-01  5.63330e-04  3.24798e-01
2.724737916e+03  3.2849667e-01  5.58878e-04  3.28497e-01
2.724698992e+03  3.2854692e-01  5.56526e-04  3.28547e-01
2.724660068e+03  3.2848937e-01  5.55427e-04  3.28489e-01
2.724621145e+03  3.2820929e-01  5.55081e-04  3.28209e-01
2.724582223e+03  3.2843837e-01  5.55564e-04  3.28438e-01
2.724543301e+03  3.2807172e-01  5.55989e-04  3.28072e-01
2.724504379e+03  3.2802797e-01  5.58430e-04  3.28028e-01
2.724465458e+03  3.2808899e-01  5.66216e-04  3.28089e-01
2.724426538e+03  3.2799474e-01  6.08788e-04  3.27995e-01
2.724387618e+03  3.2762254e-01  5.80696e-04  3.27623e-01
2.724348699e+03  3.2450608e-01  5.62377e-04  3.24506e-01
2.724309780e+03  3.2748878e-01  5.58787e-04  3.27489e-01
2.724270862e+03  3.2716978e-01  5.58864e-04  3.27170e-01
2.724231944e+03  3.2664217e-01  5.62143e-04  3.26642e-01
2.724193027e+03  3.2598207e-01  5.65976e-04  3.25982e-01
2.724154111e+03  3.2180168e-01  5.57606e-04  3.21802e-01
2.724115195e+03  3.2221212e-01  5.55489e-04  3.22212e-01
2.724076279e+03  3.1707309e-01  5.52097e-04  3.17073e-01
2.724037365e+03  3.0613160e-01  5.45905e-04  3.06132e-01
2.723998450e+03  2.9617284e-01  5.41019e-04  2.96173e-01
2.723959537e+03  2.9949548e-01  5.47705e-04  2.99495e-01
2.723920623e+03  2.9327813e-01  5.48473e-04  2.93278e-01
2.723881711e+03  3.2033285e-01  5.80000e-04  3.20333e-01
2.723842799e+03  3.1569717e-01  6.05420e-04  3.15697e-01
2.723803887e+03  3.2315967e-01  6.71133e-04  3.23160e-01
2.723764976e+03  3.2550147e-01  6.93549e-04  3.25501e-01
2.723726066e+03  3.2633362e-01  6.45837e-04  3.26334e-01
2.723687156e+03  3.2671268e-01  6.21027e-04  3.26713e-01
2.723648247e+03  3.2688368e-01  6.01843e-04  3.26884e-01
2.723609338e+03  3.2480620e-01  5.83583e-04  3.24806e-01
2.723570430e+03  3.2559073e-01  5.77841e-04  3.25591e-01
2.723531522e+03  3.2410736e-01  5.77072e-04  3.24107e-01
2.723492615e+03  2.7513530e-01  5.49150e-04  2.75135e-01
2.723453709e+03  3.2570435e-01  5.99296e-04  3.25704e-01
2.723414803e+03  3.2573555e-01  6.34438e-04  3.25736e-01
2.723375898e+03  3.2567210e-01  7.17969e-04  3.25672e-01
2.723336993e+03  3.2582365e-01  8.27379e-04  3.25824e-01
2.723298089e+03  3.2598979e-01  7.49454e-04  3.25990e-01
2.723259185e+03  3.2605041e-01  6.48673e-04  3.26050e-01
2.723220282e+03  3.2605174e-01  6.03875e-04  3.26052e-01
2.723181379e+03  3.2613169e-01  5.84143e-04  3.26132e-01
2.723142477e+03  3.2635025e-01  5.74417e-04  3.26350e-01
2.723103576e+03  3.2679672e-01  5.69669e-04  3.26797e-01
2.723064675e+03  3.2667162e-01  5.67295e-04  3.26672e-01
2.723025774e+03  3.2742387e-01  5.68345e-04  3.27424e-01
2.722986875e+03  3.2747868e-01  5.67490e-04  3.27479e-01
2.722947975e+03  3.2718480e-01  5.68732e-04  3.27185e-01
2.722909077e+03  3.2716349e-01  5.72697e-04  3.27163e-01
2.722870178e+03  3.2540151e-01  5.74256e-04  3.25402e-01
2.722831281e+03  2.7803708e-01  5.45356e-04  2.78037e-01
2.722792384e+03  3.2643124e-01  5.91370e-04  3.26431e-01
2.722753487e+03  3.2766419e-01  6.20207e-04  3.27664e-01
2.722714591e+03  3.2769028e-01  6.87038e-04  3.27690e-01
2.722675696e+03  3.2765753e-01  8.16083e-04  3.27658e-01
2.722636801e+03  3.2771571e-01  7.99089e-04  3.27716e-01
2.722597907e+03  3.2776302e-01  6.74891e-04  3.27763e-01
2.722559013e+03  3.2775033e-01  6.17500e-04  3.27750e-01
2.722520120e+03  3.2750953e-01  5.89863e-04  3.27510e-01
2.722481228e+03  3.2750376e-01  5.77955e-04  3.27504e-01
2.722442336e+03  3.2748278e-01  5.74511e-04  3.27483e-01
2.722403444e+03  3.2747291e-01  5.68859e-04  3.27473e-01
2.722364553e+03  3.2736565e-01  5.66464e-04  3.27366e-01
2.722325663e+03  3.2701547e-01  5.65258e-04  3.27015e-01
2.722286773e+03  3.2662890e-01  5.64902e-04  3.26629e-01
2.722247884e+03  3.2513993e-01  5.65576e-04  3.25140e-01
2.722208995e+03  3.2685122e-01  5.71275e-04  3.26851e-01
2.722170107e+03  3.2719117e-01  5.70961e-04  3.27191e-01
2.722131219e+03  3.2722145e-01  5.76203e-04  3.27221e-01
2.722092332e+03  2.8922671e-01  5.57846e-04  2.89227e-01
2.722053446e+03  3.0337499e-01  5.82607e-04  3.03375e-01
2.722014560e+03  3.1528849e-01  6.25598e-04  3.15288e-01
2.721975674e+03  3.2743639e-01  7.26031e-04  3.27436e-01
2.721936790e+03  3.2743988e-01  9.37726e-04  3.27440e-01
2.721897905e+03  3.2744722e-01  1.01311e-03  3.27447e-01
2.721859022e+03  3.2301541e-01  8.99079e-04  3.23015e-01
2.721820139e+03  3.2710292e-01  7.13792e-04  3.27103e-01
2.721781256e+03  3.2730009e-01  6.35890e-04  3.27300e-01
2.721742374e+03  3.2737608e-01  6.09021e-04  3.27376e-01
2.721703492e+03  3.2735479e-01  6.01398e-04  3.27355e-01
2.721664612e+03  3.2740204e-01  5.87004e-04  3.27402e-01
2.721625731e+03  3.2631262e-01  5.73889e-04  3.26313e-01
2.721586851e+03  3.2745061e-01  5.69012e-04  3.27451e-01
2.721547972e+03  3.2738823e-01  5.65529e-04  3.27388e-01
2.721509093e+03  3.2725940e-01  5.68883e-04  3.27259e-01
2.721470215e+03  3.2724794e-01  5.65474e-04  3.27248e-01
2.721431338e+03  3.2700183e-01  5.61291e-04  3.27002e-01
2.721392461e+03  3.2694670e-01  5.62148e-04  3.26947e-01
2.721353584e+03  3.2416258e-01  5.59535e-04  3.24163e-01
2.721314708e+03  3.2710881e-01  5.62047e-04  3.27109e-01
2.721275833e+03  3.2722475e-01  5.67937e-04  3.27225e-01
2.721236958e+03  3.2720769e-01  5.79222e-04  3.27208e-01
2.721198084e+03  3.2724361e-01  5.67557e-04  3.27244e-01
2.721159210e+03  3.2722047e-01  5.68199e-04  3.27220e-01
2.721120337e+03  3.2701579e-01  5.70677e-04  3.27016e-01
2.721081464e+03  3.0721648e-01  5.61726e-04  3.07216e-01
2.721042592e+03  3.2630019e-01  5.84283e-04  3.26300e-01
2.721003721e+03  2.8793989e-01  5.76649e-04  2.87940e-01
2.720964850e+03  3.2482126e-01  6.47323e-04  3.24821e-01
2.720925979e+03  3.2631146e-01  7.22552e-04  3.26311e-01
2.720887110e+03  3.2678503e-01  7.46381e-04  3.26785e-01
2.720848240e+03  3.2698191e-01  7.67895e-04  3.26982e-01
2.720809372e+03  3.2696311e-01  7.69709e-04  3.26963e-01
2.720770504e+03  3.2688906e-01  7.01150e-04  3.26889e-01
2.720731636e+03  3.1871507e-01  6.23401e-04  3.18715e-01
2.720692769e+03  3.1499652e-01  6.02650e-04  3.14997e-01
2.720653902e+03  2.9935153e-01  5.93733e-04  2.99352e-01
2.720615037e+03  3.2336245e-01  6.36473e-04  3.23362e-01
2.720576171e+03  3.2669963e-01  7.07430e-04  3.26700e-01
2.720537306e+03  3.2676757e-01  7.66404e-04  3.26768e-01
2.720498442e+03  3.2556904e-01  7.65082e-04  3.25569e-01
2.720459578e+03  3.2640646e-01  7.03836e-04  3.26406e-01
2.720420715e+03  3.2669763e-01  6.36692e-04  3.26698e-01
2.720381853e+03  3.2594545e-01  6.06968e-04  3.25945e-01
2.720342991e+03  3.2653543e-01  6.01415e-04  3.26535e-01
2.720304129e+03  2.9846866e-01  5.78915e-04  2.98469e-01
2.720265268e+03  3.2335333e-01  5.93689e-04  3.23353e-01
2.720226408e+03  3.2581457e-01  6.09170e-04  3.25815e-01
2.720187548e+03  3.2587109e-01  6.62699e-04  3.25871e-01
2.720148689e+03  3.1624057e-01  8.20671e-04  3.16241e-01
2.720109830e+03  3.2596517e-01  8.80225e-04  3.25965e-01
2.720070972e+03  3.2582831e-01  6.94018e-04  3.25828e-01
2.720032114e+03  3.2481414e-01  6.37608e-04  3.24814e-01
2.719993257e+03  3.2579856e-01  6.46168e-04  3.25799e-01
2.719954401e+03  3.2555494e-01  6.27753e-04  3.25555e-01
2.719915545e+03  3.2495815e-01  5.94550e-04  3.24958e-01
2.719876689e+03  3.2126574e-01  5.76594e-04  3.21266e-01
2.719837835e+03  3.2359148e-01  5.67970e-04  3.23591e-01
2.719798980e+03  3.1846454e-01  5.59107e-04  3.18465e-01
2.719760127e+03  3.1897371e-01  5.57238e-04  3.18974e-01
2.719721273e+03  3.1519471e-01  5.55798e-04  3.15195e-01
2.719682421e+03  3.0255995e-01  5.50728e-04  3.02560e-01
2.719643569e+03  2.8539510e-01  5.49875e-04  2.85395e-01
2.719604717e+03  2.9124070e-01  5.53003e-04  2.91241e-01
2.719565866e+03  3.0696309e-01  5.52010e-04  3.06963e-01
2.719527016e+03  3.1393883e-01  5.51035e-04  3.13939e-01
2.719488166e+03  3.1490122e-01  5.50949e-04  3.14901e-01
2.719449317e+03  3.1863898e-01  5.53288e-04  3.18639e-01
2.719410468e+03  3.2226660e-01  5.52144e-04  3.22267e-01
2.719371620e+03  3.2364467e-01  5.52076e-04  3.23645e-01
2.719332772e+03  3.2427179e-01  5.52145e-04  3.24272e-01
2.719293925e+03  3.2436863e-01  5.52063e-04  3.24369e-01
2.719255079e+03  3.2383189e-01  5.51874e-04  3.23832e-01
2.719216233e+03  3.2501427e-01  5.53510e-04  3.25014e-01
2.719177387e+03  3.2480334e-01  5.54493e-04  3.24803e-01
2.719138543e+03  3.2296157e-01  5.56597e-04  3.22962e-01
2.719099698e+03  3.2303029e-01  5.58820e-04  3.23030e-01
2.719060855e+03  3.2501360e-01  5.57241e-04  3.25014e-01
2.719022011e+03  3.2497312e-01  5.55148e-04  3.24973e-01
2.718983169e+03  3.2468482e-01  5.54493e-04  3.24685e-01
2.718944327e+03  3.2276478e-01  5.53560e-04  3.22765e-01
2.718905485e+03  3.2356477e-01  5.55485e-04  3.23565e-01
2.718866644e+03  3.2372230e-01  5.58476e-04  3.23722e-01
2.718827804e+03  3.1519735e-01  5.58669e-04  3.15197e-01
2.718788964e+03  3.1647422e-01  5.70058e-04  3.16474e-01
2.718750125e+03  3.2397329e-01  5.88484e-04  3.23973e-01
2.718711286e+03  3.1410445e-01  6.13120e-04  3.14104e-01
2.718672448e+03  3.2300716e-01  6.96642e-04  3.23007e-01
2.718633610e+03  3.2249536e-01  6.90893e-04  3.22495e-01
2.718594773e+03  3.2131194e-01  6.34888e-04  3.21312e-01
2.718555937e+03  3.2043456e-01  6.34108e-04  3.20435e-01
2.718517101e+03  3.1813860e-01  6.09568e-04  3.18139e-01
2.718478265e+03  3.1505646e-01  5.78100e-04  3.15056e-01
2.718439430e+03  3.0872295e-01  5.58832e-04  3.08723e-01
2.718400596e+03  2.9536404e-01  5.42325e-04  2.95364e-01
2.718361762e+03  2.7131733e-01  5.20624e-04  2.71317e-01
2.718322929e+03  2.6275103e-01  5.12218e-04  2.62751e-01
2.718284097e+03  2.7728784e-01  5.21306e-04  2.77288e-01
2.718245264e+03  2.9574194e-01  5.34046e-04  2.95742e-01
2.718206433e+03  3.0608975e-01  5.42941e-04  3.06090e-01
2.718167602e+03  3.1180305e-01  5.46276e-04  3.11803e-01
2.718128772e+03  3.1569618e-01  5.53181e-04  3.15696e-01
2.718089942e+03  3.1796532e-01  5.53999e-04  3.17965e-01
2.718051112e+03  3.1934241e-01  5.66138e-04  3.19342e-01
2.718012284e+03  3.2046515e-01  5.58417e-04  3.20465e-01
2.717973455e+03  3.2125774e-01  5.55096e-04  3.21258e-01
2.717934628e+03  3.2201730e-01  5.55941e-04  3.22017e-01
2.717895801e+03  3.1246842e-01  5.48929e-04  3.12468e-01
2.717856974e+03  3.2324866e-01  5.59683e-04  3.23249e-01
2.717818148e+03  3.2355079e-01  5.70351e-04  3.23551e-01
2.717779323e+03  3.2374098e-01  6.08740e-04  3.23741e-01
2.717740498e+03  3.2330396e-01  7.02042e-04  3.23304e-01
2.717701674e+03  3.2196368e-01  6.16087e-04  3.21964e-01
2.717662850e+03  3.2275418e-01  5.71681e-04  3.22754e-01
2.717624027e+03  3.1796704e-01  5.56607e-04  3.17967e-01
2.717585204e+03  3.2274881e-01  5.56677e-04  3.22749e-01
2.717546382e+03  3.2235213e-01  5.54477e-04  3.22352e-01
2.717507560e+03  3.2405651e-01  5.56548e-04  3.24057e-01
2.717468739e+03  3.2461019e-01  5.61311e-04  3.24610e-01
2.717429919e+03  3.2463719e-01  5.68346e-04  3.24637e-01
2.717391099e+03  3.2445491e-01  5.59894e-04  3.24455e-01
2.717352280e+03  3.2390498e-01  5.60616e-04  3.23905e-01
2.717313461e+03  3.2388571e-01  5.91423e-04  3.23886e-01
2.717274643e+03  3.2380959e-01  5.87360e-04  3.23810e-01
2.717235825e+03  3.2444526e-01  5.83924e-04  3.24445e-01
2.717197008e+03  3.2450409e-01  6.04706e-04  3.24504e-01
2.717158192e+03  3.2373542e-01  5.66260e-04  3.23735e-01
2.717119376e+03  3.2245842e-01  5.58787e-04  3.22458e-01
2.717080560e+03  3.1993878e-01  5.53765e-04  3.19939e-01
2.717041745e+03  3.2398221e-01  5.56710e-04  3.23982e-01
2.717002931e+03  3.2233898e-01  5.57885e-04  3.22339e-01
2.716964117e+03  3.1921207e-01  5.63613e-04  3.19212e-01
2.716925304e+03  3.2437533e-01  5.84773e-04  3.24375e-01
2.716886491e+03  3.1959056e-01  5.85010e-04  3.19591e-01
2.716847679e+03  3.2323905e-01  5.83188e-04  3.23239e-01
2.716808868e+03  3.2249781e-01  5.92552e-04  3.22498e-01
2.716770057e+03  3.2387378e-01  5.77580e-04  3.23874e-01
2.716731246e+03  3.2425547e-01  5.62287e-04  3.24255e-01
2.716692436e+03  3.2430104e-01  5.56910e-04  3.24301e-01
2.716653627e+03  3.2449449e-01  5.54287e-04  3.24494e-01
2.716614818e+03  3.2451171e-01  5.53220e-04  3.24512e-01
2.716576010e+03  3.2432688e-01  5.52805e-04  3.24327e-01
2.716537202e+03  3.2432125e-01  5.53254e-04  3.24321e-01
2.716498395e+03  3.2426880e-01  5.54010e-04  3.24269e-01
2.716459589e+03  3.2402882e-01  5.54853e-04  3.24029e-01
2.716420783e+03  3.0985230e-01  5.47533e-04  3.09852e-01
2.716381977e+03  3.2385843e-01  5.62572e-04  3.23858e-01
2.716343172e+03  3.2378741e-01  5.71691e-04  3.23787e-01
2.716304368e+03  3.2370174e-01  5.96062e-04  3.23702e-01
2.716265564e+03  3.2354382e-01  6.24384e-04  3.23544e-01
2.716226761e+03  3.2329723e-01  5.99954e-04  3.23297e-01
2.716187958e+03  3.2303685e-01  5.74145e-04  3.23037e-01
2.716149156e+03  3.1642640e-01  5.59663e-04  3.16426e-01
2.716110354e+03  3.1528525e-01  5.56047e-04  3.15285e-01
2.716071553e+03  3.2167462e-01  5.61041e-04  3.21675e-01
2.716032753e+03  3.2097371e-01  5.67381e-04  3.20974e-01
2.715993953e+03  3.2042992e-01  5.91791e-04  3.20430e-01
2.715955154e+03  3.1913008e-01  6.35838e-04  3.19130e-01
2.715916355e+03  3.1742246e-01  5.95722e-04  3.17422e-01
2.715877557e+03  3.1505574e-01  5.63968e-04  3.15056e-01
2.715838759e+03  3.1208013e-01  5.53990e-04  3.12080e-01
2.715799962e+03  3.0738061e-01  5.46512e-04  3.07381e-01
2.715761165e+03  2.9925020e-01  5.37858e-04  2.99250e-01
2.715722369e+03  2.8334375e-01  5.25041e-04  2.83344e-01
2.715683574e+03  2.6173107e-01  5.09205e-04  2.61731e-01
2.715644779e+03  2.5619014e-01  5.05724e-04  2.56190e-01
2.715605984e+03  2.7442233e-01  5.19603e-04  2.74422e-01
2.715567191e+03  2.8758969e-01  5.31574e-04  2.87590e-01
2.715528397e+03  3.0132998e-01  5.40776e-04  3.01330e-01
2.715489605e+03  3.0754278e-01  5.48083e-04  3.07543e-01
2.715450812e+03  3.1199761e-01  5.59351e-04  3.11998e-01
2.715412021e+03  3.1029563e-01  5.72467e-04  3.10296e-01
2.715373230e+03  3.1667021e-01  5.72047e-04  3.16670e-01
2.715334439e+03  3.1849098e-01  5.61061e-04  3.18491e-01
2.715295649e+03  3.1930872e-01  5.54026e-04  3.19309e-01
2.715256860e+03  3.1986948e-01  5.52747e-04  3.19869e-01
2.715218071e+03  3.1932291e-01  5.53408e-04  3.19323e-01
2.715179283e+03  3.2139676e-01  5.55950e-04  3.21397e-01
2.715140495e+03  3.1074717e-01  5.52328e-04  3.10747e-01
2.715101708e+03  3.1319390e-01  5.65300e-04  3.13194e-01
2.715062921e+03  3.2220285e-01  5.86806e-04  3.22203e-01
2.715024135e+03  3.2123442e-01  5.92707e-04  3.21234e-01
2.714985350e+03  3.2188283e-01  6.19699e-04  3.21883e-01
2.714946565e+03  3.2281479e-01  6.31264e-04  3.22815e-01
2.714907780e+03  3.2260776e-01  6.01717e-04  3.22608e-01
2.714868997e+03  3.2235047e-01  6.02681e-04  3.22350e-01
2.714830213e+03  3.2206608e-01  6.16779e-04  3.22066e-01
2.714791431e+03  3.2032916e-01  5.90055e-04  3.20329e-01
2.714752648e+03  3.1627966e-01  6.48804e-04  3.16280e-01
2.714713867e+03  3.1671022e-01  5.78327e-04  3.16710e-01
2.714675086e+03  3.1479844e-01  5.54933e-04  3.14798e-01
2.714636305e+03  3.2277757e-01  5.55827e-04  3.22778e-01
2.714597525e+03  3.2307482e-01  5.56643e-04  3.23075e-01
2.714558746e+03  3.2353797e-01  5.62774e-04  3.23538e-01
2.714519967e+03  3.2366103e-01  5.69250e-04  3.23661e-01
2.714481189e+03  3.2375262e-01  5.60243e-04  3.23753e-01
2.714442411e+03  3.2367747e-01  5.63373e-04  3.23677e-01
2.714403634e+03  3.2304215e-01  5.59570e-04  3.23042e-01
2.714364857e+03  3.2318133e-01  5.54073e-04  3.23181e-01
2.714326081e+03  3.2348321e-01  5.55058e-04  3.23483e-01
2.714287305e+03  3.2370622e-01  5.51919e-04  3.23706e-01
2.714248530e+03  3.2357280e-01  5.55082e-04  3.23573e-01
2.714209756e+03  3.2355435e-01  5.67863e-04  3.23554e-01
2.714170982e+03  3.2357738e-01  5.55010e-04  3.23577e-01
2.714132209e+03  3.2359106e-01  5.51224e-04  3.23591e-01
2.714093436e+03  3.2343870e-01  5.49702e-04  3.23439e-01
2.714054664e+03  3.2222204e-01  5.48650e-04  3.22222e-01
2.714015892e+03  3.1976703e-01  5.47677e-04  3.19767e-01
2.713977121e+03  3.2213717e-01  5.50178e-04  3.22137e-01
2.713938351e+03  3.2061080e-01  5.52342e-04  3.20611e-01
2.713899581e+03  3.2014103e-01  5.64267e-04  3.20141e-01
2.713860811e+03  3.2288721e-01  5.79939e-04  3.22887e-01
2.713822042e+03  3.2289050e-01  5.61529e-04  3.22891e-01
2.713783274e+03  3.2168762e-01  5.51894e-04  3.21688e-01
2.713744506e+03  3.2206301e-01  5.50046e-04  3.22063e-01
2.713705739e+03  3.2330275e-01  5.52332e-04  3.23303e-01
2.713666972e+03  3.2359576e-01  5.64492e-04  3.23596e-01
2.713628206e+03  3.2367161e-01  5.54937e-04  3.23672e-01
2.713589441e+03  3.2373743e-01  5.50301e-04  3.23737e-01
2.713550676e+03  3.2367062e-01  5.49055e-04  3.23671e-01
2.713511911e+03  3.2365967e-01  5.48378e-04  3.23660e-01
2.713473147e+03  3.2368527e-01  5.48364e-04  3.23685e-01
2.713434384e+03  3.2369026e-01  5.48212e-04  3.23690e-01
2.713395621e+03  3.2347545e-01  5.48455e-04  3.23475e-01
2.713356859e+03  3.2303959e-01  5.48235e-04  3.23040e-01
2.713318097e+03  3.2366344e-01  5.48928e-04  3.23663e-01
2.713279336e+03  3.2366819e-01  5.50527e-04  3.23668e-01
2.713240575e+03  3.2362565e-01  5.53504e-04  3.23626e-01
2.713201815e+03  3.2342956e-01  5.56275e-04  3.23430e-01
2.713163056e+03  3.1827053e-01  5.48879e-04  3.18271e-01
2.713124297e+03  3.2330300e-01  5.49576e-04  3.23303e-01
2.713085539e+03  3.2288593e-01  5.48897e-04  3.22886e-01
2.713046781e+03  3.2269542e-01  5.49396e-04  3.22695e-01
2.713008024e+03  3.2182280e-01  5.48073e-04  3.21823e-01
2.712969267e+03  3.2237964e-01  5.48987e-04  3.22380e-01
2.712930511e+03  3.2280278e-01  5.51723e-04  3.22803e-01
2.712891755e+03  3.2193518e-01  5.48585e-04  3.21935e-01
2.712853000e+03  3.2279567e-01  5.49058e-04  3.22796e-01
2.712814246e+03  3.2290375e-01  5.50951e-04  3.22904e-01
2.712775492e+03  3.2299846e-01  5.56680e-04  3.22998e-01
2.712736738e+03  3.2306192e-01  5.70748e-04  3.23062e-01
2.712697985e+03  3.2311513e-01  5.58742e-04  3.23115e-01
2.712659233e+03  3.2306986e-01  5.52120e-04  3.23070e-01
2.712620481e+03  3.2299944e-01  5.50257e-04  3.22999e-01
2.712581730e+03  3.2286768e-01  5.49716e-04  3.22868e-01
2.712542980e+03  3.2275764e-01  5.50034e-04  3.22758e-01
2.712504230e+03  3.2260649e-01  5.50532e-04  3.22606e-01
2.712465480e+03  3.2230385e-01  5.51261e-04  3.22304e-01
2.712426731e+03  3.1682223e-01  5.48776e-04  3.16822e-01
2.712387983e+03  3.2204236e-01  5.56144e-04  3.22042e-01
2.712349235e+03  3.2226798e-01  5.60830e-04  3.22268e-01
2.712310488e+03  3.2210210e-01  5.71677e-04  3.22102e-01
2.712271741e+03  3.2252879e-01  6.18835e-04  3.22529e-01
2.712232995e+03  3.2260339e-01  5.92356e-04  3.22603e-01
2.712194249e+03  3.2275732e-01  6.16483e-04  3.22757e-01
2.712155504e+03  3.2285924e-01  8.72777e-04  3.22859e-01
2.712116759e+03  3.2286741e-01  9.82810e-04  3.22867e-01
2.712078015e+03  3.2279729e-01  8.64723e-04  3.22797e-01
2.712039272e+03  3.2274692e-01  8.93296e-04  3.22747e-01
2.712000529e+03  3.2268298e-01  7.19540e-04  3.22683e-01
2.711961787e+03  3.2235435e-01  6.03402e-04  3.22354e-01
2.711923045e+03  3.2228427e-01  5.88106e-04  3.22284e-01
2.711884304e+03  3.2247729e-01  5.72197e-04  3.22477e-01
2.711845563e+03  3.2235696e-01  5.74357e-04  3.22357e-01
2.711806823e+03  3.2255751e-01  6.03311e-04  3.22558e-01
2.711768084e+03  3.2222382e-01  7.78616e-04  3.22224e-01
2.711729345e+03  3.2266354e-01  6.42700e-04  3.22664e-01
2.711690606e+03  3.1700033e-01  5.81482e-04  3.17000e-01
2.711651868e+03  3.2216114e-01  5.74166e-04  3.22161e-01
2.711613131e+03  3.2216053e-01  5.78187e-04  3.22161e-01
2.711574394e+03  3.2236399e-01  5.89248e-04  3.22364e-01
2.711535658e+03  3.2261672e-01  5.84320e-04  3.22617e-01
2.711496922e+03  3.2272381e-01  5.86923e-04  3.22724e-01
2.711458187e+03  3.2264719e-01  5.88545e-04  3.22647e-01
2.711419453e+03  3.2265395e-01  5.99335e-04  3.22654e-01
2.711380719e+03  3.2263596e-01  6.41245e-04  3.22636e-01
2.711341985e+03  3.2247940e-01  8.63823e-04  3.22479e-01
2.711303252e+03  3.2263665e-01  8.28439e-04  3.22637e-01
2.711264520e+03  3.2262107e-01  8.30489e-04  3.22621e-01
2.711225788e+03  3.2270949e-01  6.73608e-04  3.22709e-01
2.711187057e+03  3.2247892e-01  5.84892e-04  3.22479e-01
2.711148326e+03  3.2261148e-01  5.66272e-04  3.22611e-01
2.711109596e+03  3.1827423e-01  5.57400e-04  3.18274e-01
2.711070866e+03  3.2253273e-01  5.59400e-04  3.22533e-01
2.711032137e+03  3.2251648e-01  5.63322e-04  3.22516e-01
2.710993409e+03  3.2249374e-01  5.77117e-04  3.22494e-01
2.710954681e+03  3.1734036e-01  6.17556e-04  3.17340e-01
2.710915954e+03  3.2246332e-01  5.76860e-04  3.22463e-01
2.710877227e+03  3.2234783e-01  5.59385e-04  3.22348e-01
2.710838501e+03  3.2239239e-01  5.54075e-04  3.22392e-01
2.710799775e+03  3.2210020e-01  5.51064e-04  3.22100e-01
2.710761050e+03  3.2234264e-01  5.49974e-04  3.22343e-01
2.710722325e+03  3.2231651e-01  5.49411e-04  3.22317e-01
2.710683601e+03  3.2233860e-01  5.49498e-04  3.22339e-01
2.710644878e+03  3.2063392e-01  5.48243e-04  3.20634e-01
2.710606155e+03  3.2228401e-01  5.49825e-04  3.22284e-01
2.710567432e+03  3.2229464e-01  5.51230e-04  3.22295e-01
2.710528710e+03  3.2070577e-01  5.54010e-04  3.20706e-01
2.710489989e+03  3.2178271e-01  5.60374e-04  3.21783e-01
2.710451268e+03  3.2202657e-01  5.59177e-04  3.22027e-01
2.710412548e+03  3.2187608e-01  5.56585e-04  3.21876e-01
2.710373829e+03  3.2178709e-01  5.58821e-04  3.21787e-01
2.710335109e+03  3.2148564e-01  5.61690e-04  3.21486e-01
2.710296391e+03  3.2147165e-01  5.55109e-04  3.21472e-01
2.710257673e+03  3.2194848e-01  5.50466e-04  3.21948e-01
2.710218956e+03  3.1709198e-01  5.45338e-04  3.17092e-01
2.710180239e+03  3.2116805e-01  5.47483e-04  3.21168e-01
2.710141522e+03  3.2217015e-01  5.48554e-04  3.22170e-01
2.710102807e+03  3.2214499e-01  5.49081e-04  3.22145e-01
2.710064091e+03  3.2216611e-01  5.51843e-04  3.22166e-01
2.710025377e+03  3.2188403e-01  5.53443e-04  3.21884e-01
2.709986663e+03  3.2213782e-01  5.50738e-04  3.22138e-01
2.709947949e+03  3.2216540e-01  5.49413e-04  3.22165e-01
2.709909236e+03  3.2215755e-01  5.52170e-04  3.22158e-01
2.709870524e+03  3.2209859e-01  5.48837e-04  3.22099e-01
2.709831812e+03  3.2198510e-01  5.47502e-04  3.21985e-01
2.709793100e+03  3.2197270e-01  5.46952e-04  3.21973e-01
2.709754390e+03  3.2182259e-01  5.46915e-04  3.21823e-01
2.709715679e+03  3.2175450e-01  5.47491e-04  3.21754e-01
2.709676970e+03  3.2178152e-01  5.47043e-04  3.21782e-01
2.709638261e+03  3.2183926e-01  5.47233e-04  3.21839e-01
2.709599552e+03  3.2182081e-01  5.47737e-04  3.21821e-01
2.709560844e+03  3.2164374e-01  5.48430e-04  3.21644e-01
2.709522137e+03  3.2060614e-01  5.49898e-04  3.20606e-01
2.709483430e+03  3.0989797e-01  5.44008e-04  3.09898e-01
2.709444723e+03  3.2097295e-01  5.55714e-04  3.20973e-01
2.709406018e+03  3.2146230e-01  5.70102e-04  3.21462e-01
2.709367312e+03  3.2161090e-01  5.75687e-04  3.21611e-01
2.709328608e+03  3.2160070e-01  5.80084e-04  3.21601e-01
2.709289904e+03  3.2126470e-01  5.66848e-04  3.21265e-01
2.709251200e+03  3.2152179e-01  5.57619e-04  3.21522e-01
2.709212497e+03  3.2163942e-01  5.53469e-04  3.21639e-01
2.709173794e+03  3.2152426e-01  5.52874e-04  3.21524e-01
2.709135092e+03  3.2154327e-01  5.55918e-04  3.21543e-01
2.709096391e+03  3.2147892e-01  5.68616e-04  3.21479e-01
2.709057690e+03  3.2131779e-01  6.33155e-04  3.21318e-01
2.709018990e+03  3.2136527e-01  5.93253e-04  3.21365e-01
2.708980290e+03  3.2122524e-01  5.58003e-04  3.21225e-01
2.708941591e+03  3.2095828e-01  5.52611e-04  3.20958e-01
2.708902893e+03  3.2108024e-01  5.51929e-04  3.21080e-01
2.708864194e+03  3.2111734e-01  5.52837e-04  3.21117e-01
2.708825497e+03  3.2121814e-01  5.58448e-04  3.21218e-01
2.708786800e+03  3.2119715e-01  5.54084e-04  3.21197e-01
2.708748104e+03  3.1647090e-01  5.57559e-04  3.16471e-01
2.708709408e+03  3.2010167e-01  5.66988e-04  3.20102e-01
2.708670712e+03  3.1998808e-01  5.52451e-04  3.19988e-01
2.708632018e+03  3.2066593e-01  5.49489e-04  3.20666e-01
2.708593324e+03  3.2089455e-01  5.48719e-04  3.20895e-01
2.708554630e+03  3.2090638e-01  5.48643e-04  3.20906e-01
2.708515937e+03  3.2069077e-01  5.48386e-04  3.20691e-01
2.708477244e+03  3.2091141e-01  5.49212e-04  3.20911e-01
2.708438552e+03  3.2086879e-01  5.50677e-04  3.20869e-01
2.708399861e+03  3.2073601e-01  5.52037e-04  3.20736e-01
2.708361170e+03  3.2018219e-01  5.54529e-04  3.20182e-01
2.708322480e+03  2.8946465e-01  5.38019e-04  2.89465e-01
2.708283790e+03  3.2006252e-01  5.68684e-04  3.20063e-01
2.708245101e+03  3.2058668e-01  5.89892e-04  3.20587e-01
2.708206412e+03  3.2106254e-01  6.35572e-04  3.21063e-01
2.708167724e+03  3.2112247e-01  6.74597e-04  3.21122e-01
2.708129036e+03  3.2114363e-01  6.29476e-04  3.21144e-01
2.708090349e+03  3.2079592e-01  5.87268e-04  3.20796e-01
2.708051663e+03  3.2109232e-01  5.68029e-04  3.21092e-01
2.708012977e+03  3.1703231e-01  5.56799e-04  3.17032e-01
2.707974292e+03  3.2091075e-01  5.55753e-04  3.20911e-01
2.707935607e+03  3.2104499e-01  5.55954e-04  3.21045e-01
2.707896923e+03  3.2043378e-01  5.52737e-04  3.20434e-01
2.707858239e+03  3.1960988e-01  5.49358e-04  3.19610e-01
2.707819556e+03  3.1967239e-01  5.48303e-04  3.19672e-01
2.707780873e+03  3.2039873e-01  5.48947e-04  3.20399e-01
2.707742191e+03  3.2060294e-01  5.49648e-04  3.20603e-01
2.707703510e+03  3.2086029e-01  5.49737e-04  3.20860e-01
2.707664829e+03  3.2087768e-01  5.51962e-04  3.20878e-01
2.707626148e+03  3.2095523e-01  5.54913e-04  3.20955e-01
2.707587469e+03  3.2099672e-01  5.49617e-04  3.20997e-01
2.707548789e+03  3.2105770e-01  5.47265e-04  3.21058e-01
2.707510111e+03  3.2097301e-01  5.46625e-04  3.20973e-01
2.707471432e+03  3.2018840e-01  5.45904e-04  3.20188e-01
2.707432755e+03  3.1877300e-01  5.44881e-04  3.18773e-01
2.707394078e+03  3.1990567e-01  5.46211e-04  3.19906e-01
2.707355401e+03  3.2082625e-01  5.47096e-04  3.20826e-01
2.707316725e+03  3.2017149e-01  5.49266e-04  3.20171e-01
2.707278050e+03  3.1556007e-01  5.46362e-04  3.15560e-01
2.707239375e+03  3.1593481e-01  5.45275e-04  3.15935e-01
2.707200701e+03  3.1917369e-01  5.48864e-04  3.19174e-01
2.707162027e+03  3.2079225e-01  5.56016e-04  3.20792e-01
2.707123354e+03  3.2005794e-01  5.60946e-04  3.20058e-01
2.707084681e+03  3.1982822e-01  5.63531e-04  3.19828e-01
2.707046009e+03  3.2066673e-01  5.61617e-04  3.20667e-01
2.707007338e+03  3.2054124e-01  5.57540e-04  3.20541e-01
2.706968667e+03  3.2063043e-01  5.54163e-04  3.20630e-01
2.706929996e+03  3.2046439e-01  5.52429e-04  3.20464e-01
2.706891326e+03  3.1916061e-01  5.48662e-04  3.19161e-01
2.706852657e+03  3.1865933e-01  5.46626e-04  3.18659e-01
2.706813988e+03  3.2009962e-01  5.46605e-04  3.20100e-01
2.706775320e+03  3.2013423e-01  5.46633e-04  3.20134e-01
2.706736652e+03  3.1849614e-01  5.45234e-04  3.18496e-01
2.706697985e+03  3.1876787e-01  5.44769e-04  3.18768e-01
2.706659319e+03  3.2025194e-01  5.45887e-04  3.20252e-01
2.706620653e+03  3.2046844e-01  5.45826e-04  3.20468e-01
2.706581987e+03  3.2035797e-01  5.46136e-04  3.20358e-01
2.706543322e+03  3.2021256e-01  5.46417e-04  3.20213e-01
2.706504658e+03  3.1698707e-01  5.44950e-04  3.16987e-01
2.706465994e+03  3.2031591e-01  5.48341e-04  3.20316e-01
2.706427331e+03  3.2034665e-01  5.55042e-04  3.20347e-01
2.706388668e+03  3.1727595e-01  5.56939e-04  3.17276e-01
2.706350006e+03  3.1205563e-01  5.53158e-04  3.12056e-01
2.706311344e+03  3.1919843e-01  5.59598e-04  3.19198e-01
2.706272683e+03  3.1862509e-01  5.62447e-04  3.18625e-01
2.706234023e+03  3.1939022e-01  5.77106e-04  3.19390e-01
2.706195363e+03  3.2035057e-01  5.84782e-04  3.20351e-01
2.706156704e+03  3.2039908e-01  5.70277e-04  3.20399e-01
2.706118045e+03  3.2018539e-01  5.57459e-04  3.20185e-01
2.706079386e+03  3.1951164e-01  5.51880e-04  3.19512e-01
2.706040729e+03  3.1946262e-01  5.48952e-04  3.19463e-01
2.706002072e+03  3.2011519e-01  5.47542e-04  3.20115e-01
2.705963415e+03  3.2013067e-01  5.47076e-04  3.20131e-01
2.705924759e+03  3.2017513e-01  5.46183e-04  3.20175e-01
2.705886103e+03  3.2022957e-01  5.45711e-04  3.20230e-01
2.705847448e+03  3.2019286e-01  5.45479e-04  3.20193e-01
2.705808794e+03  3.2006248e-01  5.45298e-04  3.20062e-01
2.705770140e+03  3.1714925e-01  5.43310e-04  3.17149e-01
2.705731487e+03  3.2002065e-01  5.45981e-04  3.20021e-01
2.705692834e+03  3.2000007e-01  5.44961e-04  3.20000e-01
2.705654182e+03  3.1989272e-01  5.44685e-04  3.19893e-01
2.705615530e+03  3.1996680e-01  5.45944e-04  3.19967e-01
2.705576879e+03  3.1991677e-01  5.46427e-04  3.19917e-01
2.705538229e+03  3.1988556e-01  5.45737e-04  3.19886e-01
2.705499579e+03  3.1979810e-01  5.46233e-04  3.19798e-01
2.705460929e+03  3.1948473e-01  5.45440e-04  3.19485e-01
2.705422280e+03  3.1911446e-01  5.44233e-04  3.19114e-01
2.705383632e+03  3.1777966e-01  5.43012e-04  3.17780e-01
2.705344984e+03  3.1831631e-01  5.43548e-04  3.18316e-01
2.705306337e+03  3.1832043e-01  5.43177e-04  3.18320e-01
2.705267690e+03  3.1753299e-01  5.42664e-04  3.17533e-01
2.705229044e+03  3.1622230e-01  5.42122e-04  3.16222e-01
2.705190399e+03  3.1599643e-01  5.42042e-04  3.15996e-01
2.705151753e+03  3.1747807e-01  5.44675e-04  3.17478e-01
2.705113109e+03  3.1813461e-01  5.44853e-04  3.18135e-01
2.705074465e+03  3.1823071e-01  5.44014e-04  3.18231e-01
2.705035822e+03  3.1575118e-01  5.42423e-04  3.15751e-01
2.704997179e+03  3.1765404e-01  5.43475e-04  3.17654e-01
2.704958537e+03  3.1641740e-01  5.42860e-04  3.16417e-01
2.704919895e+03  3.1650906e-01  5.43465e-04  3.16509e-01
2.704881254e+03  3.1623418e-01  5.44378e-04  3.16234e-01
2.704842613e+03  3.1297053e-01  5.44417e-04  3.12971e-01
2.704803973e+03  3.0367888e-01  5.43300e-04  3.03679e-01
2.704765334e+03  2.9379394e-01  5.57022e-04  2.93794e-01
2.704726695e+03  3.0342568e-01  6.39395e-04  3.03426e-01
2.704688056e+03  3.1276578e-01  5.73342e-04  3.12766e-01
2.704649418e+03  3.1557866e-01  5.65929e-04  3.15579e-01
2.704610781e+03  3.1498777e-01  6.20452e-04  3.14988e-01
2.704572144e+03  3.1512314e-01  5.94159e-04  3.15123e-01
2.704533508e+03  3.1214572e-01  5.92061e-04  3.12146e-01
2.704494873e+03  3.0377305e-01  5.50008e-04  3.03773e-01
2.704456237e+03  2.8993987e-01  5.35689e-04  2.89940e-01
2.704417603e+03  2.9415980e-01  5.34105e-04  2.94160e-01
2.704378969e+03  3.0806123e-01  5.40658e-04  3.08061e-01
2.704340335e+03  3.1356219e-01  5.43379e-04  3.13562e-01
2.704301703e+03  3.1334346e-01  5.44148e-04  3.13343e-01
2.704263070e+03  3.1591357e-01  5.44227e-04  3.15914e-01
2.704224438e+03  3.1605014e-01  5.44099e-04  3.16050e-01
2.704185807e+03  3.1551578e-01  5.42932e-04  3.15516e-01
2.704147177e+03  3.1435106e-01  5.42922e-04  3.14351e-01
2.704108546e+03  3.1163685e-01  5.46351e-04  3.11637e-01
2.704069917e+03  3.0386568e-01  5.35805e-04  3.03866e-01
2.704031288e+03  2.8765552e-01  5.23234e-04  2.87656e-01
2.703992659e+03  2.8519171e-01  5.20734e-04  2.85192e-01
2.703954031e+03  2.9600227e-01  5.28005e-04  2.96002e-01
2.703915404e+03  2.9376100e-01  5.26459e-04  2.93761e-01
2.703876777e+03  2.7360675e-01  5.12890e-04  2.73607e-01
2.703838151e+03  2.6013994e-01  5.03134e-04  2.60140e-01
2.703799525e+03  2.8409589e-01  5.19769e-04  2.84096e-01
2.703760900e+03  3.0322835e-01  5.32881e-04  3.03228e-01
2.703722276e+03  3.1037907e-01  5.38358e-04  3.10379e-01
2.703683652e+03  3.1367754e-01  5.40400e-04  3.13678e-01
2.703645028e+03  3.1547577e-01  5.42253e-04  3.15476e-01
2.703606405e+03  3.1651414e-01  5.44931e-04  3.16514e-01
2.703567783e+03  3.1598284e-01  5.48539e-04  3.15983e-01
2.703529161e+03  3.1760859e-01  5.43772e-04  3.17609e-01
2.703490540e+03  3.1790728e-01  5.42969e-04  3.17907e-01
2.703451919e+03  3.1729893e-01  5.42416e-04  3.17299e-01
2.703413299e+03  3.1642194e-01  5.42303e-04  3.16422e-01
2.703374679e+03  3.1762973e-01  5.44107e-04  3.17630e-01
2.703336060e+03  3.1835060e-01  5.49062e-04  3.18351e-01
2.703297441e+03  3.1855926e-01  5.47069e-04  3.18559e-01
2.703258823e+03  3.1813529e-01  5.47091e-04  3.18135e-01
2.703220206e+03  3.1869237e-01  5.45038e-04  3.18692e-01
2.703181589e+03  3.1865929e-01  5.45114e-04  3.18659e-01
2.703142973e+03  3.1874256e-01  5.46262e-04  3.18743e-01
2.703104357e+03  3.1865203e-01  5.49155e-04  3.18652e-01
2.703065742e+03  3.1848811e-01  5.50488e-04  3.18488e-01
2.703027127e+03  3.1854227e-01  5.46595e-04  3.18542e-01
2.702988513e+03  3.1878953e-01  5.45001e-04  3.18790e-01
2.702949899e+03  3.1885690e-01  5.45514e-04  3.18857e-01
2.702911286e+03  3.1885060e-01  5.46554e-04  3.18851e-01
2.702872674e+03  3.1880309e-01  5.47559e-04  3.18803e-01
2.702834062e+03  3.1814930e-01  5.54636e-04  3.18149e-01
2.702795451e+03  3.1878639e-01  5.64146e-04  3.18786e-01
2.702756840e+03  3.1879718e-01  5.51037e-04  3.18797e-01
2.702718230e+03  3.1880277e-01  5.55318e-04  3.18803e-01
2.702679620e+03  3.1878950e-01  5.56548e-04  3.18790e-01
2.702641011e+03  3.1865978e-01  5.62486e-04  3.18660e-01
2.702602402e+03  3.1849798e-01  5.48388e-04  3.18498e-01
2.702563794e+03  3.1768364e-01  5.44407e-04  3.17684e-01
2.702525187e+03  3.1616953e-01  5.42650e-04  3.16170e-01
2.702486580e+03  3.1704341e-01  5.44389e-04  3.17043e-01
2.702447973e+03  3.1773867e-01  5.45661e-04  3.17739e-01
2.702409367e+03  3.1715242e-01  5.49325e-04  3.17152e-01
2.702370762e+03  3.1613841e-01  5.44880e-04  3.16138e-01
2.702332157e+03  3.1538613e-01  5.43779e-04  3.15386e-01
2.702293553e+03  3.1464472e-01  5.42860e-04  3.14645e-01
2.702254949e+03  3.1688099e-01  5.45568e-04  3.16881e-01
2.702216346e+03  3.1667793e-01  5.48794e-04  3.16678e-01
2.702177744e+03  3.1668872e-01  5.57843e-04  3.16689e-01
2.702139142e+03  3.1804667e-01  5.68165e-04  3.18047e-01
2.702100540e+03  3.1831211e-01  5.66161e-04  3.18312e-01
2.702061939e+03  3.1834383e-01  5.55706e-04  3.18344e-01
2.702023339e+03  3.1830950e-01  5.54704e-04  3.18310e-01
2.701984739e+03  3.1810563e-01  5.47582e-04  3.18106e-01
2.701946140e+03  3.1820046e-01  5.47760e-04  3.18200e-01
2.701907541e+03  3.1835354e-01  5.58347e-04  3.18354e-01
2.701868943e+03  3.1838861e-01  5.48441e-04  3.18389e-01
2.701830346e+03  3.1844732e-01  5.44519e-04  3.18447e-01
2.701791749e+03  3.1846469e-01  5.44095e-04  3.18465e-01
2.701753152e+03  3.1843890e-01  5.44089e-04  3.18439e-01
2.701714556e+03  3.1844308e-01  5.43637e-04  3.18443e-01
2.701675961e+03  3.1832441e-01  5.44037e-04  3.18324e-01
2.701637366e+03  3.1836520e-01  5.44418e-04  3.18365e-01
2.701598772e+03  3.1818583e-01  5.44141e-04  3.18186e-01
2.701560178e+03  3.1815486e-01  5.43224e-04  3.18155e-01
2.701521585e+03  3.1827133e-01  5.44075e-04  3.18271e-01
2.701482992e+03  3.1828298e-01  5.43285e-04  3.18283e-01
2.701444400e+03  3.1809676e-01  5.42343e-04  3.18097e-01
2.701405809e+03  3.1815796e-01  5.42313e-04  3.18158e-01
2.701367218e+03  3.1758469e-01  5.42015e-04  3.17585e-01
2.701328627e+03  3.1832606e-01  5.42775e-04  3.18326e-01
2.701290038e+03  3.1839549e-01  5.43031e-04  3.18395e-01
2.701251448e+03  3.1829638e-01  5.42856e-04  3.18296e-01
2.701212860e+03  3.1827228e-01  5.42369e-04  3.18272e-01
2.701174271e+03  3.1818770e-01  5.42190e-04  3.18188e-01
2.701135684e+03  3.1820908e-01  5.42199e-04  3.18209e-01
2.701097097e+03  3.1820528e-01  5.42219e-04  3.18205e-01
2.701058510e+03  3.1824192e-01  5.42736e-04  3.18242e-01
2.701019924e+03  3.1827429e-01  5.42437e-04  3.18274e-01
2.700981339e+03  3.1828348e-01  5.42400e-04  3.18283e-01
2.700942754e+03  3.1819342e-01  5.42664e-04  3.18193e-01
2.700904169e+03  3.1806248e-01  5.43194e-04  3.18062e-01
2.700865586e+03  3.1799187e-01  5.43628e-04  3.17992e-01
2.700827002e+03  3.1796505e-01  5.42498e-04  3.17965e-01
2.700788420e+03  3.1797925e-01  5.42121e-04  3.17979e-01
2.700749837e+03  3.1797900e-01  5.42075e-04  3.17979e-01
2.700711256e+03  3.1793903e-01  5.42061e-04  3.17939e-01
2.700672675e+03  3.1780277e-01  5.42143e-04  3.17803e-01
2.700634094e+03  3.1620548e-01  5.41500e-04  3.16205e-01
2.700595514e+03  3.1737204e-01  5.43269e-04  3.17372e-01
2.700556935e+03  3.1755824e-01  5.42250e-04  3.17558e-01
2.700518356e+03  3.1772452e-01  5.42271e-04  3.17725e-01
2.700479778e+03  3.1775619e-01  5.42232e-04  3.17756e-01
2.700441200e+03  3.1771050e-01  5.42431e-04  3.17711e-01
2.700402623e+03  3.1765249e-01  5.44584e-04  3.17652e-01
2.700364046e+03  3.1774011e-01  5.46880e-04  3.17740e-01
2.700325470e+03  3.1783687e-01  5.43413e-04  3.17837e-01
2.700286895e+03  3.1772024e-01  5.43068e-04  3.17720e-01
2.700248320e+03  3.1778900e-01  5.42278e-04  3.17789e-01
2.700209745e+03  3.1786364e-01  5.42468e-04  3.17864e-01
2.700171171e+03  3.1779965e-01  5.42784e-04  3.17800e-01
2.700132598e+03  3.1762866e-01  5.42005e-04  3.17629e-01
2.700094025e+03  3.1769671e-01  5.41988e-04  3.17697e-01
2.700055453e+03  3.1768083e-01  5.41877e-04  3.17681e-01
2.700016882e+03  3.1758439e-01  5.41916e-04  3.17584e-01