# ------------------------------------------------------------------------
# Radiance spectrum
# NASA-GSFC Planetary Spectrum Generator (PSG) (Villanueva et al. 2018, 2022)
# Synthesized on Fri Aug 15 21:18:04 2025
# Doppler velocities [km/s] (vobs,vrot+vorb,vwidth,vrfl,vstr): -17.63700,-0.00000,0.01000,-1.06846,0.00000
# ------------------------------------------------------------------------
# Spectra synthesized with the Planetary and Universal Model of Atmospheric Scattering (PUMAS, Villanueva et al. 2018, 2022)
# Single scattering radiative transfer method
# Radiative transfer took 0.187 seconds
# ------------------------------------------------------------------------
# Spectral unit: Frequency[cm-1]
# Radiance unit: Spectral radiance [W/sr/m2/um]
# Wave/freq Total Noise Mars
2.740000000e+03  3.4355241e-01  5.67799e-04  3.43552e-01
2.739960858e+03  3.4286148e-01  5.64470e-04  3.42861e-01
2.739921716e+03  3.4305422e-01  5.63786e-04  3.43054e-01
2.739882575e+03  3.4231694e-01  5.62914e-04  3.42317e-01
2.739843434e+03  3.4210175e-01  5.62759e-04  3.42102e-01
2.739804294e+03  3.4289928e-01  5.63399e-04  3.42899e-01
2.739765155e+03  3.4065983e-01  5.62209e-04  3.40660e-01
2.739726016e+03  3.4330945e-01  5.64380e-04  3.43309e-01
2.739686877e+03  3.4440123e-01  5.66057e-04  3.44401e-01
2.739647739e+03  3.4220619e-01  5.66552e-04  3.42206e-01
2.739608602e+03  3.4446057e-01  5.72268e-04  3.44461e-01
2.739569465e+03  3.4409774e-01  5.71621e-04  3.44098e-01
2.739530329e+03  3.4434576e-01  5.71119e-04  3.44346e-01
2.739491194e+03  3.4329335e-01  5.72667e-04  3.43293e-01
2.739452059e+03  2.8227500e-01  5.30145e-04  2.82275e-01
2.739412924e+03  3.4402377e-01  5.69761e-04  3.44024e-01
2.739373790e+03  3.4436021e-01  5.70062e-04  3.44360e-01
2.739334657e+03  3.4412006e-01  5.72710e-04  3.44120e-01
2.739295524e+03  3.4256378e-01  5.94678e-04  3.42564e-01
2.739256392e+03  3.4231801e-01  5.81776e-04  3.42318e-01
2.739217260e+03  3.4271152e-01  5.72217e-04  3.42712e-01
2.739178129e+03  3.4180748e-01  5.69953e-04  3.41807e-01
2.739138999e+03  3.4346172e-01  5.72270e-04  3.43462e-01
2.739099869e+03  3.3824859e-01  5.72732e-04  3.38249e-01
2.739060739e+03  3.1562730e-01  5.63205e-04  3.15627e-01
2.739021610e+03  3.4391420e-01  5.94676e-04  3.43914e-01
2.738982482e+03  3.4412156e-01  6.18517e-04  3.44122e-01
2.738943354e+03  3.4267397e-01  6.66475e-04  3.42674e-01
2.738904227e+03  3.4347244e-01  6.87472e-04  3.43472e-01
2.738865100e+03  3.4378316e-01  6.51394e-04  3.43783e-01
2.738825974e+03  3.4343580e-01  6.64230e-04  3.43436e-01
2.738786849e+03  2.8683098e-01  6.13072e-04  2.86831e-01
2.738747724e+03  3.3986922e-01  6.05060e-04  3.39869e-01
2.738708599e+03  3.4329103e-01  6.22386e-04  3.43291e-01
2.738669476e+03  3.4314713e-01  5.94560e-04  3.43147e-01
2.738630352e+03  3.4363184e-01  5.78063e-04  3.43632e-01
2.738591229e+03  3.4361173e-01  5.73037e-04  3.43612e-01
2.738552107e+03  3.4233796e-01  5.68306e-04  3.42338e-01
2.738512986e+03  3.4086968e-01  5.66226e-04  3.40870e-01
2.738473865e+03  3.4161669e-01  5.65851e-04  3.41617e-01
2.738434744e+03  3.4279848e-01  5.66176e-04  3.42798e-01
2.738395624e+03  3.4345852e-01  5.66568e-04  3.43459e-01
2.738356505e+03  3.4383917e-01  5.67197e-04  3.43839e-01
2.738317386e+03  3.4384718e-01  5.67800e-04  3.43847e-01
2.738278268e+03  3.4391906e-01  5.68888e-04  3.43919e-01
2.738239150e+03  3.4365481e-01  5.71395e-04  3.43655e-01
2.738200033e+03  3.3244731e-01  5.74009e-04  3.32447e-01
2.738160916e+03  3.4267787e-01  6.29931e-04  3.42678e-01
2.738121800e+03  3.4105265e-01  6.00728e-04  3.41053e-01
2.738082685e+03  2.8511110e-01  5.61430e-04  2.85111e-01
2.738043570e+03  3.4266606e-01  6.09618e-04  3.42666e-01
2.738004456e+03  3.4368979e-01  5.93219e-04  3.43690e-01
2.737965342e+03  3.4367720e-01  5.78856e-04  3.43677e-01
2.737926229e+03  3.4335206e-01  5.73332e-04  3.43352e-01
2.737887116e+03  3.4335163e-01  5.68696e-04  3.43352e-01
2.737848004e+03  3.4338104e-01  5.66685e-04  3.43381e-01
2.737808892e+03  3.4347033e-01  5.65722e-04  3.43470e-01
2.737769781e+03  3.4338831e-01  5.65193e-04  3.43388e-01
2.737730671e+03  3.4325540e-01  5.66019e-04  3.43255e-01
2.737691561e+03  3.4326333e-01  5.64608e-04  3.43263e-01
2.737652452e+03  3.4335905e-01  5.64349e-04  3.43359e-01
2.737613343e+03  3.4329006e-01  5.66782e-04  3.43290e-01
2.737574235e+03  3.4323127e-01  5.68925e-04  3.43231e-01
2.737535127e+03  3.4309000e-01  5.64025e-04  3.43090e-01
2.737496020e+03  3.4288982e-01  5.64658e-04  3.42890e-01
2.737456913e+03  3.4266067e-01  5.66807e-04  3.42661e-01
2.737417807e+03  3.3072406e-01  5.58200e-04  3.30724e-01
2.737378702e+03  3.0037208e-01  5.38601e-04  3.00372e-01
2.737339597e+03  3.4253136e-01  5.70340e-04  3.42531e-01
2.737300493e+03  3.4163134e-01  5.68049e-04  3.41631e-01
2.737261389e+03  3.3065454e-01  5.72666e-04  3.30655e-01
2.737222286e+03  3.4246361e-01  5.83872e-04  3.42464e-01
2.737183183e+03  3.4268753e-01  6.25821e-04  3.42688e-01
2.737144081e+03  3.4274602e-01  6.11799e-04  3.42746e-01
2.737104980e+03  3.4284592e-01  6.18360e-04  3.42846e-01
2.737065879e+03  3.4295601e-01  6.02081e-04  3.42956e-01
2.737026778e+03  3.4303833e-01  5.86662e-04  3.43038e-01
2.736987679e+03  3.4287529e-01  5.72342e-04  3.42875e-01
2.736948579e+03  3.4284340e-01  5.67691e-04  3.42843e-01
2.736909481e+03  3.4280498e-01  5.67709e-04  3.42805e-01
2.736870382e+03  3.4289013e-01  5.65181e-04  3.42890e-01
2.736831285e+03  3.4260701e-01  5.64231e-04  3.42607e-01
2.736792188e+03  3.4295357e-01  5.65649e-04  3.42954e-01
2.736753091e+03  3.4284256e-01  5.63930e-04  3.42843e-01
2.736713995e+03  2.9258518e-01  5.30719e-04  2.92585e-01
2.736674900e+03  3.4284291e-01  5.68486e-04  3.42843e-01
2.736635805e+03  3.4314659e-01  5.67809e-04  3.43147e-01
2.736596711e+03  3.4310744e-01  5.63982e-04  3.43107e-01
2.736557617e+03  3.4272026e-01  5.65454e-04  3.42720e-01
2.736518524e+03  3.4298627e-01  5.66695e-04  3.42986e-01
2.736479432e+03  3.4304255e-01  5.63321e-04  3.43043e-01
2.736440340e+03  3.4274043e-01  5.62815e-04  3.42740e-01
2.736401248e+03  3.4246090e-01  5.62820e-04  3.42461e-01
2.736362157e+03  3.4300282e-01  5.63830e-04  3.43003e-01
2.736323067e+03  3.4311653e-01  5.65256e-04  3.43117e-01
2.736283977e+03  3.3875158e-01  5.64463e-04  3.38752e-01
2.736244888e+03  3.4297341e-01  5.66550e-04  3.42973e-01
2.736205799e+03  3.4308071e-01  5.71037e-04  3.43081e-01
2.736166711e+03  3.4299630e-01  5.77284e-04  3.42996e-01
2.736127624e+03  3.4294980e-01  5.92666e-04  3.42950e-01
2.736088537e+03  3.4290737e-01  6.08562e-04  3.42907e-01
2.736049450e+03  3.2390329e-01  6.08701e-04  3.23903e-01
2.736010365e+03  3.1452489e-01  5.63649e-04  3.14525e-01
2.735971279e+03  3.4279004e-01  5.72009e-04  3.42790e-01
2.735932194e+03  3.4281188e-01  5.68551e-04  3.42812e-01
2.735893110e+03  3.4279415e-01  5.66586e-04  3.42794e-01
2.735854027e+03  3.4083485e-01  5.65266e-04  3.40835e-01
2.735814944e+03  3.4215950e-01  5.65936e-04  3.42160e-01
2.735775861e+03  3.4216844e-01  5.66803e-04  3.42168e-01
2.735736779e+03  3.4254258e-01  5.66601e-04  3.42543e-01
2.735697698e+03  3.4256703e-01  5.69773e-04  3.42567e-01
2.735658617e+03  3.4255133e-01  5.69528e-04  3.42551e-01
2.735619537e+03  3.4200611e-01  5.67478e-04  3.42006e-01
2.735580457e+03  3.4144755e-01  5.63765e-04  3.41448e-01
2.735541378e+03  3.4199602e-01  5.63515e-04  3.41996e-01
2.735502299e+03  3.4228730e-01  5.63544e-04  3.42287e-01
2.735463221e+03  3.4225537e-01  5.65245e-04  3.42255e-01
2.735424144e+03  3.4216644e-01  5.66466e-04  3.42166e-01
2.735385067e+03  3.4190050e-01  5.67651e-04  3.41900e-01
2.735345990e+03  2.9862866e-01  5.33871e-04  2.98629e-01
2.735306914e+03  3.4208514e-01  5.62330e-04  3.42085e-01
2.735267839e+03  3.4215123e-01  5.61983e-04  3.42151e-01
2.735228765e+03  3.4209978e-01  5.63391e-04  3.42100e-01
2.735189690e+03  3.4213505e-01  5.63429e-04  3.42135e-01
2.735150617e+03  3.4232128e-01  5.62983e-04  3.42321e-01
2.735111544e+03  3.4237423e-01  5.65351e-04  3.42374e-01
2.735072471e+03  3.4209073e-01  5.62643e-04  3.42091e-01
2.735033399e+03  3.4180227e-01  5.65664e-04  3.41802e-01
2.734994328e+03  3.4247764e-01  5.64181e-04  3.42478e-01
2.734955257e+03  3.4236663e-01  5.63854e-04  3.42367e-01
2.734916187e+03  3.4237333e-01  5.71458e-04  3.42373e-01
2.734877117e+03  3.4211371e-01  5.65375e-04  3.42114e-01
2.734838048e+03  3.4234912e-01  5.62287e-04  3.42349e-01
2.734798980e+03  3.4240829e-01  5.61692e-04  3.42408e-01
2.734759912e+03  3.4242908e-01  5.61583e-04  3.42429e-01
2.734720844e+03  3.4228432e-01  5.61974e-04  3.42284e-01
2.734681777e+03  3.0253461e-01  5.34914e-04  3.02535e-01
2.734642711e+03  3.4162935e-01  5.62012e-04  3.41629e-01
2.734603645e+03  3.4198279e-01  5.64263e-04  3.41983e-01
2.734564580e+03  3.4193197e-01  5.63308e-04  3.41932e-01
2.734525515e+03  3.4197372e-01  5.67807e-04  3.41974e-01
2.734486451e+03  3.4192321e-01  5.70066e-04  3.41923e-01
2.734447388e+03  3.4191657e-01  5.78072e-04  3.41917e-01
2.734408325e+03  3.4186635e-01  5.71505e-04  3.41866e-01
2.734369262e+03  3.4184676e-01  5.63519e-04  3.41847e-01
2.734330201e+03  3.4180758e-01  5.62430e-04  3.41808e-01
2.734291139e+03  3.4145798e-01  5.61451e-04  3.41458e-01
2.734252078e+03  3.4178226e-01  5.61241e-04  3.41782e-01
2.734213018e+03  3.4176364e-01  5.60946e-04  3.41764e-01
2.734173959e+03  3.4174031e-01  5.60983e-04  3.41740e-01
2.734134900e+03  3.4160390e-01  5.60830e-04  3.41604e-01
2.734095841e+03  3.4181879e-01  5.61377e-04  3.41819e-01
2.734056783e+03  3.4178331e-01  5.61099e-04  3.41783e-01
2.734017726e+03  3.3883310e-01  5.59478e-04  3.38833e-01
2.733978669e+03  3.0761177e-01  5.40184e-04  3.07612e-01
2.733939613e+03  3.3916283e-01  5.65583e-04  3.39163e-01
2.733900557e+03  3.3968403e-01  5.67967e-04  3.39684e-01
2.733861502e+03  3.3967546e-01  5.68828e-04  3.39675e-01
2.733822447e+03  3.3883236e-01  5.68626e-04  3.38832e-01
2.733783393e+03  3.4038004e-01  5.79851e-04  3.40380e-01
2.733744340e+03  3.4052352e-01  5.71976e-04  3.40524e-01
2.733705287e+03  3.3690468e-01  5.65336e-04  3.36905e-01
2.733666234e+03  3.3722134e-01  5.66267e-04  3.37221e-01
2.733627182e+03  3.3930198e-01  5.62799e-04  3.39302e-01
2.733588131e+03  3.3927623e-01  5.64871e-04  3.39276e-01
2.733549081e+03  3.3805245e-01  5.61792e-04  3.38052e-01
2.733510030e+03  3.3601714e-01  5.58066e-04  3.36017e-01
2.733470981e+03  3.2964885e-01  5.55455e-04  3.29649e-01
2.733431932e+03  3.1014717e-01  5.40137e-04  3.10147e-01
2.733392883e+03  2.9143452e-01  5.26911e-04  2.91435e-01
2.733353835e+03  3.1008029e-01  5.40395e-04  3.10080e-01
2.733314788e+03  2.9755221e-01  5.31393e-04  2.97552e-01
2.733275741e+03  3.3467948e-01  5.57082e-04  3.34679e-01
2.733236695e+03  3.3595573e-01  5.58183e-04  3.35956e-01
2.733197649e+03  3.3869012e-01  5.62510e-04  3.38690e-01
2.733158604e+03  3.4020711e-01  5.70461e-04  3.40207e-01
2.733119560e+03  3.4062393e-01  5.66209e-04  3.40624e-01
2.733080516e+03  3.4065543e-01  5.65203e-04  3.40655e-01
2.733041472e+03  3.4080348e-01  5.78062e-04  3.40803e-01
2.733002429e+03  3.4096156e-01  5.74463e-04  3.40962e-01
2.732963387e+03  3.4115098e-01  5.68091e-04  3.41151e-01
2.732924345e+03  3.4114360e-01  5.63302e-04  3.41144e-01
2.732885304e+03  3.4117695e-01  5.62038e-04  3.41177e-01
2.732846263e+03  3.4066234e-01  5.61904e-04  3.40662e-01
2.732807223e+03  3.4005623e-01  5.62248e-04  3.40056e-01
2.732768184e+03  3.4043725e-01  5.65204e-04  3.40437e-01
2.732729145e+03  3.4112945e-01  5.82026e-04  3.41129e-01
2.732690106e+03  3.4106810e-01  5.85930e-04  3.41068e-01
2.732651068e+03  3.1177703e-01  5.47480e-04  3.11777e-01
2.732612031e+03  3.4062184e-01  5.65346e-04  3.40622e-01
2.732572994e+03  3.4075527e-01  5.66923e-04  3.40755e-01
2.732533958e+03  3.4072046e-01  5.74115e-04  3.40720e-01
2.732494922e+03  3.4015039e-01  5.87706e-04  3.40150e-01
2.732455887e+03  3.4055174e-01  5.78649e-04  3.40552e-01
2.732416853e+03  3.4111600e-01  5.68799e-04  3.41116e-01
2.732377819e+03  3.4119090e-01  5.65042e-04  3.41191e-01
2.732338785e+03  3.4008470e-01  5.62033e-04  3.40085e-01
2.732299753e+03  3.3407363e-01  5.57084e-04  3.34074e-01
2.732260720e+03  3.3302218e-01  5.57384e-04  3.33022e-01
2.732221689e+03  3.3680973e-01  5.58311e-04  3.36810e-01
2.732182657e+03  3.3767784e-01  5.58413e-04  3.37678e-01
2.732143627e+03  3.4024304e-01  5.60060e-04  3.40243e-01
2.732104597e+03  3.4074068e-01  5.60318e-04  3.40741e-01
2.732065567e+03  3.4075443e-01  5.60453e-04  3.40754e-01
2.732026538e+03  3.3925499e-01  5.59214e-04  3.39255e-01
2.731987510e+03  3.1248651e-01  5.41582e-04  3.12487e-01
2.731948482e+03  3.3891624e-01  5.59214e-04  3.38916e-01
2.731909455e+03  3.4043276e-01  5.60259e-04  3.40433e-01
2.731870428e+03  3.4058089e-01  5.60619e-04  3.40581e-01
2.731831402e+03  3.4096529e-01  5.63430e-04  3.40965e-01
2.731792376e+03  3.4113490e-01  5.64250e-04  3.41135e-01
2.731753351e+03  3.4109228e-01  5.62609e-04  3.41092e-01
2.731714327e+03  3.4087054e-01  5.60809e-04  3.40871e-01
2.731675303e+03  3.3963764e-01  5.59990e-04  3.39638e-01
2.731636279e+03  3.3849704e-01  5.59204e-04  3.38497e-01
2.731597257e+03  3.3933834e-01  5.59951e-04  3.39338e-01
2.731558234e+03  3.4068954e-01  5.61883e-04  3.40690e-01
2.731519213e+03  3.4093877e-01  5.62870e-04  3.40939e-01
2.731480191e+03  3.4078890e-01  5.69724e-04  3.40789e-01
2.731441171e+03  3.4063758e-01  5.67551e-04  3.40638e-01
2.731402151e+03  3.3992054e-01  5.62386e-04  3.39921e-01
2.731363131e+03  3.3896875e-01  5.61016e-04  3.38969e-01
2.731324112e+03  3.1602942e-01  5.46024e-04  3.16029e-01
2.731285094e+03  3.3902670e-01  5.62643e-04  3.39027e-01
2.731246076e+03  3.4029476e-01  5.64984e-04  3.40295e-01
2.731207059e+03  3.4043145e-01  5.64470e-04  3.40431e-01
2.731168042e+03  3.4038528e-01  5.65726e-04  3.40385e-01
2.731129026e+03  3.4030265e-01  5.68034e-04  3.40303e-01
2.731090011e+03  3.1932012e-01  5.57723e-04  3.19320e-01
2.731050996e+03  3.3948044e-01  5.74514e-04  3.39480e-01
2.731011981e+03  3.4066015e-01  5.85781e-04  3.40660e-01
2.730972967e+03  3.4073611e-01  6.09341e-04  3.40736e-01
2.730933954e+03  3.4076452e-01  6.40002e-04  3.40765e-01
2.730894941e+03  3.4075334e-01  6.24591e-04  3.40753e-01
2.730855929e+03  3.4062555e-01  5.93349e-04  3.40626e-01
2.730816917e+03  3.4051420e-01  5.77724e-04  3.40514e-01
2.730777906e+03  3.4002118e-01  5.70223e-04  3.40021e-01
2.730738896e+03  3.3830211e-01  5.65499e-04  3.38302e-01
2.730699886e+03  3.3800286e-01  5.63805e-04  3.38003e-01
2.730660876e+03  3.2045005e-01  5.52273e-04  3.20450e-01
2.730621867e+03  3.4018665e-01  5.69269e-04  3.40187e-01
2.730582859e+03  3.4049712e-01  5.64048e-04  3.40497e-01
2.730543851e+03  3.3975673e-01  5.61931e-04  3.39757e-01
2.730504844e+03  3.3597984e-01  5.59738e-04  3.35980e-01
2.730465837e+03  3.3699647e-01  5.59746e-04  3.36996e-01
2.730426831e+03  3.4027298e-01  5.61463e-04  3.40273e-01
2.730387826e+03  3.4038047e-01  5.61575e-04  3.40380e-01
2.730348821e+03  3.3947988e-01  5.61650e-04  3.39480e-01
2.730309816e+03  3.4018732e-01  5.65091e-04  3.40187e-01
2.730270812e+03  3.4025213e-01  5.66756e-04  3.40252e-01
2.730231809e+03  3.3986184e-01  5.62190e-04  3.39862e-01
2.730192806e+03  3.3899261e-01  5.62355e-04  3.38993e-01
2.730153804e+03  3.3717810e-01  5.60987e-04  3.37178e-01
2.730114802e+03  3.3513822e-01  5.64101e-04  3.35138e-01
2.730075801e+03  3.3197788e-01  5.59941e-04  3.31978e-01
2.730036801e+03  3.3668536e-01  5.62004e-04  3.36685e-01
2.729997801e+03  3.2252571e-01  5.54088e-04  3.22526e-01
2.729958801e+03  3.3961676e-01  5.70313e-04  3.39617e-01
2.729919803e+03  3.3995543e-01  5.79653e-04  3.39955e-01
2.729880804e+03  3.3954617e-01  5.82015e-04  3.39546e-01
2.729841807e+03  3.3293667e-01  5.69366e-04  3.32937e-01
2.729802809e+03  3.4010994e-01  5.70611e-04  3.40110e-01
2.729763813e+03  3.3999060e-01  5.73010e-04  3.39991e-01
2.729724817e+03  3.4016520e-01  5.81499e-04  3.40165e-01
2.729685821e+03  3.4016048e-01  6.00404e-04  3.40160e-01
2.729646826e+03  3.4034051e-01  6.03317e-04  3.40341e-01
2.729607832e+03  3.3957239e-01  6.31220e-04  3.39572e-01
2.729568838e+03  3.4004214e-01  6.60692e-04  3.40042e-01
2.729529845e+03  3.4005832e-01  5.91485e-04  3.40058e-01
2.729490852e+03  3.3994181e-01  5.71186e-04  3.39942e-01
2.729451860e+03  3.3979425e-01  5.66846e-04  3.39794e-01
2.729412868e+03  3.3977657e-01  5.68438e-04  3.39777e-01
2.729373877e+03  3.3978366e-01  5.81979e-04  3.39784e-01
2.729334887e+03  3.2541951e-01  5.88839e-04  3.25420e-01
2.729295897e+03  3.3945293e-01  5.67896e-04  3.39453e-01
2.729256907e+03  3.3946717e-01  5.63140e-04  3.39467e-01
2.729217919e+03  3.3944863e-01  5.61710e-04  3.39449e-01
2.729178930e+03  3.3896317e-01  5.61373e-04  3.38963e-01
2.729139943e+03  3.3905322e-01  5.60599e-04  3.39053e-01
2.729100955e+03  3.3881785e-01  5.60201e-04  3.38818e-01
2.729061969e+03  3.3830772e-01  5.60228e-04  3.38308e-01
2.729022983e+03  3.3731450e-01  5.61000e-04  3.37315e-01
2.728983997e+03  3.3666485e-01  5.60882e-04  3.36665e-01
2.728945012e+03  3.3627025e-01  5.59262e-04  3.36270e-01
2.728906028e+03  3.3614761e-01  5.58214e-04  3.36148e-01
2.728867044e+03  3.3636671e-01  5.58027e-04  3.36367e-01
2.728828061e+03  3.3665207e-01  5.57884e-04  3.36652e-01
2.728789078e+03  3.3816113e-01  5.59033e-04  3.38161e-01
2.728750096e+03  3.3849930e-01  5.59926e-04  3.38499e-01
2.728711114e+03  3.3877118e-01  5.61379e-04  3.38771e-01
2.728672133e+03  3.2694518e-01  5.58250e-04  3.26945e-01
2.728633153e+03  3.3911534e-01  5.67243e-04  3.39115e-01
2.728594173e+03  3.3928659e-01  5.63895e-04  3.39287e-01
2.728555194e+03  3.3938683e-01  5.60947e-04  3.39387e-01
2.728516215e+03  3.3940440e-01  5.60912e-04  3.39404e-01
2.728477237e+03  3.3947311e-01  5.61611e-04  3.39473e-01
2.728438259e+03  3.3956424e-01  5.62498e-04  3.39564e-01
2.728399282e+03  3.3954388e-01  5.73719e-04  3.39544e-01
2.728360305e+03  3.3950351e-01  5.79454e-04  3.39504e-01
2.728321329e+03  3.3953074e-01  5.63608e-04  3.39531e-01
2.728282354e+03  3.3953132e-01  5.61140e-04  3.39531e-01
2.728243379e+03  3.3924678e-01  5.60842e-04  3.39247e-01
2.728204404e+03  3.3725779e-01  5.59753e-04  3.37258e-01
2.728165431e+03  3.3953472e-01  5.61330e-04  3.39535e-01
2.728126457e+03  3.3960910e-01  5.62720e-04  3.39609e-01
2.728087485e+03  3.3870502e-01  5.65051e-04  3.38705e-01
2.728048513e+03  3.3950398e-01  5.67776e-04  3.39504e-01
2.728009541e+03  3.2916773e-01  5.58293e-04  3.29168e-01
2.727970570e+03  3.3925486e-01  5.62623e-04  3.39255e-01
2.727931600e+03  3.3923294e-01  5.61840e-04  3.39233e-01
2.727892630e+03  3.3904538e-01  5.62270e-04  3.39045e-01
2.727853660e+03  3.3782276e-01  5.62216e-04  3.37823e-01
2.727814692e+03  3.3712965e-01  5.60204e-04  3.37130e-01
2.727775723e+03  3.3782742e-01  5.59875e-04  3.37827e-01
2.727736756e+03  3.3852062e-01  5.60030e-04  3.38521e-01
2.727697789e+03  3.3888264e-01  5.60545e-04  3.38883e-01
2.727658822e+03  3.3941606e-01  5.61989e-04  3.39416e-01
2.727619856e+03  3.3941335e-01  5.61361e-04  3.39413e-01
2.727580891e+03  3.3939070e-01  5.61667e-04  3.39391e-01
2.727541926e+03  3.3913247e-01  5.62948e-04  3.39132e-01
2.727502961e+03  3.3800306e-01  5.62232e-04  3.38003e-01
2.727463998e+03  3.3816687e-01  5.62065e-04  3.38167e-01
2.727425034e+03  3.3898320e-01  5.61959e-04  3.38983e-01
2.727386072e+03  3.3852449e-01  5.61831e-04  3.38524e-01
2.727347110e+03  3.2948986e-01  5.56493e-04  3.29490e-01
2.727308148e+03  3.3828448e-01  5.64601e-04  3.38284e-01
2.727269187e+03  3.3759574e-01  5.76836e-04  3.37596e-01
2.727230227e+03  3.3732786e-01  5.71574e-04  3.37328e-01
2.727191267e+03  3.3802396e-01  5.66251e-04  3.38024e-01
2.727152307e+03  3.3823007e-01  5.66782e-04  3.38230e-01
2.727113349e+03  3.3714708e-01  5.68435e-04  3.37147e-01
2.727074391e+03  3.3692266e-01  5.71411e-04  3.36923e-01
2.727035433e+03  3.3813146e-01  5.76674e-04  3.38131e-01
2.726996476e+03  3.3820555e-01  5.88616e-04  3.38206e-01
2.726957519e+03  3.3790324e-01  6.30653e-04  3.37903e-01
2.726918563e+03  3.3726584e-01  9.03248e-04  3.37266e-01
2.726879608e+03  3.3685446e-01  7.24047e-04  3.36854e-01
2.726840653e+03  3.3744565e-01  6.38550e-04  3.37446e-01
2.726801699e+03  3.3666888e-01  7.00660e-04  3.36669e-01
2.726762745e+03  3.3622413e-01  6.61737e-04  3.36224e-01
2.726723792e+03  3.3065272e-01  7.33524e-04  3.30653e-01
2.726684839e+03  3.3684522e-01  1.27195e-03  3.36845e-01
2.726645887e+03  3.3064671e-01  2.00880e-03  3.30647e-01
2.726606935e+03  3.2345538e-01  1.83703e-03  3.23455e-01
2.726567984e+03  3.3072056e-01  1.03161e-03  3.30721e-01
2.726529034e+03  3.3466586e-01  1.00131e-03  3.34666e-01
2.726490084e+03  3.3722257e-01  7.44042e-04  3.37223e-01
2.726451135e+03  3.3723949e-01  6.55155e-04  3.37239e-01
2.726412186e+03  3.3603174e-01  6.08937e-04  3.36032e-01
2.726373238e+03  3.3743889e-01  5.96243e-04  3.37439e-01
2.726334290e+03  3.0596413e-01  5.73775e-04  3.05964e-01
2.726295343e+03  3.2999962e-01  6.16239e-04  3.30000e-01
2.726256397e+03  3.3857336e-01  6.28407e-04  3.38573e-01
2.726217451e+03  3.3859870e-01  6.52782e-04  3.38599e-01
2.726178505e+03  3.3867620e-01  7.17841e-04  3.38676e-01
2.726139561e+03  3.3852052e-01  7.35323e-04  3.38521e-01
2.726100616e+03  3.3823529e-01  6.58104e-04  3.38235e-01
2.726061673e+03  3.3245653e-01  6.05647e-04  3.32457e-01
2.726022729e+03  3.3772990e-01  5.89364e-04  3.37730e-01
2.725983787e+03  3.3625118e-01  5.79412e-04  3.36251e-01
2.725944845e+03  3.3576492e-01  5.75411e-04  3.35765e-01
2.725905903e+03  3.3745962e-01  5.76612e-04  3.37460e-01
2.725866962e+03  3.3657191e-01  5.85838e-04  3.36572e-01
2.725828022e+03  3.2136272e-01  6.37799e-04  3.21363e-01
2.725789082e+03  3.3789115e-01  6.00130e-04  3.37891e-01
2.725750143e+03  3.3859502e-01  5.93467e-04  3.38595e-01
2.725711204e+03  3.3863562e-01  6.16850e-04  3.38636e-01
2.725672266e+03  3.3859298e-01  6.35287e-04  3.38593e-01
2.725633328e+03  3.3855191e-01  6.04374e-04  3.38552e-01
2.725594391e+03  3.3840974e-01  5.81669e-04  3.38410e-01
2.725555455e+03  3.3828880e-01  5.72750e-04  3.38289e-01
2.725516519e+03  3.3820434e-01  5.72084e-04  3.38204e-01
2.725477583e+03  3.3786196e-01  5.71593e-04  3.37862e-01
2.725438648e+03  3.3288864e-01  5.79158e-04  3.32889e-01
2.725399714e+03  3.3665642e-01  5.77334e-04  3.36656e-01
2.725360780e+03  3.3810592e-01  5.67152e-04  3.38106e-01
2.725321847e+03  3.3824826e-01  5.66431e-04  3.38248e-01
2.725282915e+03  3.3819165e-01  5.65950e-04  3.38192e-01
2.725243983e+03  3.3805719e-01  5.62187e-04  3.38057e-01
2.725205051e+03  3.3791832e-01  5.61237e-04  3.37918e-01
2.725166120e+03  3.3757114e-01  5.60307e-04  3.37571e-01
2.725127190e+03  3.3726378e-01  5.60245e-04  3.37264e-01
2.725088260e+03  3.3546015e-01  5.60893e-04  3.35460e-01
2.725049331e+03  3.3706757e-01  5.65711e-04  3.37068e-01
2.725010402e+03  3.3706117e-01  5.60785e-04  3.37061e-01
2.724971474e+03  3.3615506e-01  5.59493e-04  3.36155e-01
2.724932546e+03  3.3656678e-01  5.60122e-04  3.36567e-01
2.724893619e+03  3.3741447e-01  5.61735e-04  3.37414e-01
2.724854693e+03  3.3752815e-01  5.65286e-04  3.37528e-01
2.724815767e+03  3.3765956e-01  5.80707e-04  3.37660e-01
2.724776841e+03  3.3417012e-01  5.69644e-04  3.34170e-01
2.724737916e+03  3.3791817e-01  5.65160e-04  3.37918e-01
2.724698992e+03  3.3797072e-01  5.62797e-04  3.37971e-01
2.724660068e+03  3.3791440e-01  5.61693e-04  3.37914e-01
2.724621145e+03  3.3763224e-01  5.61347e-04  3.37632e-01
2.724582223e+03  3.3786665e-01  5.61833e-04  3.37867e-01
2.724543301e+03  3.3750150e-01  5.62265e-04  3.37502e-01
2.724504379e+03  3.3745924e-01  5.64720e-04  3.37459e-01
2.724465458e+03  3.3752174e-01  5.72550e-04  3.37522e-01
2.724426538e+03  3.3742895e-01  6.15359e-04  3.37429e-01
2.724387618e+03  3.3705524e-01  5.87114e-04  3.37055e-01
2.724348699e+03  3.3390085e-01  5.68704e-04  3.33901e-01
2.724309780e+03  3.3692703e-01  5.65089e-04  3.36927e-01
2.724270862e+03  3.3660992e-01  5.65171e-04  3.36610e-01
2.724231944e+03  3.3608382e-01  5.68476e-04  3.36084e-01
2.724193027e+03  3.3542517e-01  5.72337e-04  3.35425e-01
2.724154111e+03  3.3120669e-01  5.63943e-04  3.31207e-01
2.724115195e+03  3.3165758e-01  5.61837e-04  3.31658e-01
2.724076279e+03  3.2652057e-01  5.58487e-04  3.26521e-01
2.724037365e+03  3.1558042e-01  5.52389e-04  3.15580e-01
2.723998450e+03  3.0562184e-01  5.47597e-04  3.05622e-01
2.723959537e+03  3.0887734e-01  5.54232e-04  3.08877e-01
2.723920623e+03  3.0240253e-01  5.54900e-04  3.02403e-01
2.723881711e+03  3.2978642e-01  5.86509e-04  3.29786e-01
2.723842799e+03  3.2507238e-01  6.12071e-04  3.25072e-01
2.723803887e+03  3.3261661e-01  6.78132e-04  3.32617e-01
2.723764976e+03  3.3496081e-01  7.00653e-04  3.34961e-01
2.723726066e+03  3.3579408e-01  6.52653e-04  3.35794e-01
2.723687156e+03  3.3617508e-01  6.27699e-04  3.36175e-01
2.723648247e+03  3.3634748e-01  6.08405e-04  3.36347e-01
2.723609338e+03  3.3424493e-01  5.90050e-04  3.34245e-01
2.723570430e+03  3.3505527e-01  5.84284e-04  3.35055e-01
2.723531522e+03  3.3356924e-01  5.83526e-04  3.33569e-01
2.723492615e+03  2.8382929e-01  5.55493e-04  2.83829e-01
2.723453709e+03  3.3517042e-01  6.05858e-04  3.35170e-01
2.723414803e+03  3.3520690e-01  6.41202e-04  3.35207e-01
2.723375898e+03  3.3514626e-01  7.25225e-04  3.35146e-01
2.723336993e+03  3.3529952e-01  8.35296e-04  3.35300e-01
2.723298089e+03  3.3546726e-01  7.56896e-04  3.35467e-01
2.723259185e+03  3.3552924e-01  6.55521e-04  3.35529e-01
2.723220282e+03  3.3553179e-01  6.10467e-04  3.35532e-01
2.723181379e+03  3.3561337e-01  5.90626e-04  3.35613e-01
2.723142477e+03  3.3583382e-01  5.80845e-04  3.35834e-01
2.723103576e+03  3.3628175e-01  5.76066e-04  3.36282e-01
2.723064675e+03  3.3615061e-01  5.73676e-04  3.36151e-01
2.723025774e+03  3.3691163e-01  5.74729e-04  3.36912e-01
2.722986875e+03  3.3696808e-01  5.73870e-04  3.36968e-01
2.722947975e+03  3.3667329e-01  5.75121e-04  3.36673e-01
2.722909077e+03  3.3665521e-01  5.79110e-04  3.36655e-01
2.722870178e+03  3.3486641e-01  5.80679e-04  3.34866e-01
2.722831281e+03  2.8676433e-01  5.51664e-04  2.86764e-01
2.722792384e+03  3.3591111e-01  5.97887e-04  3.35911e-01
2.722753487e+03  3.3716139e-01  6.26883e-04  3.37161e-01
2.722714591e+03  3.3718989e-01  6.94102e-04  3.37190e-01
2.722675696e+03  3.3715826e-01  8.23922e-04  3.37158e-01
2.722636801e+03  3.3721871e-01  8.06825e-04  3.37219e-01
2.722597907e+03  3.3726758e-01  6.81885e-04  3.37268e-01
2.722559013e+03  3.3725641e-01  6.24165e-04  3.37256e-01
2.722520120e+03  3.3701440e-01  5.96375e-04  3.37014e-01
2.722481228e+03  3.3701219e-01  5.84403e-04  3.37012e-01
2.722442336e+03  3.3699297e-01  5.80942e-04  3.36993e-01
2.722403444e+03  3.3698437e-01  5.75259e-04  3.36984e-01
2.722364553e+03  3.3687926e-01  5.72853e-04  3.36879e-01
2.722325663e+03  3.3653056e-01  5.71646e-04  3.36531e-01
2.722286773e+03  3.3614542e-01  5.71293e-04  3.36145e-01
2.722247884e+03  3.3463847e-01  5.71976e-04  3.34638e-01
2.722208995e+03  3.3636888e-01  5.77699e-04  3.36369e-01
2.722170107e+03  3.3671153e-01  5.77381e-04  3.36712e-01
2.722131219e+03  3.3674101e-01  5.82651e-04  3.36741e-01
2.722092332e+03  2.9818360e-01  5.64247e-04  2.98184e-01
2.722053446e+03  3.1253684e-01  5.89118e-04  3.12537e-01
2.722014560e+03  3.2463752e-01  6.32341e-04  3.24638e-01
2.721975674e+03  3.3696356e-01  7.33346e-04  3.36964e-01
2.721936790e+03  3.3696889e-01  9.46341e-04  3.36969e-01
2.721897905e+03  3.3697824e-01  1.02220e-03  3.36978e-01
2.721859022e+03  3.3249041e-01  9.07465e-04  3.32490e-01
2.721820139e+03  3.3663712e-01  7.21042e-04  3.36637e-01
2.721781256e+03  3.3683620e-01  6.42684e-04  3.36836e-01
2.721742374e+03  3.3691316e-01  6.15660e-04  3.36913e-01
2.721703492e+03  3.3689354e-01  6.07996e-04  3.36894e-01
2.721664612e+03  3.3694279e-01  5.93522e-04  3.36943e-01
2.721625731e+03  3.3583979e-01  5.80337e-04  3.35840e-01
2.721586851e+03  3.3699421e-01  5.75432e-04  3.36994e-01
2.721547972e+03  3.3693353e-01  5.71932e-04  3.36934e-01
2.721509093e+03  3.3680621e-01  5.75306e-04  3.36806e-01
2.721470215e+03  3.3679625e-01  5.71880e-04  3.36796e-01
2.721431338e+03  3.3654956e-01  5.67675e-04  3.36550e-01
2.721392461e+03  3.3649633e-01  5.68539e-04  3.36496e-01
2.721353584e+03  3.3367693e-01  5.65920e-04  3.33677e-01
2.721314708e+03  3.3666300e-01  5.68438e-04  3.36663e-01
2.721275833e+03  3.3678041e-01  5.74361e-04  3.36780e-01
2.721236958e+03  3.3676437e-01  5.85708e-04  3.36764e-01
2.721198084e+03  3.3680227e-01  5.73979e-04  3.36802e-01
2.721159210e+03  3.3678042e-01  5.74626e-04  3.36780e-01
2.721120337e+03  3.3657613e-01  5.77120e-04  3.36576e-01
2.721081464e+03  3.1649877e-01  5.68158e-04  3.16499e-01
2.721042592e+03  3.3585908e-01  5.90808e-04  3.35859e-01
2.721003721e+03  2.9691905e-01  5.83177e-04  2.96919e-01
2.720964850e+03  3.3436273e-01  6.54211e-04  3.34363e-01
2.720925979e+03  3.3587519e-01  7.29881e-04  3.35875e-01
2.720887110e+03  3.3635532e-01  7.53852e-04  3.36355e-01
2.720848240e+03  3.3655395e-01  7.75496e-04  3.36554e-01
2.720809372e+03  3.3653664e-01  7.77321e-04  3.36537e-01
2.720770504e+03  3.3646332e-01  7.08353e-04  3.36463e-01
2.720731636e+03  3.2817570e-01  6.30165e-04  3.28176e-01
2.720692769e+03  3.2440552e-01  6.09304e-04  3.24406e-01
2.720653902e+03  3.0853146e-01  6.00360e-04  3.08531e-01
2.720615037e+03  3.3289739e-01  6.43309e-04  3.32897e-01
2.720576171e+03  3.3628172e-01  7.14676e-04  3.36282e-01
2.720537306e+03  3.3635175e-01  7.74005e-04  3.36352e-01
2.720498442e+03  3.3513786e-01  7.72678e-04  3.35138e-01
2.720459578e+03  3.3598846e-01  7.11064e-04  3.35988e-01
2.720420715e+03  3.3628651e-01  6.43529e-04  3.36287e-01
2.720381853e+03  3.3552687e-01  6.13637e-04  3.35527e-01
2.720342991e+03  3.3612620e-01  6.08052e-04  3.36126e-01
2.720304129e+03  3.0764073e-01  5.85464e-04  3.07641e-01
2.720265268e+03  3.3290648e-01  6.00294e-04  3.32906e-01
2.720226408e+03  3.3540712e-01  6.15861e-04  3.35407e-01
2.720187548e+03  3.3546861e-01  6.69701e-04  3.35469e-01
2.720148689e+03  3.2570423e-01  8.28640e-04  3.25704e-01
2.720109830e+03  3.3556442e-01  8.88547e-04  3.35564e-01
2.720070972e+03  3.3542759e-01  7.01205e-04  3.35428e-01
2.720032114e+03  3.3440249e-01  6.44469e-04  3.34402e-01
2.719993257e+03  3.3540426e-01  6.53080e-04  3.35404e-01
2.719954401e+03  3.3516218e-01  6.34562e-04  3.35162e-01
2.719915545e+03  3.3456390e-01  6.01176e-04  3.34564e-01
2.719876689e+03  3.3083013e-01  5.83134e-04  3.30830e-01
2.719837835e+03  3.3320253e-01  5.74467e-04  3.33203e-01
2.719798980e+03  3.2803330e-01  5.65585e-04  3.28033e-01
2.719760127e+03  3.2858000e-01  5.63726e-04  3.28580e-01
2.719721273e+03  3.2481099e-01  5.62328e-04  3.24811e-01
2.719682421e+03  3.1217525e-01  5.57380e-04  3.12175e-01
2.719643569e+03  2.9501457e-01  5.56740e-04  2.95015e-01
2.719604717e+03  3.0086171e-01  5.59812e-04  3.00862e-01
2.719565866e+03  3.1658562e-01  5.58620e-04  3.16586e-01
2.719527016e+03  3.2356237e-01  5.57558e-04  3.23562e-01
2.719488166e+03  3.2452626e-01  5.57461e-04  3.24526e-01
2.719449317e+03  3.2826608e-01  5.59771e-04  3.28266e-01
2.719410468e+03  3.3189522e-01  5.58579e-04  3.31895e-01
2.719371620e+03  3.3327481e-01  5.58496e-04  3.33275e-01
2.719332772e+03  3.3390343e-01  5.58560e-04  3.33903e-01
2.719293925e+03  3.3399907e-01  5.58474e-04  3.33999e-01
2.719255079e+03  3.3345301e-01  5.58285e-04  3.33453e-01
2.719216233e+03  3.3465043e-01  5.59926e-04  3.34650e-01
2.719177387e+03  3.3443699e-01  5.60915e-04  3.34437e-01
2.719138543e+03  3.3257206e-01  5.63035e-04  3.32572e-01
2.719099698e+03  3.3264361e-01  5.65271e-04  3.32644e-01
2.719060855e+03  3.3465537e-01  5.63681e-04  3.34655e-01
2.719022011e+03  3.3461686e-01  5.61578e-04  3.34617e-01
2.718983169e+03  3.3433003e-01  5.60923e-04  3.34330e-01
2.718944327e+03  3.3239091e-01  5.59994e-04  3.32391e-01
2.718905485e+03  3.3321194e-01  5.61934e-04  3.33212e-01
2.718866644e+03  3.3337079e-01  5.64941e-04  3.33371e-01
2.718827804e+03  3.2472320e-01  5.65151e-04  3.24723e-01
2.718788964e+03  3.2601882e-01  5.76600e-04  3.26019e-01
2.718750125e+03  3.3362664e-01  5.95116e-04  3.33627e-01
2.718711286e+03  3.2362603e-01  6.19914e-04  3.23626e-01
2.718672448e+03  3.3266335e-01  7.03915e-04  3.32663e-01
2.718633610e+03  3.3215410e-01  6.98140e-04  3.32154e-01
2.718594773e+03  3.3096754e-01  6.41816e-04  3.30968e-01
2.718555937e+03  3.3009656e-01  6.41047e-04  3.30097e-01
2.718517101e+03  3.2779803e-01  6.16390e-04  3.27798e-01
2.718478265e+03  3.2472132e-01  5.84784e-04  3.24721e-01
2.718439430e+03  3.1838954e-01  5.65485e-04  3.18390e-01
2.718400596e+03  3.0502774e-01  5.49048e-04  3.05028e-01
2.718361762e+03  2.8093317e-01  5.27503e-04  2.80933e-01
2.718322929e+03  2.7242180e-01  5.19205e-04  2.72422e-01
2.718284097e+03  2.8696059e-01  5.28149e-04  2.86961e-01
2.718245264e+03  3.0541622e-01  5.40724e-04  3.05416e-01
2.718206433e+03  3.1576544e-01  5.49542e-04  3.15765e-01
2.718167602e+03  3.2148039e-01  5.52829e-04  3.21480e-01
2.718128772e+03  3.2537505e-01  5.59727e-04  3.25375e-01
2.718089942e+03  3.2764571e-01  5.60524e-04  3.27646e-01
2.718051112e+03  3.2902333e-01  5.72715e-04  3.29023e-01
2.718012284e+03  3.3014854e-01  5.64939e-04  3.30149e-01
2.717973455e+03  3.3094137e-01  5.61590e-04  3.30941e-01
2.717934628e+03  3.3170276e-01  5.62432e-04  3.31703e-01
2.717895801e+03  3.2200990e-01  5.55396e-04  3.22010e-01
2.717856974e+03  3.3293782e-01  5.66183e-04  3.32938e-01
2.717818148e+03  3.3324155e-01  5.76908e-04  3.33242e-01
2.717779323e+03  3.3343356e-01  6.15511e-04  3.33434e-01
2.717740498e+03  3.3299808e-01  7.09367e-04  3.32998e-01
2.717701674e+03  3.3165929e-01  6.22924e-04  3.31659e-01
2.717662850e+03  3.3244797e-01  5.78255e-04  3.32448e-01
2.717624027e+03  3.2758072e-01  5.63100e-04  3.27581e-01
2.717585204e+03  3.3244696e-01  5.63171e-04  3.32447e-01
2.717546382e+03  3.3205385e-01  5.60966e-04  3.32054e-01
2.717507560e+03  3.3375981e-01  5.63030e-04  3.33760e-01
2.717468739e+03  3.3431504e-01  5.67813e-04  3.34315e-01
2.717429919e+03  3.3434357e-01  5.74888e-04  3.34344e-01
2.717391099e+03  3.3416281e-01  5.66392e-04  3.34163e-01
2.717352280e+03  3.3360997e-01  5.67123e-04  3.33610e-01
2.717313461e+03  3.3359272e-01  5.98103e-04  3.33593e-01
2.717274643e+03  3.3351470e-01  5.94016e-04  3.33515e-01
2.717235825e+03  3.3415891e-01  5.90559e-04  3.34159e-01
2.717197008e+03  3.3421963e-01  6.11460e-04  3.34220e-01
2.717158192e+03  3.3345075e-01  5.72806e-04  3.33451e-01
2.717119376e+03  3.3217686e-01  5.65308e-04  3.32177e-01
2.717080560e+03  3.2960718e-01  5.60254e-04  3.29607e-01
2.717041745e+03  3.3370270e-01  5.63204e-04  3.33703e-01
2.717002931e+03  3.3206068e-01  5.64405e-04  3.32061e-01
2.716964117e+03  3.2888359e-01  5.70166e-04  3.28884e-01
2.716925304e+03  3.3410104e-01  5.91421e-04  3.34101e-01
2.716886491e+03  3.2925193e-01  5.91671e-04  3.29252e-01
2.716847679e+03  3.3296819e-01  5.89842e-04  3.32968e-01
2.716808868e+03  3.3222867e-01  5.99269e-04  3.32229e-01
2.716770057e+03  3.3360607e-01  5.84197e-04  3.33606e-01
2.716731246e+03  3.3398909e-01  5.68816e-04  3.33989e-01
2.716692436e+03  3.3403477e-01  5.63408e-04  3.34035e-01
2.716653627e+03  3.3423152e-01  5.60771e-04  3.34232e-01
2.716614818e+03  3.3425027e-01  5.59699e-04  3.34250e-01
2.716576010e+03  3.3406639e-01  5.59284e-04  3.34066e-01
2.716537202e+03  3.3406280e-01  5.59737e-04  3.34063e-01
2.716498395e+03  3.3401169e-01  5.60499e-04  3.34012e-01
2.716459589e+03  3.3377121e-01  5.61349e-04  3.33771e-01
2.716420783e+03  3.1939516e-01  5.54019e-04  3.19395e-01
2.716381977e+03  3.3360514e-01  5.69114e-04  3.33605e-01
2.716343172e+03  3.3353650e-01  5.78286e-04  3.33537e-01
2.716304368e+03  3.3345234e-01  6.02796e-04  3.33452e-01
2.716265564e+03  3.3329614e-01  6.31283e-04  3.33296e-01
2.716226761e+03  3.3305106e-01  6.06717e-04  3.33051e-01
2.716187958e+03  3.3279200e-01  5.80766e-04  3.32792e-01
2.716149156e+03  3.2609353e-01  5.66221e-04  3.26094e-01
2.716110354e+03  3.2494447e-01  5.62593e-04  3.24944e-01
2.716071553e+03  3.3143192e-01  5.67606e-04  3.31432e-01
2.716032753e+03  3.3073079e-01  5.73989e-04  3.30731e-01
2.715993953e+03  3.3019265e-01  5.98546e-04  3.30193e-01
2.715955154e+03  3.2889476e-01  6.42864e-04  3.28895e-01
2.715916355e+03  3.2718869e-01  6.02538e-04  3.27189e-01
2.715877557e+03  3.2482350e-01  5.70633e-04  3.24823e-01
2.715838759e+03  3.2184886e-01  5.60636e-04  3.21849e-01
2.715799962e+03  3.1714943e-01  5.53172e-04  3.17149e-01
2.715761165e+03  3.0902258e-01  5.44572e-04  3.09023e-01
2.715722369e+03  2.9311738e-01  5.31886e-04  2.93117e-01
2.715683574e+03  2.7150650e-01  5.16254e-04  2.71506e-01
2.715644779e+03  2.6596462e-01  5.12830e-04  2.65965e-01
2.715605984e+03  2.8419993e-01  5.26537e-04  2.84200e-01
2.715567191e+03  2.9731098e-01  5.38363e-04  2.97311e-01
2.715528397e+03  3.1111101e-01  5.47485e-04  3.11111e-01
2.715489605e+03  3.1732497e-01  5.54758e-04  3.17325e-01
2.715450812e+03  3.2178199e-01  5.66036e-04  3.21782e-01
2.715412021e+03  3.2001350e-01  5.79200e-04  3.20014e-01
2.715373230e+03  3.2645296e-01  5.78746e-04  3.26453e-01
2.715334439e+03  3.2828015e-01  5.67682e-04  3.28280e-01
2.715295649e+03  3.2909945e-01  5.60600e-04  3.29099e-01
2.715256860e+03  3.2966048e-01  5.59307e-04  3.29660e-01
2.715218071e+03  3.2909592e-01  5.59966e-04  3.29096e-01
2.715179283e+03  3.3119130e-01  5.62512e-04  3.31191e-01
2.715140495e+03  3.2038159e-01  5.58887e-04  3.20382e-01
2.715101708e+03  3.2286409e-01  5.71925e-04  3.22864e-01
2.715062921e+03  3.3200207e-01  5.93533e-04  3.32002e-01
2.715024135e+03  3.3101694e-01  5.99468e-04  3.31017e-01
2.714985350e+03  3.3167386e-01  6.26612e-04  3.31674e-01
2.714946565e+03  3.3261920e-01  6.38242e-04  3.32619e-01
2.714907780e+03  3.3241299e-01  6.08528e-04  3.32413e-01
2.714868997e+03  3.3215815e-01  6.09502e-04  3.32158e-01
2.714830213e+03  3.3187543e-01  6.23686e-04  3.31875e-01
2.714791431e+03  3.3014007e-01  5.96830e-04  3.30140e-01
2.714752648e+03  3.2609208e-01  6.55970e-04  3.26092e-01
2.714713867e+03  3.2652314e-01  5.85079e-04  3.26523e-01
2.714675086e+03  3.2452341e-01  5.61517e-04  3.24523e-01
2.714636305e+03  3.3259288e-01  5.62384e-04  3.32593e-01
2.714597525e+03  3.3288891e-01  5.63200e-04  3.32889e-01
2.714558746e+03  3.3335815e-01  5.69363e-04  3.33358e-01
2.714519967e+03  3.3348277e-01  5.75875e-04  3.33483e-01
2.714481189e+03  3.3357591e-01  5.66818e-04  3.33576e-01
2.714442411e+03  3.3350231e-01  5.69967e-04  3.33502e-01
2.714403634e+03  3.3286569e-01  5.66150e-04  3.32866e-01
2.714364857e+03  3.3300882e-01  5.60622e-04  3.33009e-01
2.714326081e+03  3.3330969e-01  5.61609e-04  3.33310e-01
2.714287305e+03  3.3353725e-01  5.58453e-04  3.33537e-01
2.714248530e+03  3.3340499e-01  5.61636e-04  3.33405e-01
2.714209756e+03  3.3338830e-01  5.74489e-04  3.33388e-01
2.714170982e+03  3.3341307e-01  5.61566e-04  3.33413e-01
2.714132209e+03  3.3342828e-01  5.57759e-04  3.33428e-01
2.714093436e+03  3.3327745e-01  5.56231e-04  3.33277e-01
2.714054664e+03  3.3205519e-01  5.55184e-04  3.32055e-01
2.714015892e+03  3.2958692e-01  5.54225e-04  3.29587e-01
2.713977121e+03  3.3198018e-01  5.56728e-04  3.31980e-01
2.713938351e+03  3.3042152e-01  5.58899e-04  3.30422e-01
2.713899581e+03  3.2994829e-01  5.70893e-04  3.29948e-01
2.713860811e+03  3.3273132e-01  5.86645e-04  3.32731e-01
2.713822042e+03  3.3273947e-01  5.68136e-04  3.32739e-01
2.713783274e+03  3.3153880e-01  5.58463e-04  3.31539e-01
2.713744506e+03  3.3191541e-01  5.56601e-04  3.31915e-01
2.713705739e+03  3.3315704e-01  5.58886e-04  3.33157e-01
2.713666972e+03  3.3345114e-01  5.71111e-04  3.33451e-01
2.713628206e+03  3.3352900e-01  5.61503e-04  3.33529e-01
2.713589441e+03  3.3359636e-01  5.56842e-04  3.33596e-01
2.713550676e+03  3.3353042e-01  5.55590e-04  3.33530e-01
2.713511911e+03  3.3352172e-01  5.54911e-04  3.33522e-01
2.713473147e+03  3.3354886e-01  5.54897e-04  3.33549e-01
2.713434384e+03  3.3355523e-01  5.54745e-04  3.33555e-01
2.713395621e+03  3.3334040e-01  5.54992e-04  3.33340e-01
2.713356859e+03  3.3289986e-01  5.54772e-04  3.32900e-01
2.713318097e+03  3.3353320e-01  5.55468e-04  3.33533e-01
2.713279336e+03  3.3353941e-01  5.57076e-04  3.33539e-01
2.713240575e+03  3.3349847e-01  5.60071e-04  3.33498e-01
2.713201815e+03  3.3330232e-01  5.62860e-04  3.33302e-01
2.713163056e+03  3.2807300e-01  5.55437e-04  3.28073e-01
2.713124297e+03  3.3318042e-01  5.56128e-04  3.33180e-01
2.713085539e+03  3.3276054e-01  5.55448e-04  3.32761e-01
2.713046781e+03  3.3257605e-01  5.55957e-04  3.32576e-01
2.713008024e+03  3.3170500e-01  5.54637e-04  3.31705e-01
2.712969267e+03  3.3226338e-01  5.55550e-04  3.32263e-01
2.712930511e+03  3.3268755e-01  5.58297e-04  3.32688e-01
2.712891755e+03  3.3180850e-01  5.55144e-04  3.31809e-01
2.712853000e+03  3.3268253e-01  5.55619e-04  3.32683e-01
2.712814246e+03  3.3279371e-01  5.57522e-04  3.32794e-01
2.712775492e+03  3.3288998e-01  5.63283e-04  3.32890e-01
2.712736738e+03  3.3295501e-01  5.77430e-04  3.32955e-01
2.712697985e+03  3.3300967e-01  5.65357e-04  3.33010e-01
2.712659233e+03  3.3296605e-01  5.58700e-04  3.32966e-01
2.712620481e+03  3.3289719e-01  5.56829e-04  3.32897e-01
2.712581730e+03  3.3276687e-01  5.56286e-04  3.32767e-01
2.712542980e+03  3.3265842e-01  5.56608e-04  3.32658e-01
2.712504230e+03  3.3250886e-01  5.57112e-04  3.32509e-01
2.712465480e+03  3.3220718e-01  5.57849e-04  3.32207e-01
2.712426731e+03  3.2665264e-01  5.55365e-04  3.26653e-01
2.712387983e+03  3.3194932e-01  5.62764e-04  3.31949e-01
2.712349235e+03  3.3217657e-01  5.67474e-04  3.32177e-01
2.712310488e+03  3.3200798e-01  5.78381e-04  3.32008e-01
2.712271741e+03  3.3244056e-01  6.25808e-04  3.32441e-01
2.712232995e+03  3.3251613e-01  5.99176e-04  3.32516e-01
2.712194249e+03  3.3267180e-01  6.23441e-04  3.32672e-01
2.712155504e+03  3.3277571e-01  8.81306e-04  3.32776e-01
2.712116759e+03  3.3278544e-01  9.92045e-04  3.32785e-01
2.712078015e+03  3.3271688e-01  8.73203e-04  3.32717e-01
2.712039272e+03  3.3266806e-01  9.01960e-04  3.32668e-01
2.712000529e+03  3.3260563e-01  7.27117e-04  3.32606e-01
2.711961787e+03  3.3227844e-01  6.10294e-04  3.32278e-01
2.711923045e+03  3.3220998e-01  5.94913e-04  3.32210e-01
2.711884304e+03  3.3240464e-01  5.78913e-04  3.32405e-01
2.711845563e+03  3.3228299e-01  5.81085e-04  3.32283e-01
2.711806823e+03  3.3248510e-01  6.10203e-04  3.32485e-01
2.711768084e+03  3.3214787e-01  7.86564e-04  3.32148e-01
2.711729345e+03  3.3259658e-01  6.49823e-04  3.32597e-01
2.711690606e+03  3.2685476e-01  5.88265e-04  3.26855e-01
2.711651868e+03  3.3209333e-01  5.80899e-04  3.32093e-01
2.711613131e+03  3.3209366e-01  5.84943e-04  3.32094e-01
2.711574394e+03  3.3229948e-01  5.96066e-04  3.32299e-01
2.711535658e+03  3.3255653e-01  5.91109e-04  3.32557e-01
2.711496922e+03  3.3266677e-01  5.93728e-04  3.32667e-01
2.711458187e+03  3.3259134e-01  5.95361e-04  3.32591e-01
2.711419453e+03  3.3260006e-01  6.06214e-04  3.32600e-01
2.711380719e+03  3.3258280e-01  6.48368e-04  3.32583e-01
2.711341985e+03  3.3242561e-01  8.72318e-04  3.32426e-01
2.711303252e+03  3.3258744e-01  8.36712e-04  3.32587e-01
2.711264520e+03  3.3257342e-01  8.38776e-04  3.32573e-01
2.711225788e+03  3.3266338e-01  6.80927e-04  3.32663e-01
2.711187057e+03  3.3243097e-01  5.91694e-04  3.32431e-01
2.711148326e+03  3.3256769e-01  5.72970e-04  3.32568e-01
2.711109596e+03  3.2817078e-01  5.64060e-04  3.28171e-01
2.711070866e+03  3.3249256e-01  5.66062e-04  3.32493e-01
2.711032137e+03  3.3247804e-01  5.70008e-04  3.32478e-01
2.710993409e+03  3.3245676e-01  5.83881e-04  3.32457e-01
2.710954681e+03  3.2723075e-01  6.24563e-04  3.27231e-01
2.710915954e+03  3.3242951e-01  5.83625e-04  3.32430e-01
2.710877227e+03  3.3231506e-01  5.66054e-04  3.32315e-01
2.710838501e+03  3.3236193e-01  5.60716e-04  3.32362e-01
2.710799775e+03  3.3206727e-01  5.57689e-04  3.32067e-01
2.710761050e+03  3.3231523e-01  5.56594e-04  3.32315e-01
2.710722325e+03  3.3229051e-01  5.56029e-04  3.32291e-01
2.710683601e+03  3.3231432e-01  5.56117e-04  3.32314e-01
2.710644878e+03  3.3058820e-01  5.54861e-04  3.30588e-01
2.710606155e+03  3.3226279e-01  5.56448e-04  3.32263e-01
2.710567432e+03  3.3227503e-01  5.57862e-04  3.32275e-01
2.710528710e+03  3.3066596e-01  5.60662e-04  3.30666e-01
2.710489989e+03  3.3176129e-01  5.67061e-04  3.31761e-01
2.710451268e+03  3.3201176e-01  5.65859e-04  3.32012e-01
2.710412548e+03  3.3186288e-01  5.63255e-04  3.31863e-01
2.710373829e+03  3.3177547e-01  5.65506e-04  3.31775e-01
2.710335109e+03  3.3147558e-01  5.68395e-04  3.31476e-01
2.710296391e+03  3.3146313e-01  5.61778e-04  3.31463e-01
2.710257673e+03  3.3194136e-01  5.57105e-04  3.31941e-01
2.710218956e+03  3.2701287e-01  5.51958e-04  3.27013e-01
2.710180239e+03  3.3114949e-01  5.54107e-04  3.31149e-01
2.710141522e+03  3.3216786e-01  5.55182e-04  3.32168e-01
2.710102807e+03  3.3214434e-01  5.55714e-04  3.32144e-01
2.710064091e+03  3.3216700e-01  5.58491e-04  3.32167e-01
2.710025377e+03  3.3188241e-01  5.60102e-04  3.31882e-01
2.709986663e+03  3.3214190e-01  5.57382e-04  3.32142e-01
2.709947949e+03  3.3217106e-01  5.56051e-04  3.32171e-01
2.709909236e+03  3.3216478e-01  5.58824e-04  3.32165e-01
2.709870524e+03  3.3210729e-01  5.55475e-04  3.32107e-01
2.709831812e+03  3.3199547e-01  5.54135e-04  3.31995e-01
2.709793100e+03  3.3198464e-01  5.53582e-04  3.31985e-01
2.709754390e+03  3.3183609e-01  5.53548e-04  3.31836e-01
2.709715679e+03  3.3176957e-01  5.54129e-04  3.31770e-01
2.709676970e+03  3.3179815e-01  5.53678e-04  3.31798e-01
2.709638261e+03  3.3185744e-01  5.53870e-04  3.31857e-01
2.709599552e+03  3.3184052e-01  5.54378e-04  3.31841e-01
2.709560844e+03  3.3166403e-01  5.55077e-04  3.31664e-01
2.709522137e+03  3.3061998e-01  5.56560e-04  3.30620e-01
2.709483430e+03  3.1976758e-01  5.50668e-04  3.19768e-01
2.709444723e+03  3.3099826e-01  5.62412e-04  3.30998e-01
2.709406018e+03  3.3148981e-01  5.76876e-04  3.31490e-01
2.709367312e+03  3.3164006e-01  5.82492e-04  3.31640e-01
2.709328608e+03  3.3163147e-01  5.86915e-04  3.31631e-01
2.709289904e+03  3.3129309e-01  5.73606e-04  3.31293e-01
2.709251200e+03  3.3155396e-01  5.64325e-04  3.31554e-01
2.709212497e+03  3.3167494e-01  5.60153e-04  3.31675e-01
2.709173794e+03  3.3156135e-01  5.59556e-04  3.31561e-01
2.709135092e+03  3.3158195e-01  5.62618e-04  3.31582e-01
2.709096391e+03  3.3151917e-01  5.75389e-04  3.31519e-01
2.709057690e+03  3.3135802e-01  6.40302e-04  3.31358e-01
2.709018990e+03  3.3140853e-01  6.00168e-04  3.31409e-01
2.708980290e+03  3.3127021e-01  5.64722e-04  3.31270e-01
2.708941591e+03  3.3100482e-01  5.59304e-04  3.31005e-01
2.708902893e+03  3.3112746e-01  5.58618e-04  3.31127e-01
2.708864194e+03  3.3116539e-01  5.59530e-04  3.31165e-01
2.708825497e+03  3.3126929e-01  5.65173e-04  3.31269e-01
2.708786800e+03  3.3124989e-01  5.60786e-04  3.31250e-01
2.708748104e+03  3.2645923e-01  5.64293e-04  3.26459e-01
2.708709408e+03  3.3015685e-01  5.73776e-04  3.30157e-01
2.708670712e+03  3.3004558e-01  5.59160e-04  3.30046e-01
2.708632018e+03  3.3072504e-01  5.56176e-04  3.30725e-01
2.708593324e+03  3.3095523e-01  5.55400e-04  3.30955e-01
2.708554630e+03  3.3096837e-01  5.55324e-04  3.30968e-01
2.708515937e+03  3.3075113e-01  5.55066e-04  3.30751e-01
2.708477244e+03  3.3097667e-01  5.55898e-04  3.30977e-01
2.708438552e+03  3.3093543e-01  5.57372e-04  3.30935e-01
2.708399861e+03  3.3080351e-01  5.58741e-04  3.30804e-01
2.708361170e+03  3.3024213e-01  5.61249e-04  3.30242e-01
2.708322480e+03  2.9904480e-01  5.44693e-04  2.99045e-01
2.708283790e+03  3.3013310e-01  5.75491e-04  3.30133e-01
2.708245101e+03  3.3066003e-01  5.96815e-04  3.30660e-01
2.708206412e+03  3.3113878e-01  6.42757e-04  3.31139e-01
2.708167724e+03  3.3120043e-01  6.82016e-04  3.31200e-01
2.708129036e+03  3.3122321e-01  6.36626e-04  3.31223e-01
2.708090349e+03  3.3087195e-01  5.94174e-04  3.30872e-01
2.708051663e+03  3.3117505e-01  5.74828e-04  3.31175e-01
2.708012977e+03  3.2705742e-01  5.63544e-04  3.27057e-01
2.707974292e+03  3.3099366e-01  5.62484e-04  3.30994e-01
2.707935607e+03  3.3113253e-01  5.62688e-04  3.31133e-01
2.707896923e+03  3.3052030e-01  5.59459e-04  3.30520e-01
2.707858239e+03  3.2970064e-01  5.56074e-04  3.29701e-01
2.707819556e+03  3.2976456e-01  5.55014e-04  3.29765e-01
2.707780873e+03  3.3049100e-01  5.55653e-04  3.30491e-01
2.707742191e+03  3.3069531e-01  5.56354e-04  3.30695e-01
2.707703510e+03  3.3095735e-01  5.56444e-04  3.30957e-01
2.707664829e+03  3.3097640e-01  5.58682e-04  3.30976e-01
2.707626148e+03  3.3105528e-01  5.61649e-04  3.31055e-01
2.707587469e+03  3.3109792e-01  5.56324e-04  3.31098e-01
2.707548789e+03  3.3116116e-01  5.53959e-04  3.31161e-01
2.707510111e+03  3.3107806e-01  5.53318e-04  3.31078e-01
2.707471432e+03  3.3029502e-01  5.52603e-04  3.30295e-01
2.707432755e+03  3.2888120e-01  5.51593e-04  3.28881e-01
2.707394078e+03  3.3001545e-01  5.52917e-04  3.30015e-01
2.707355401e+03  3.3093758e-01  5.53797e-04  3.30938e-01
2.707316725e+03  3.3028426e-01  5.55987e-04  3.30284e-01
2.707278050e+03  3.2563068e-01  5.53094e-04  3.25631e-01
2.707239375e+03  3.2599559e-01  5.51989e-04  3.25996e-01
2.707200701e+03  3.2926882e-01  5.55583e-04  3.29269e-01
2.707162027e+03  3.3091119e-01  5.62771e-04  3.30911e-01
2.707123354e+03  3.3016931e-01  5.67732e-04  3.30169e-01
2.707084681e+03  3.2993948e-01  5.70334e-04  3.29939e-01
2.707046009e+03  3.3079072e-01  5.68408e-04  3.30791e-01
2.707007338e+03  3.3066416e-01  5.64309e-04  3.30664e-01
2.706968667e+03  3.3075651e-01  5.60914e-04  3.30757e-01
2.706929996e+03  3.3059320e-01  5.59173e-04  3.30593e-01
2.706891326e+03  3.2929102e-01  5.55402e-04  3.29291e-01
2.706852657e+03  3.2879133e-01  5.53362e-04  3.28791e-01
2.706813988e+03  3.3023322e-01  5.53325e-04  3.30233e-01
2.706775320e+03  3.3026941e-01  5.53354e-04  3.30269e-01
2.706736652e+03  3.2863291e-01  5.51967e-04  3.28633e-01
2.706697985e+03  3.2890622e-01  5.51497e-04  3.28906e-01
2.706659319e+03  3.3039188e-01  5.52605e-04  3.30392e-01
2.706620653e+03  3.3060994e-01  5.52542e-04  3.30610e-01
2.706581987e+03  3.3049977e-01  5.52855e-04  3.30500e-01
2.706543322e+03  3.3035503e-01  5.53139e-04  3.30355e-01
2.706504658e+03  3.2708418e-01  5.51672e-04  3.27084e-01
2.706465994e+03  3.3046359e-01  5.55076e-04  3.30464e-01
2.706427331e+03  3.3049571e-01  5.61815e-04  3.30496e-01
2.706388668e+03  3.2738332e-01  5.63731e-04  3.27383e-01
2.706350006e+03  3.2209630e-01  5.59946e-04  3.22096e-01
2.706311344e+03  3.2935130e-01  5.66412e-04  3.29351e-01
2.706272683e+03  3.2878079e-01  5.69285e-04  3.28781e-01
2.706234023e+03  3.2954441e-01  5.84017e-04  3.29544e-01
2.706195363e+03  3.3050955e-01  5.91728e-04  3.30510e-01
2.706156704e+03  3.3055969e-01  5.77141e-04  3.30560e-01
2.706118045e+03  3.3034761e-01  5.64254e-04  3.30348e-01
2.706079386e+03  3.2967545e-01  5.58653e-04  3.29675e-01
2.706040729e+03  3.2962803e-01  5.55710e-04  3.29628e-01
2.706002072e+03  3.3028218e-01  5.54286e-04  3.30282e-01
2.705963415e+03  3.3029876e-01  5.53817e-04  3.30299e-01
2.705924759e+03  3.3034531e-01  5.52921e-04  3.30345e-01
2.705886103e+03  3.3040133e-01  5.52446e-04  3.30401e-01
2.705847448e+03  3.3036619e-01  5.52214e-04  3.30366e-01
2.705808794e+03  3.3023689e-01  5.52034e-04  3.30237e-01
2.705770140e+03  3.2728264e-01  5.50042e-04  3.27283e-01
2.705731487e+03  3.3019872e-01  5.52724e-04  3.30199e-01
2.705692834e+03  3.3017954e-01  5.51698e-04  3.30180e-01
2.705654182e+03  3.3007245e-01  5.51422e-04  3.30072e-01
2.705615530e+03  3.3014973e-01  5.52689e-04  3.30150e-01
2.705576879e+03  3.3010131e-01  5.53177e-04  3.30101e-01
2.705538229e+03  3.3007170e-01  5.52484e-04  3.30072e-01
2.705499579e+03  3.2998582e-01  5.52985e-04  3.29986e-01
2.705460929e+03  3.2967162e-01  5.52190e-04  3.29672e-01
2.705422280e+03  3.2930539e-01  5.50984e-04  3.29305e-01
2.705383632e+03  3.2797219e-01  5.49773e-04  3.27972e-01
2.705344984e+03  3.2851043e-01  5.50307e-04  3.28510e-01
2.705306337e+03  3.2851615e-01  5.49934e-04  3.28516e-01
2.705267690e+03  3.2773030e-01  5.49429e-04  3.27730e-01
2.705229044e+03  3.2642119e-01  5.48900e-04  3.26421e-01
2.705190399e+03  3.2619691e-01  5.48823e-04  3.26197e-01
2.705151753e+03  3.2768017e-01  5.51454e-04  3.27680e-01
2.705113109e+03  3.2833829e-01  5.51626e-04  3.28338e-01
2.705074465e+03  3.2843572e-01  5.50782e-04  3.28436e-01
2.705035822e+03  3.2592157e-01  5.49189e-04  3.25922e-01
2.704997179e+03  3.2786245e-01  5.50249e-04  3.27862e-01
2.704958537e+03  3.2662740e-01  5.49646e-04  3.26627e-01
2.704919895e+03  3.2672072e-01  5.50254e-04  3.26721e-01
2.704881254e+03  3.2644746e-01  5.51177e-04  3.26447e-01
2.704842613e+03  3.2318541e-01  5.51256e-04  3.23185e-01
2.704803973e+03  3.1389536e-01  5.50248e-04  3.13895e-01
2.704765334e+03  3.0401157e-01  5.64174e-04  3.04012e-01
2.704726695e+03  3.1364499e-01  6.46911e-04  3.13645e-01
2.704688056e+03  3.2298518e-01  5.80349e-04  3.22985e-01
2.704649418e+03  3.2580145e-01  5.72862e-04  3.25801e-01
2.704610781e+03  3.2519656e-01  6.27699e-04  3.25197e-01
2.704572144e+03  3.2534914e-01  6.01262e-04  3.25349e-01
2.704533508e+03  3.2237338e-01  5.99189e-04  3.22373e-01
2.704494873e+03  3.1400231e-01  5.57000e-04  3.14002e-01
2.704456237e+03  3.0017073e-01  5.42778e-04  3.00171e-01
2.704417603e+03  3.0438927e-01  5.41129e-04  3.04389e-01
2.704378969e+03  3.1829472e-01  5.47547e-04  3.18295e-01
2.704340335e+03  3.2379624e-01  5.50216e-04  3.23796e-01
2.704301703e+03  3.2355336e-01  5.50975e-04  3.23553e-01
2.704263070e+03  3.2615237e-01  5.51043e-04  3.26152e-01
2.704224438e+03  3.2629057e-01  5.50913e-04  3.26291e-01
2.704185807e+03  3.2575787e-01  5.49748e-04  3.25758e-01
2.704147177e+03  3.2459476e-01  5.49753e-04  3.24595e-01
2.704108546e+03  3.2188215e-01  5.53235e-04  3.21882e-01
2.704069917e+03  3.1411258e-01  5.42727e-04  3.14113e-01
2.704031288e+03  2.9790403e-01  5.30293e-04  2.97904e-01
2.703992659e+03  2.9544182e-01  5.27813e-04  2.95442e-01
2.703954031e+03  3.0625203e-01  5.34984e-04  3.06252e-01
2.703915404e+03  3.0401431e-01  5.33460e-04  3.04014e-01
2.703876777e+03  2.8386167e-01  5.20083e-04  2.83862e-01
2.703838151e+03  2.7039647e-01  5.10463e-04  2.70396e-01
2.703799525e+03  2.9435402e-01  5.26861e-04  2.94354e-01
2.703760900e+03  3.1348727e-01  5.39801e-04  3.13487e-01
2.703722276e+03  3.2064041e-01  5.45222e-04  3.20640e-01
2.703683652e+03  3.2394048e-01  5.47236e-04  3.23940e-01
2.703645028e+03  3.2574031e-01  5.49079e-04  3.25740e-01
2.703606405e+03  3.2678021e-01  5.51759e-04  3.26780e-01
2.703567783e+03  3.2623205e-01  5.55383e-04  3.26232e-01
2.703529161e+03  3.2787789e-01  5.50583e-04  3.27878e-01
2.703490540e+03  3.2817824e-01  5.49772e-04  3.28178e-01
2.703451919e+03  3.2757150e-01  5.49225e-04  3.27572e-01
2.703413299e+03  3.2669612e-01  5.49123e-04  3.26696e-01
2.703374679e+03  3.2790551e-01  5.50923e-04  3.27906e-01
2.703336060e+03  3.2862798e-01  5.55898e-04  3.28628e-01
2.703297441e+03  3.2883824e-01  5.53892e-04  3.28838e-01
2.703258823e+03  3.2840781e-01  5.53915e-04  3.28408e-01
2.703220206e+03  3.2897440e-01  5.51850e-04  3.28974e-01
2.703181589e+03  3.2894134e-01  5.51927e-04  3.28941e-01
2.703142973e+03  3.2902721e-01  5.53082e-04  3.29027e-01
2.703104357e+03  3.2893907e-01  5.55994e-04  3.28939e-01
2.703065742e+03  3.2877675e-01  5.57336e-04  3.28777e-01
2.703027127e+03  3.2883099e-01  5.53421e-04  3.28831e-01
2.702988513e+03  3.2908139e-01  5.51817e-04  3.29081e-01
2.702949899e+03  3.2915038e-01  5.52333e-04  3.29150e-01
2.702911286e+03  3.2914569e-01  5.53380e-04  3.29146e-01
2.702872674e+03  3.2909976e-01  5.54392e-04  3.29100e-01
2.702834062e+03  3.2843829e-01  5.61511e-04  3.28438e-01
2.702795451e+03  3.2908627e-01  5.71074e-04  3.29086e-01
2.702756840e+03  3.2909871e-01  5.57892e-04  3.29099e-01
2.702718230e+03  3.2910592e-01  5.62198e-04  3.29106e-01
2.702679620e+03  3.2909425e-01  5.63436e-04  3.29094e-01
2.702641011e+03  3.2896615e-01  5.69410e-04  3.28966e-01
2.702602402e+03  3.2880596e-01  5.55235e-04  3.28806e-01
2.702563794e+03  3.2799323e-01  5.51243e-04  3.27993e-01
2.702525187e+03  3.2647939e-01  5.49495e-04  3.26479e-01
2.702486580e+03  3.2735607e-01  5.51235e-04  3.27356e-01
2.702447973e+03  3.2805307e-01  5.52507e-04  3.28053e-01
2.702409367e+03  3.2746689e-01  5.56197e-04  3.27467e-01
2.702370762e+03  3.2645598e-01  5.51742e-04  3.26456e-01
2.702332157e+03  3.2569805e-01  5.50641e-04  3.25698e-01
2.702293553e+03  3.2492869e-01  5.49706e-04  3.24929e-01
2.702254949e+03  3.2719568e-01  5.52423e-04  3.27196e-01
2.702216346e+03  3.2700198e-01  5.55675e-04  3.27002e-01
2.702177744e+03  3.2701442e-01  5.64776e-04  3.27014e-01
2.702139142e+03  3.2837400e-01  5.75141e-04  3.28374e-01
2.702100540e+03  3.2864106e-01  5.73123e-04  3.28641e-01
2.702061939e+03  3.2867440e-01  5.62610e-04  3.28674e-01
2.702023339e+03  3.2864168e-01  5.61604e-04  3.28642e-01
2.701984739e+03  3.2843943e-01  5.54444e-04  3.28439e-01
2.701946140e+03  3.2853588e-01  5.54623e-04  3.28536e-01
2.701907541e+03  3.2869054e-01  5.65268e-04  3.28691e-01
2.701868943e+03  3.2872663e-01  5.55308e-04  3.28727e-01
2.701830346e+03  3.2878758e-01  5.51364e-04  3.28788e-01
2.701791749e+03  3.2880657e-01  5.50939e-04  3.28807e-01
2.701753152e+03  3.2878240e-01  5.50934e-04  3.28782e-01
2.701714556e+03  3.2878819e-01  5.50480e-04  3.28788e-01
2.701675961e+03  3.2866998e-01  5.50884e-04  3.28670e-01
2.701637366e+03  3.2871336e-01  5.51268e-04  3.28713e-01
2.701598772e+03  3.2853579e-01  5.50992e-04  3.28536e-01
2.701560178e+03  3.2850643e-01  5.50072e-04  3.28506e-01
2.701521585e+03  3.2862452e-01  5.50927e-04  3.28625e-01
2.701482992e+03  3.2863779e-01  5.50133e-04  3.28638e-01
2.701444400e+03  3.2845319e-01  5.49189e-04  3.28453e-01
2.701405809e+03  3.2851598e-01  5.49159e-04  3.28516e-01
2.701367218e+03  3.2793505e-01  5.48861e-04  3.27935e-01
2.701328627e+03  3.2868725e-01  5.49624e-04  3.28687e-01
2.701290038e+03  3.2875837e-01  5.49882e-04  3.28758e-01
2.701251448e+03  3.2866031e-01  5.49707e-04  3.28660e-01
2.701212860e+03  3.2863842e-01  5.49219e-04  3.28638e-01
2.701174271e+03  3.2855546e-01  5.49041e-04  3.28555e-01
2.701135684e+03  3.2857846e-01  5.49051e-04  3.28578e-01
2.701097097e+03  3.2857629e-01  5.49072e-04  3.28576e-01
2.701058510e+03  3.2861454e-01  5.49593e-04  3.28615e-01
2.701019924e+03  3.2864854e-01  5.49292e-04  3.28649e-01
2.700981339e+03  3.2865935e-01  5.49256e-04  3.28659e-01
2.700942754e+03  3.2857090e-01  5.49523e-04  3.28571e-01
2.700904169e+03  3.2844042e-01  5.50057e-04  3.28440e-01
2.700865586e+03  3.2837259e-01  5.50497e-04  3.28373e-01
2.700827002e+03  3.2834739e-01  5.49361e-04  3.28347e-01
2.700788420e+03  3.2836321e-01  5.48983e-04  3.28363e-01
2.700749837e+03  3.2836458e-01  5.48938e-04  3.28365e-01
2.700711256e+03  3.2832622e-01  5.48925e-04  3.28326e-01
2.700672675e+03  3.2819155e-01  5.49011e-04  3.28192e-01
2.700634094e+03  3.2657694e-01  5.48371e-04  3.26577e-01
2.700595514e+03  3.2776385e-01  5.50149e-04  3.27764e-01
2.700556935e+03  3.2795190e-01  5.49124e-04  3.27952e-01
2.700518356e+03  3.2811982e-01  5.49143e-04  3.28120e-01
2.700479778e+03  3.2815310e-01  5.49105e-04  3.28153e-01
2.700441200e+03  3.2810904e-01  5.49306e-04  3.28109e-01
2.700402623e+03  3.2805264e-01  5.51473e-04  3.28053e-01
2.700364046e+03  3.2814189e-01  5.53782e-04  3.28142e-01
2.700325470e+03  3.2824027e-01  5.50295e-04  3.28240e-01
2.700286895e+03  3.2812527e-01  5.49951e-04  3.28125e-01
2.700248320e+03  3.2819565e-01  5.49156e-04  3.28196e-01
2.700209745e+03  3.2827191e-01  5.49347e-04  3.28272e-01
2.700171171e+03  3.2820954e-01  5.49667e-04  3.28210e-01
2.700132598e+03  3.2803919e-01  5.48886e-04  3.28039e-01
2.700094025e+03  3.2810986e-01  5.48869e-04  3.28110e-01
2.700055453e+03  3.2809561e-01  5.48759e-04  3.28096e-01
2.700016882e+03  3.2800032e-01  5.48800e-04  3.28000e-01