# ------------------------------------------------------------------------
# Radiance spectrum
# NASA-GSFC Planetary Spectrum Generator (PSG) (Villanueva et al. 2018, 2022)
# Synthesized on Fri Aug 15 21:18:06 2025
# Doppler velocities [km/s] (vobs,vrot+vorb,vwidth,vrfl,vstr): -17.63700,-0.00000,0.01000,-1.06846,0.00000
# ------------------------------------------------------------------------
# Spectra synthesized with the Planetary and Universal Model of Atmospheric Scattering (PUMAS, Villanueva et al. 2018, 2022)
# Single scattering radiative transfer method
# Radiative transfer took 0.189 seconds
# ------------------------------------------------------------------------
# Spectral unit: Frequency[cm-1]
# Radiance unit: Spectral radiance [W/sr/m2/um]
# Wave/freq Total Noise Mars
2.740000000e+03  3.9449466e-01  6.00634e-04  3.94495e-01
2.739960858e+03  3.9381106e-01  5.97248e-04  3.93811e-01
2.739921716e+03  3.9401083e-01  5.96536e-04  3.94011e-01
2.739882575e+03  3.9328043e-01  5.95683e-04  3.93280e-01
2.739843434e+03  3.9307199e-01  5.95539e-04  3.93072e-01
2.739804294e+03  3.9387595e-01  5.96157e-04  3.93876e-01
2.739765155e+03  3.9156461e-01  5.95012e-04  3.91565e-01
2.739726016e+03  3.9429897e-01  5.97151e-04  3.94299e-01
2.739686877e+03  3.9539718e-01  5.98821e-04  3.95397e-01
2.739647739e+03  3.9305310e-01  5.99360e-04  3.93053e-01
2.739608602e+03  3.9546823e-01  6.05222e-04  3.95468e-01
2.739569465e+03  3.9508919e-01  6.04565e-04  3.95089e-01
2.739530329e+03  3.9536139e-01  6.04048e-04  3.95361e-01
2.739491194e+03  3.9424189e-01  6.05659e-04  3.94242e-01
2.739452059e+03  3.2710052e-01  5.61450e-04  3.27101e-01
2.739412924e+03  3.9503777e-01  6.02665e-04  3.95038e-01
2.739373790e+03  3.9540655e-01  6.02976e-04  3.95407e-01
2.739334657e+03  3.9517591e-01  6.05722e-04  3.95176e-01
2.739295524e+03  3.9362717e-01  6.28451e-04  3.93627e-01
2.739256392e+03  3.9338832e-01  6.15172e-04  3.93388e-01
2.739217260e+03  3.9378828e-01  6.05305e-04  3.93788e-01
2.739178129e+03  3.9288979e-01  6.03026e-04  3.92890e-01
2.739138999e+03  3.9454587e-01  6.05320e-04  3.94546e-01
2.739099869e+03  3.8892368e-01  6.05832e-04  3.88924e-01
2.739060739e+03  3.6455974e-01  5.96207e-04  3.64560e-01
2.739021610e+03  3.9501600e-01  6.28391e-04  3.95016e-01
2.738982482e+03  3.9523659e-01  6.52962e-04  3.95237e-01
2.738943354e+03  3.9369659e-01  7.02444e-04  3.93697e-01
2.738904227e+03  3.9456182e-01  7.24104e-04  3.94562e-01
2.738865100e+03  3.9491786e-01  6.86896e-04  3.94918e-01
2.738825974e+03  3.9456583e-01  7.00153e-04  3.94566e-01
2.738786849e+03  3.3232029e-01  6.46921e-04  3.32320e-01
2.738747724e+03  3.9075409e-01  6.39181e-04  3.90754e-01
2.738708599e+03  3.9444821e-01  6.57022e-04  3.94448e-01
2.738669476e+03  3.9430974e-01  6.28348e-04  3.94310e-01
2.738630352e+03  3.9481004e-01  6.11330e-04  3.94810e-01
2.738591229e+03  3.9479737e-01  6.06157e-04  3.94797e-01
2.738552107e+03  3.9353069e-01  6.01359e-04  3.93531e-01
2.738512986e+03  3.9206934e-01  5.99303e-04  3.92069e-01
2.738473865e+03  3.9282319e-01  5.98878e-04  3.92823e-01
2.738434744e+03  3.9400783e-01  5.99147e-04  3.94008e-01
2.738395624e+03  3.9467838e-01  5.99520e-04  3.94678e-01
2.738356505e+03  3.9506572e-01  6.00151e-04  3.95066e-01
2.738317386e+03  3.9508009e-01  6.00774e-04  3.95080e-01
2.738278268e+03  3.9515752e-01  6.01893e-04  3.95158e-01
2.738239150e+03  3.9488533e-01  6.04486e-04  3.94885e-01
2.738200033e+03  3.8289520e-01  6.07321e-04  3.82895e-01
2.738160916e+03  3.9393030e-01  6.64889e-04  3.93930e-01
2.738121800e+03  3.9229378e-01  6.34867e-04  3.92294e-01
2.738082685e+03  3.3089852e-01  5.94078e-04  3.30899e-01
2.738043570e+03  3.9389916e-01  6.43931e-04  3.93899e-01
2.738004456e+03  3.9497281e-01  6.27001e-04  3.94973e-01
2.737965342e+03  3.9496992e-01  6.12206e-04  3.94970e-01
2.737926229e+03  3.9464410e-01  6.06532e-04  3.94644e-01
2.737887116e+03  3.9465930e-01  6.01766e-04  3.94659e-01
2.737848004e+03  3.9469575e-01  5.99696e-04  3.94696e-01
2.737808892e+03  3.9479194e-01  5.98702e-04  3.94792e-01
2.737769781e+03  3.9471374e-01  5.98164e-04  3.94714e-01
2.737730671e+03  3.9459052e-01  5.99028e-04  3.94591e-01
2.737691561e+03  3.9460531e-01  5.97578e-04  3.94605e-01
2.737652452e+03  3.9470775e-01  5.97308e-04  3.94708e-01
2.737613343e+03  3.9464540e-01  5.99822e-04  3.94645e-01
2.737574235e+03  3.9459311e-01  6.02037e-04  3.94593e-01
2.737535127e+03  3.9445808e-01  5.97000e-04  3.94458e-01
2.737496020e+03  3.9426332e-01  5.97666e-04  3.94263e-01
2.737456913e+03  3.9403574e-01  5.99894e-04  3.94036e-01
2.737417807e+03  3.8115518e-01  5.91113e-04  3.81155e-01
2.737378702e+03  3.4760374e-01  5.70641e-04  3.47604e-01
2.737339597e+03  3.9392388e-01  6.03549e-04  3.93924e-01
2.737300493e+03  3.9297750e-01  6.01211e-04  3.92977e-01
2.737261389e+03  3.8123029e-01  6.06107e-04  3.81230e-01
2.737222286e+03  3.9387659e-01  6.17507e-04  3.93877e-01
2.737183183e+03  3.9411212e-01  6.60745e-04  3.94112e-01
2.737144081e+03  3.9417568e-01  6.46287e-04  3.94176e-01
2.737104980e+03  3.9428713e-01  6.53052e-04  3.94287e-01
2.737065879e+03  3.9440643e-01  6.36267e-04  3.94406e-01
2.737026778e+03  3.9449563e-01  6.20375e-04  3.94496e-01
2.736987679e+03  3.9433938e-01  6.05632e-04  3.94339e-01
2.736948579e+03  3.9431422e-01  6.00845e-04  3.94314e-01
2.736909481e+03  3.9428243e-01  6.00870e-04  3.94282e-01
2.736870382e+03  3.9437393e-01  5.98264e-04  3.94374e-01
2.736831285e+03  3.9407589e-01  5.97291e-04  3.94076e-01
2.736792188e+03  3.9444820e-01  5.98748e-04  3.94448e-01
2.736753091e+03  3.9433053e-01  5.96979e-04  3.94331e-01
2.736713995e+03  3.3941587e-01  5.62723e-04  3.39416e-01
2.736674900e+03  3.9433797e-01  6.01675e-04  3.94338e-01
2.736635805e+03  3.9466801e-01  6.00977e-04  3.94668e-01
2.736596711e+03  3.9463809e-01  5.97042e-04  3.94638e-01
2.736557617e+03  3.9423403e-01  5.98569e-04  3.94234e-01
2.736518524e+03  3.9453145e-01  5.99851e-04  3.94531e-01
2.736479432e+03  3.9459488e-01  5.96376e-04  3.94595e-01
2.736440340e+03  3.9429505e-01  5.95873e-04  3.94295e-01
2.736401248e+03  3.9401847e-01  5.95895e-04  3.94018e-01
2.736362157e+03  3.9457542e-01  5.96914e-04  3.94575e-01
2.736323067e+03  3.9469479e-01  5.98379e-04  3.94695e-01
2.736283977e+03  3.9002466e-01  5.97618e-04  3.90025e-01
2.736244888e+03  3.9454750e-01  5.99716e-04  3.94547e-01
2.736205799e+03  3.9467995e-01  6.04348e-04  3.94680e-01
2.736166711e+03  3.9460229e-01  6.10793e-04  3.94602e-01
2.736127624e+03  3.9456164e-01  6.26650e-04  3.94562e-01
2.736088537e+03  3.9452180e-01  6.43040e-04  3.94522e-01
2.736049450e+03  3.7386540e-01  6.43211e-04  3.73865e-01
2.736010365e+03  3.6352267e-01  5.96718e-04  3.63523e-01
2.735971279e+03  3.9442455e-01  6.05385e-04  3.94425e-01
2.735932194e+03  3.9445766e-01  6.01826e-04  3.94458e-01
2.735893110e+03  3.9444755e-01  5.99807e-04  3.94448e-01
2.735854027e+03  3.9236496e-01  5.98481e-04  3.92365e-01
2.735814944e+03  3.9380820e-01  5.99169e-04  3.93808e-01
2.735775861e+03  3.9382295e-01  6.00066e-04  3.93823e-01
2.735736779e+03  3.9422424e-01  5.99852e-04  3.94224e-01
2.735697698e+03  3.9425274e-01  6.03121e-04  3.94253e-01
2.735658617e+03  3.9424557e-01  6.02874e-04  3.94246e-01
2.735619537e+03  3.9369868e-01  6.00791e-04  3.93699e-01
2.735580457e+03  3.9311539e-01  5.96981e-04  3.93115e-01
2.735541378e+03  3.9368950e-01  5.96709e-04  3.93690e-01
2.735502299e+03  3.9400935e-01  5.96739e-04  3.94009e-01
2.735463221e+03  3.9398372e-01  5.98497e-04  3.93984e-01
2.735424144e+03  3.9389966e-01  5.99762e-04  3.93900e-01
2.735385067e+03  3.9362436e-01  6.00991e-04  3.93624e-01
2.735345990e+03  3.4650588e-01  5.66271e-04  3.46506e-01
2.735306914e+03  3.9382934e-01  5.95511e-04  3.93829e-01
2.735267839e+03  3.9391228e-01  5.95159e-04  3.93912e-01
2.735228765e+03  3.9386925e-01  5.96617e-04  3.93869e-01
2.735189690e+03  3.9391189e-01  5.96659e-04  3.93912e-01
2.735150617e+03  3.9410518e-01  5.96192e-04  3.94105e-01
2.735111544e+03  3.9416440e-01  5.98632e-04  3.94164e-01
2.735072471e+03  3.9388831e-01  5.95863e-04  3.93888e-01
2.735033399e+03  3.9358148e-01  5.98979e-04  3.93581e-01
2.734994328e+03  3.9428900e-01  5.97433e-04  3.94289e-01
2.734955257e+03  3.9418218e-01  5.97103e-04  3.94182e-01
2.734916187e+03  3.9419832e-01  6.04943e-04  3.94198e-01
2.734877117e+03  3.9393236e-01  5.98685e-04  3.93932e-01
2.734838048e+03  3.9418752e-01  5.95502e-04  3.94188e-01
2.734798980e+03  3.9425315e-01  5.94889e-04  3.94253e-01
2.734759912e+03  3.9427971e-01  5.94779e-04  3.94280e-01
2.734720844e+03  3.9413653e-01  5.95190e-04  3.94137e-01
2.734681777e+03  3.5094044e-01  5.67446e-04  3.50940e-01
2.734642711e+03  3.9346300e-01  5.95254e-04  3.93463e-01
2.734603645e+03  3.9385909e-01  5.97579e-04  3.93859e-01
2.734564580e+03  3.9381742e-01  5.96603e-04  3.93817e-01
2.734525515e+03  3.9386668e-01  6.01240e-04  3.93867e-01
2.734486451e+03  3.9382314e-01  6.03574e-04  3.93823e-01
2.734447388e+03  3.9382355e-01  6.11828e-04  3.93824e-01
2.734408325e+03  3.9377859e-01  6.05066e-04  3.93779e-01
2.734369262e+03  3.9376759e-01  5.96844e-04  3.93768e-01
2.734330201e+03  3.9373522e-01  5.95729e-04  3.93735e-01
2.734291139e+03  3.9336704e-01  5.94727e-04  3.93367e-01
2.734252078e+03  3.9372335e-01  5.94512e-04  3.93723e-01
2.734213018e+03  3.9370934e-01  5.94211e-04  3.93709e-01
2.734173959e+03  3.9369511e-01  5.94256e-04  3.93695e-01
2.734134900e+03  3.9354943e-01  5.94100e-04  3.93549e-01
2.734095841e+03  3.9378596e-01  5.94664e-04  3.93786e-01
2.734056783e+03  3.9375521e-01  5.94382e-04  3.93755e-01
2.734017726e+03  3.9059714e-01  5.92749e-04  3.90597e-01
2.733978669e+03  3.5670119e-01  5.72999e-04  3.56701e-01
2.733939613e+03  3.9115415e-01  5.99161e-04  3.91154e-01
2.733900557e+03  3.9168562e-01  6.01594e-04  3.91686e-01
2.733861502e+03  3.9168469e-01  6.02485e-04  3.91685e-01
2.733822447e+03  3.9084876e-01  6.02330e-04  3.90849e-01
2.733783393e+03  3.9240344e-01  6.13812e-04  3.92403e-01
2.733744340e+03  3.9255386e-01  6.05692e-04  3.92554e-01
2.733705287e+03  3.8894190e-01  5.99062e-04  3.88942e-01
2.733666234e+03  3.8926252e-01  6.00005e-04  3.89263e-01
2.733627182e+03  3.9135293e-01  5.96317e-04  3.91353e-01
2.733588131e+03  3.9133400e-01  5.98457e-04  3.91334e-01
2.733549081e+03  3.9009227e-01  5.95344e-04  3.90092e-01
2.733510030e+03  3.8808679e-01  5.91640e-04  3.88087e-01
2.733470981e+03  3.8172581e-01  5.89326e-04  3.81726e-01
2.733431932e+03  3.6223161e-01  5.74724e-04  3.62232e-01
2.733392883e+03  3.4352359e-01  5.62292e-04  3.43524e-01
2.733353835e+03  3.6214266e-01  5.74978e-04  3.62143e-01
2.733314788e+03  3.4692130e-01  5.64732e-04  3.46921e-01
2.733275741e+03  3.8678553e-01  5.90722e-04  3.86786e-01
2.733236695e+03  3.8807374e-01  5.91789e-04  3.88074e-01
2.733197649e+03  3.9081589e-01  5.96095e-04  3.90816e-01
2.733158604e+03  3.9234006e-01  6.04203e-04  3.92340e-01
2.733119560e+03  3.9276385e-01  5.99802e-04  3.92764e-01
2.733080516e+03  3.9279902e-01  5.98766e-04  3.92799e-01
2.733041472e+03  3.9295726e-01  6.12013e-04  3.92957e-01
2.733002429e+03  3.9312223e-01  6.08299e-04  3.93122e-01
2.732963387e+03  3.9331849e-01  6.01726e-04  3.93318e-01
2.732924345e+03  3.9331383e-01  5.96793e-04  3.93314e-01
2.732885304e+03  3.9335814e-01  5.95496e-04  3.93358e-01
2.732846263e+03  3.9285034e-01  5.95390e-04  3.92850e-01
2.732807223e+03  3.9225064e-01  5.95783e-04  3.92251e-01
2.732768184e+03  3.9261229e-01  5.98794e-04  3.92612e-01
2.732729145e+03  3.9333657e-01  6.16108e-04  3.93337e-01
2.732690106e+03  3.9327593e-01  6.20135e-04  3.93276e-01
2.732651068e+03  3.6158317e-01  5.80704e-04  3.61583e-01
2.732612031e+03  3.9281778e-01  5.98940e-04  3.92818e-01
2.732572994e+03  3.9296881e-01  6.00568e-04  3.92969e-01
2.732533958e+03  3.9296219e-01  6.07998e-04  3.92962e-01
2.732494922e+03  3.9240011e-01  6.22043e-04  3.92400e-01
2.732455887e+03  3.9280851e-01  6.12688e-04  3.92809e-01
2.732416853e+03  3.9337974e-01  6.02509e-04  3.93380e-01
2.732377819e+03  3.9346155e-01  5.98637e-04  3.93462e-01
2.732338785e+03  3.9236225e-01  5.95604e-04  3.92362e-01
2.732299753e+03  3.8635805e-01  5.90856e-04  3.86358e-01
2.732260720e+03  3.8531346e-01  5.91230e-04  3.85313e-01
2.732221689e+03  3.8910780e-01  5.91968e-04  3.89108e-01
2.732182657e+03  3.8997793e-01  5.92024e-04  3.89978e-01
2.732143627e+03  3.9255475e-01  5.93580e-04  3.92555e-01
2.732104597e+03  3.9305903e-01  5.93821e-04  3.93059e-01
2.732065567e+03  3.9307881e-01  5.93962e-04  3.93079e-01
2.732026538e+03  3.9155760e-01  5.92758e-04  3.91558e-01
2.731987510e+03  3.6273941e-01  5.74867e-04  3.62739e-01
2.731948482e+03  3.9124944e-01  5.92795e-04  3.91249e-01
2.731909455e+03  3.9278425e-01  5.93795e-04  3.92784e-01
2.731870428e+03  3.9292078e-01  5.94150e-04  3.92921e-01
2.731831402e+03  3.9332243e-01  5.97034e-04  3.93322e-01
2.731792376e+03  3.9350861e-01  5.97879e-04  3.93509e-01
2.731753351e+03  3.9347297e-01  5.96195e-04  3.93473e-01
2.731714327e+03  3.9325817e-01  5.94357e-04  3.93258e-01
2.731675303e+03  3.9203219e-01  5.93587e-04  3.92032e-01
2.731636279e+03  3.9089848e-01  5.92846e-04  3.90898e-01
2.731597257e+03  3.9174665e-01  5.93571e-04  3.91747e-01
2.731558234e+03  3.9310471e-01  5.95488e-04  3.93105e-01
2.731519213e+03  3.9336076e-01  5.96494e-04  3.93361e-01
2.731480191e+03  3.9321617e-01  6.03568e-04  3.93216e-01
2.731441171e+03  3.9306791e-01  6.01339e-04  3.93068e-01
2.731402151e+03  3.9233368e-01  5.96046e-04  3.92334e-01
2.731363131e+03  3.9141452e-01  5.94710e-04  3.91415e-01
2.731324112e+03  3.6668994e-01  5.79480e-04  3.66690e-01
2.731285094e+03  3.9144744e-01  5.96365e-04  3.91447e-01
2.731246076e+03  3.9276268e-01  5.98733e-04  3.92763e-01
2.731207059e+03  3.9290712e-01  5.98200e-04  3.92907e-01
2.731168042e+03  3.9286675e-01  5.99500e-04  3.92867e-01
2.731129026e+03  3.9278171e-01  6.01881e-04  3.92782e-01
2.731090011e+03  3.7021152e-01  5.91476e-04  3.70212e-01
2.731050996e+03  3.9190156e-01  6.08568e-04  3.91902e-01
2.731011981e+03  3.9316880e-01  6.20167e-04  3.93169e-01
2.730972967e+03  3.9325360e-01  6.44458e-04  3.93254e-01
2.730933954e+03  3.9328948e-01  6.76087e-04  3.93289e-01
2.730894941e+03  3.9328544e-01  6.60193e-04  3.93285e-01
2.730855929e+03  3.9316465e-01  6.27987e-04  3.93165e-01
2.730816917e+03  3.9306021e-01  6.11891e-04  3.93060e-01
2.730777906e+03  3.9257400e-01  6.04193e-04  3.92574e-01
2.730738896e+03  3.9085817e-01  5.99426e-04  3.90858e-01
2.730699886e+03  3.9056383e-01  5.97700e-04  3.90564e-01
2.730660876e+03  3.7148984e-01  5.85884e-04  3.71490e-01
2.730621867e+03  3.9275021e-01  6.03204e-04  3.92750e-01
2.730582859e+03  3.9308207e-01  5.97819e-04  3.93082e-01
2.730543851e+03  3.9234982e-01  5.95685e-04  3.92350e-01
2.730504844e+03  3.8856039e-01  5.93636e-04  3.88560e-01
2.730465837e+03  3.8958732e-01  5.93590e-04  3.89587e-01
2.730426831e+03  3.9288816e-01  5.95185e-04  3.92888e-01
2.730387826e+03  3.9300261e-01  5.95298e-04  3.93003e-01
2.730348821e+03  3.9206734e-01  5.95405e-04  3.92067e-01
2.730309816e+03  3.9282320e-01  5.98939e-04  3.92823e-01
2.730270812e+03  3.9289507e-01  6.00655e-04  3.92895e-01
2.730231809e+03  3.9251166e-01  5.95976e-04  3.92512e-01
2.730192806e+03  3.9164926e-01  5.96199e-04  3.91649e-01
2.730153804e+03  3.8984145e-01  5.94899e-04  3.89841e-01
2.730114802e+03  3.8780772e-01  5.98230e-04  3.87808e-01
2.730075801e+03  3.8438999e-01  5.93965e-04  3.84390e-01
2.730036801e+03  3.8926831e-01  5.95923e-04  3.89268e-01
2.729997801e+03  3.7390704e-01  5.87837e-04  3.73907e-01
2.729958801e+03  3.9229817e-01  6.04376e-04  3.92298e-01
2.729919803e+03  3.9265898e-01  6.13996e-04  3.92659e-01
2.729880804e+03  3.9225598e-01  6.16458e-04  3.92256e-01
2.729841807e+03  3.8516400e-01  6.03500e-04  3.85164e-01
2.729802809e+03  3.9282802e-01  6.04675e-04  3.92828e-01
2.729763813e+03  3.9270366e-01  6.07150e-04  3.92704e-01
2.729724817e+03  3.9290477e-01  6.15906e-04  3.92905e-01
2.729685821e+03  3.9290429e-01  6.35398e-04  3.92904e-01
2.729646826e+03  3.9309413e-01  6.38397e-04  3.93094e-01
2.729607832e+03  3.9228772e-01  6.67196e-04  3.92288e-01
2.729568838e+03  3.9280548e-01  6.97611e-04  3.92805e-01
2.729529845e+03  3.9283285e-01  6.26224e-04  3.92833e-01
2.729490852e+03  3.9272325e-01  6.05312e-04  3.92723e-01
2.729451860e+03  3.9258253e-01  6.00851e-04  3.92583e-01
2.729412868e+03  3.9257146e-01  6.02496e-04  3.92571e-01
2.729373877e+03  3.9258378e-01  6.16455e-04  3.92584e-01
2.729334887e+03  3.7712425e-01  6.23669e-04  3.77124e-01
2.729295897e+03  3.9226178e-01  6.01963e-04  3.92262e-01
2.729256907e+03  3.9228564e-01  5.97066e-04  3.92286e-01
2.729217919e+03  3.9227449e-01  5.95598e-04  3.92274e-01
2.729178930e+03  3.9176916e-01  5.95266e-04  3.91769e-01
2.729139943e+03  3.9188894e-01  5.94482e-04  3.91889e-01
2.729100955e+03  3.9166865e-01  5.94094e-04  3.91669e-01
2.729061969e+03  3.9116550e-01  5.94155e-04  3.91165e-01
2.729022983e+03  3.9016269e-01  5.95001e-04  3.90163e-01
2.728983997e+03  3.8953607e-01  5.94931e-04  3.89536e-01
2.728945012e+03  3.8914886e-01  5.93288e-04  3.89149e-01
2.728906028e+03  3.8903313e-01  5.92219e-04  3.89033e-01
2.728867044e+03  3.8925866e-01  5.92018e-04  3.89259e-01
2.728828061e+03  3.8949327e-01  5.91821e-04  3.89493e-01
2.728789078e+03  3.9106724e-01  5.92957e-04  3.91067e-01
2.728750096e+03  3.9141209e-01  5.93861e-04  3.91412e-01
2.728711114e+03  3.9168738e-01  5.95345e-04  3.91687e-01
2.728672133e+03  3.7894605e-01  5.92235e-04  3.78946e-01
2.728633153e+03  3.9204602e-01  6.01375e-04  3.92046e-01
2.728594173e+03  3.9222662e-01  5.97920e-04  3.92227e-01
2.728555194e+03  3.9233463e-01  5.94881e-04  3.92335e-01
2.728516215e+03  3.9235534e-01  5.94845e-04  3.92355e-01
2.728477237e+03  3.9243104e-01  5.95565e-04  3.92431e-01
2.728438259e+03  3.9253308e-01  5.96480e-04  3.92533e-01
2.728399282e+03  3.9251970e-01  6.08048e-04  3.92520e-01
2.728360305e+03  3.9248627e-01  6.13966e-04  3.92486e-01
2.728321329e+03  3.9252037e-01  5.97637e-04  3.92520e-01
2.728282354e+03  3.9252756e-01  5.95097e-04  3.92528e-01
2.728243379e+03  3.9223242e-01  5.94799e-04  3.92232e-01
2.728204404e+03  3.9010344e-01  5.93704e-04  3.90103e-01
2.728165431e+03  3.9255142e-01  5.95303e-04  3.92551e-01
2.728126457e+03  3.9263302e-01  5.96736e-04  3.92633e-01
2.728087485e+03  3.9166731e-01  5.99150e-04  3.91667e-01
2.728048513e+03  3.9253669e-01  6.01955e-04  3.92537e-01
2.728009541e+03  3.8143128e-01  5.92303e-04  3.81431e-01
2.727970570e+03  3.9230367e-01  5.96669e-04  3.92304e-01
2.727931600e+03  3.9229147e-01  5.95869e-04  3.92291e-01
2.727892630e+03  3.9211133e-01  5.96326e-04  3.92111e-01
2.727853660e+03  3.9089589e-01  5.96346e-04  3.90896e-01
2.727814692e+03  3.9020944e-01  5.94316e-04  3.90209e-01
2.727775723e+03  3.9091073e-01  5.93938e-04  3.90911e-01
2.727736756e+03  3.9161057e-01  5.94061e-04  3.91611e-01
2.727697789e+03  3.9196026e-01  5.94562e-04  3.91960e-01
2.727658822e+03  3.9252195e-01  5.96036e-04  3.92522e-01
2.727619856e+03  3.9252827e-01  5.95395e-04  3.92528e-01
2.727580891e+03  3.9251261e-01  5.95714e-04  3.92513e-01
2.727541926e+03  3.9226130e-01  5.97053e-04  3.92261e-01
2.727502961e+03  3.9112709e-01  5.96377e-04  3.91127e-01
2.727463998e+03  3.9130941e-01  5.96206e-04  3.91309e-01
2.727425034e+03  3.9213056e-01  5.96052e-04  3.92131e-01
2.727386072e+03  3.9165070e-01  5.95933e-04  3.91651e-01
2.727347110e+03  3.8196475e-01  5.90552e-04  3.81965e-01
2.727308148e+03  3.9145366e-01  5.98827e-04  3.91454e-01
2.727269187e+03  3.9075997e-01  6.11474e-04  3.90760e-01
2.727230227e+03  3.9049213e-01  6.06065e-04  3.90492e-01
2.727191267e+03  3.9121548e-01  6.00555e-04  3.91215e-01
2.727152307e+03  3.9142863e-01  6.01093e-04  3.91429e-01
2.727113349e+03  3.9035072e-01  6.02863e-04  3.90351e-01
2.727074391e+03  3.9013116e-01  6.05946e-04  3.90131e-01
2.727035433e+03  3.9135092e-01  6.11306e-04  3.91351e-01
2.726996476e+03  3.9142916e-01  6.23616e-04  3.91429e-01
2.726957519e+03  3.9113551e-01  6.66998e-04  3.91136e-01
2.726918563e+03  3.9050634e-01  9.48715e-04  3.90506e-01
2.726879608e+03  3.9010190e-01  7.63498e-04  3.90102e-01
2.726840653e+03  3.9069994e-01  6.75187e-04  3.90700e-01
2.726801699e+03  3.8992311e-01  7.39356e-04  3.89923e-01
2.726762745e+03  3.8945915e-01  6.99178e-04  3.89459e-01
2.726723792e+03  3.8339964e-01  7.73322e-04  3.83400e-01
2.726684839e+03  3.9012296e-01  1.33037e-03  3.90123e-01
2.726645887e+03  3.8393543e-01  2.09442e-03  3.83935e-01
2.726606935e+03  3.7671164e-01  1.91722e-03  3.76712e-01
2.726567984e+03  3.8396974e-01  1.08203e-03  3.83970e-01
2.726529034e+03  3.8797542e-01  1.05040e-03  3.87975e-01
2.726490084e+03  3.9053887e-01  7.84170e-04  3.90539e-01
2.726451135e+03  3.9056199e-01  6.92373e-04  3.90562e-01
2.726412186e+03  3.8935915e-01  6.44757e-04  3.89359e-01
2.726373238e+03  3.9076436e-01  6.31579e-04  3.90764e-01
2.726334290e+03  3.5658977e-01  6.08558e-04  3.56590e-01
2.726295343e+03  3.8267999e-01  6.52226e-04  3.82680e-01
2.726256397e+03  3.9192235e-01  6.64701e-04  3.91922e-01
2.726217451e+03  3.9195733e-01  6.89860e-04  3.91957e-01
2.726178505e+03  3.9204763e-01  7.57040e-04  3.92048e-01
2.726139561e+03  3.9189885e-01  7.75113e-04  3.91899e-01
2.726100616e+03  3.9161985e-01  6.95390e-04  3.91620e-01
2.726061673e+03  3.8542426e-01  6.41337e-04  3.85424e-01
2.726022729e+03  3.9112962e-01  6.24509e-04  3.91130e-01
2.725983787e+03  3.8965282e-01  6.14336e-04  3.89653e-01
2.725944845e+03  3.8917916e-01  6.10247e-04  3.89179e-01
2.725905903e+03  3.9087970e-01  6.11388e-04  3.90880e-01
2.725866962e+03  3.8997482e-01  6.20941e-04  3.89975e-01
2.725828022e+03  3.7366205e-01  6.74737e-04  3.73662e-01
2.725789082e+03  3.9133046e-01  6.35623e-04  3.91330e-01
2.725750143e+03  3.9204417e-01  6.28715e-04  3.92044e-01
2.725711204e+03  3.9209236e-01  6.52834e-04  3.92092e-01
2.725672266e+03  3.9205695e-01  6.71862e-04  3.92057e-01
2.725633328e+03  3.9202297e-01  6.39978e-04  3.92023e-01
2.725594391e+03  3.9188371e-01  6.16574e-04  3.91884e-01
2.725555455e+03  3.9177395e-01  6.07393e-04  3.91774e-01
2.725516519e+03  3.9169644e-01  6.06716e-04  3.91696e-01
2.725477583e+03  3.9135664e-01  6.06230e-04  3.91357e-01
2.725438648e+03  3.8608598e-01  6.14133e-04  3.86086e-01
2.725399714e+03  3.9012971e-01  6.12205e-04  3.90130e-01
2.725360780e+03  3.9162588e-01  6.01653e-04  3.91626e-01
2.725321847e+03  3.9177550e-01  6.00905e-04  3.91775e-01
2.725282915e+03  3.9172596e-01  6.00416e-04  3.91726e-01
2.725243983e+03  3.9159605e-01  5.96548e-04  3.91596e-01
2.725205051e+03  3.9146637e-01  5.95582e-04  3.91466e-01
2.725166120e+03  3.9112646e-01  5.94648e-04  3.91126e-01
2.725127190e+03  3.9082579e-01  5.94606e-04  3.90826e-01
2.725088260e+03  3.8890749e-01  5.95307e-04  3.88907e-01
2.725049331e+03  3.9064360e-01  6.00258e-04  3.90644e-01
2.725010402e+03  3.9064433e-01  5.95186e-04  3.90644e-01
2.724971474e+03  3.8967015e-01  5.93863e-04  3.89670e-01
2.724932546e+03  3.9011742e-01  5.94509e-04  3.90117e-01
2.724893619e+03  3.9101865e-01  5.96154e-04  3.91019e-01
2.724854693e+03  3.9113543e-01  5.99809e-04  3.91135e-01
2.724815767e+03  3.9127705e-01  6.15703e-04  3.91277e-01
2.724776841e+03  3.8751732e-01  6.04334e-04  3.87517e-01
2.724737916e+03  3.9154595e-01  5.99667e-04  3.91546e-01
2.724698992e+03  3.9161015e-01  5.97235e-04  3.91610e-01
2.724660068e+03  3.9155936e-01  5.96103e-04  3.91559e-01
2.724621145e+03  3.9126388e-01  5.95754e-04  3.91264e-01
2.724582223e+03  3.9152715e-01  5.96259e-04  3.91527e-01
2.724543301e+03  3.9116908e-01  5.96729e-04  3.91169e-01
2.724504379e+03  3.9113381e-01  5.99266e-04  3.91134e-01
2.724465458e+03  3.9120326e-01  6.07336e-04  3.91203e-01
2.724426538e+03  3.9111729e-01  6.51493e-04  3.91117e-01
2.724387618e+03  3.9073354e-01  6.22375e-04  3.90734e-01
2.724348699e+03  3.8736183e-01  6.03444e-04  3.87362e-01
2.724309780e+03  3.9063392e-01  5.99694e-04  3.90634e-01
2.724270862e+03  3.9032613e-01  5.99803e-04  3.90326e-01
2.724231944e+03  3.8980720e-01  6.03243e-04  3.89807e-01
2.724193027e+03  3.8915528e-01  6.07266e-04  3.89155e-01
2.724154111e+03  3.8471966e-01  5.98727e-04  3.84720e-01
2.724115195e+03  3.8539816e-01  5.96672e-04  3.85398e-01
2.724076279e+03  3.8027118e-01  5.93532e-04  3.80271e-01
2.724037365e+03  3.6933724e-01  5.87920e-04  3.69337e-01
2.723998450e+03  3.5937821e-01  5.83609e-04  3.59378e-01
2.723959537e+03  3.6224989e-01  5.89994e-04  3.62250e-01
2.723920623e+03  3.5430779e-01  5.90132e-04  3.54308e-01
2.723881711e+03  3.8356429e-01  6.22243e-04  3.83564e-01
2.723842799e+03  3.7840259e-01  6.48608e-04  3.78403e-01
2.723803887e+03  3.8641075e-01  7.16645e-04  3.86411e-01
2.723764976e+03  3.8876712e-01  7.39765e-04  3.88767e-01
2.723726066e+03  3.8960527e-01  6.90147e-04  3.89605e-01
2.723687156e+03  3.8999581e-01  6.64372e-04  3.89996e-01
2.723648247e+03  3.9017471e-01  6.44459e-04  3.90175e-01
2.723609338e+03  3.8792815e-01  6.25559e-04  3.87928e-01
2.723570430e+03  3.8888383e-01  6.19657e-04  3.88884e-01
2.723531522e+03  3.8738113e-01  6.18953e-04  3.87381e-01
2.723492615e+03  3.3327007e-01  5.90265e-04  3.33270e-01
2.723453709e+03  3.8900314e-01  6.41902e-04  3.89003e-01
2.723414803e+03  3.8906819e-01  6.78389e-04  3.89068e-01
2.723375898e+03  3.8902211e-01  7.65177e-04  3.89022e-01
2.723336993e+03  3.8918368e-01  8.78959e-04  3.89184e-01
2.723298089e+03  3.8935903e-01  7.97895e-04  3.89359e-01
2.723259185e+03  3.8942727e-01  6.93171e-04  3.89427e-01
2.723220282e+03  3.8943525e-01  6.46676e-04  3.89435e-01
2.723181379e+03  3.8952461e-01  6.26208e-04  3.89525e-01
2.723142477e+03  3.8975429e-01  6.16114e-04  3.89754e-01
2.723103576e+03  3.9020909e-01  6.11164e-04  3.90209e-01
2.723064675e+03  3.9004216e-01  6.08685e-04  3.90042e-01
2.723025774e+03  3.9085153e-01  6.09756e-04  3.90852e-01
2.722986875e+03  3.9091587e-01  6.08871e-04  3.90916e-01
2.722947975e+03  3.9061441e-01  6.10173e-04  3.90614e-01
2.722909077e+03  3.9061325e-01  6.14297e-04  3.90613e-01
2.722870178e+03  3.8867442e-01  6.15925e-04  3.88674e-01
2.722831281e+03  3.3637047e-01  5.86234e-04  3.36370e-01
2.722792384e+03  3.8979712e-01  6.33655e-04  3.89797e-01
2.722753487e+03  3.9114459e-01  6.63557e-04  3.91145e-01
2.722714591e+03  3.9118538e-01  7.32961e-04  3.91185e-01
2.722675696e+03  3.9115861e-01  8.67135e-04  3.91159e-01
2.722636801e+03  3.9123047e-01  8.49461e-04  3.91230e-01
2.722597907e+03  3.9128673e-01  7.20352e-04  3.91287e-01
2.722559013e+03  3.9128275e-01  6.60771e-04  3.91283e-01
2.722520120e+03  3.9103235e-01  6.32110e-04  3.91032e-01
2.722481228e+03  3.9104894e-01  6.19775e-04  3.91049e-01
2.722442336e+03  3.9103823e-01  6.16211e-04  3.91038e-01
2.722403444e+03  3.9103534e-01  6.10356e-04  3.91035e-01
2.722364553e+03  3.9094095e-01  6.07888e-04  3.90941e-01
2.722325663e+03  3.9059917e-01  6.06667e-04  3.90599e-01
2.722286773e+03  3.9022068e-01  6.06330e-04  3.90221e-01
2.722247884e+03  3.8860927e-01  6.07057e-04  3.88609e-01
2.722208995e+03  3.9044762e-01  6.12921e-04  3.90448e-01
2.722170107e+03  3.9080420e-01  6.12582e-04  3.90804e-01
2.722131219e+03  3.9082766e-01  6.18009e-04  3.90828e-01
2.722092332e+03  3.4907068e-01  5.99316e-04  3.49071e-01
2.722053446e+03  3.6458728e-01  6.24823e-04  3.64587e-01
2.722014560e+03  3.7775048e-01  6.69363e-04  3.77750e-01
2.721975674e+03  3.9108749e-01  7.73588e-04  3.91087e-01
2.721936790e+03  3.9110180e-01  9.93862e-04  3.91102e-01
2.721897905e+03  3.9112114e-01  1.07238e-03  3.91121e-01
2.721859022e+03  3.8631327e-01  9.53702e-04  3.86313e-01
2.721820139e+03  3.9079511e-01  7.60916e-04  3.90795e-01
2.721781256e+03  3.9100354e-01  6.79984e-04  3.91004e-01
2.721742374e+03  3.9108452e-01  6.52093e-04  3.91085e-01
2.721703492e+03  3.9107290e-01  6.44191e-04  3.91073e-01
2.721664612e+03  3.9113199e-01  6.29264e-04  3.91132e-01
2.721625731e+03  3.8994972e-01  6.15682e-04  3.89950e-01
2.721586851e+03  3.9119666e-01  6.10614e-04  3.91197e-01
2.721547972e+03  3.9114417e-01  6.07014e-04  3.91144e-01
2.721509093e+03  3.9102397e-01  6.10504e-04  3.91024e-01
2.721470215e+03  3.9102098e-01  6.06975e-04  3.91021e-01
2.721431338e+03  3.9076954e-01  6.02652e-04  3.90770e-01
2.721392461e+03  3.9072563e-01  6.03551e-04  3.90726e-01
2.721353584e+03  3.8770441e-01  6.00890e-04  3.87704e-01
2.721314708e+03  3.9091522e-01  6.03450e-04  3.90915e-01
2.721275833e+03  3.9103954e-01  6.09552e-04  3.91040e-01
2.721236958e+03  3.9102779e-01  6.21255e-04  3.91028e-01
2.721198084e+03  3.9107542e-01  6.09165e-04  3.91075e-01
2.721159210e+03  3.9105938e-01  6.09836e-04  3.91059e-01
2.721120337e+03  3.9085582e-01  6.12420e-04  3.90856e-01
2.721081464e+03  3.6919807e-01  6.03381e-04  3.69198e-01
2.721042592e+03  3.9012756e-01  6.26569e-04  3.90128e-01
2.721003721e+03  3.4789131e-01  6.18936e-04  3.47891e-01
2.720964850e+03  3.8852899e-01  6.92018e-04  3.88529e-01
2.720925979e+03  3.9016670e-01  7.70169e-04  3.90167e-01
2.720887110e+03  3.9068261e-01  7.94936e-04  3.90683e-01
2.720848240e+03  3.9088968e-01  8.17300e-04  3.90890e-01
2.720809372e+03  3.9087932e-01  8.19193e-04  3.90879e-01
2.720770504e+03  3.9080869e-01  7.47920e-04  3.90809e-01
2.720731636e+03  3.8187453e-01  6.67262e-04  3.81875e-01
2.720692769e+03  3.7780969e-01  6.45775e-04  3.77810e-01
2.720653902e+03  3.6063251e-01  6.36669e-04  3.60633e-01
2.720615037e+03  3.8701359e-01  6.80812e-04  3.87014e-01
2.720576171e+03  3.9066410e-01  7.54486e-04  3.90664e-01
2.720537306e+03  3.9074446e-01  8.15805e-04  3.90744e-01
2.720498442e+03  3.8944198e-01  8.14448e-04  3.89442e-01
2.720459578e+03  3.9036586e-01  7.50766e-04  3.90366e-01
2.720420715e+03  3.9070141e-01  6.81024e-04  3.90701e-01
2.720381853e+03  3.8989800e-01  6.50192e-04  3.89898e-01
2.720342991e+03  3.9054889e-01  6.44425e-04  3.90549e-01
2.720304129e+03  3.5968676e-01  6.21323e-04  3.59687e-01
2.720265268e+03  3.8711302e-01  6.36475e-04  3.87113e-01
2.720226408e+03  3.8983542e-01  6.52527e-04  3.89835e-01
2.720187548e+03  3.8992362e-01  7.08120e-04  3.89924e-01
2.720148689e+03  3.7939852e-01  8.72480e-04  3.79399e-01
2.720109830e+03  3.9002632e-01  9.34363e-04  3.90026e-01
2.720070972e+03  3.8988813e-01  7.40665e-04  3.89888e-01
2.720032114e+03  3.8879954e-01  6.82091e-04  3.88800e-01
2.719993257e+03  3.8989825e-01  6.90982e-04  3.89898e-01
2.719954401e+03  3.8966342e-01  6.71884e-04  3.89663e-01
2.719915545e+03  3.8905521e-01  6.37462e-04  3.89055e-01
2.719876689e+03  3.8508525e-01  6.18926e-04  3.85085e-01
2.719837835e+03  3.8772090e-01  6.10012e-04  3.87721e-01
2.719798980e+03  3.8231058e-01  6.01013e-04  3.82311e-01
2.719760127e+03  3.8306841e-01  5.99195e-04  3.83068e-01
2.719721273e+03  3.7935459e-01  5.98018e-04  3.79355e-01
2.719682421e+03  3.6671180e-01  5.93699e-04  3.66712e-01
2.719643569e+03  3.4957326e-01  5.94177e-04  3.49573e-01
2.719604717e+03  3.5542766e-01  5.96961e-04  3.55428e-01
2.719565866e+03  3.7115873e-01  5.94721e-04  3.71159e-01
2.719527016e+03  3.7813971e-01  5.93194e-04  3.78140e-01
2.719488166e+03  3.7911055e-01  5.93038e-04  3.79111e-01
2.719449317e+03  3.8286060e-01  5.95198e-04  3.82861e-01
2.719410468e+03  3.8649688e-01  5.93755e-04  3.86497e-01
2.719371620e+03  3.8788356e-01  5.93590e-04  3.87884e-01
2.719332772e+03  3.8851919e-01  5.93622e-04  3.88519e-01
2.719293925e+03  3.8860652e-01  5.93523e-04  3.88607e-01
2.719255079e+03  3.8800610e-01  5.93325e-04  3.88006e-01
2.719216233e+03  3.8928735e-01  5.94997e-04  3.89287e-01
2.719177387e+03  3.8905819e-01  5.96019e-04  3.89058e-01
2.719138543e+03  3.8706044e-01  5.98232e-04  3.87060e-01
2.719099698e+03  3.8714646e-01  6.00541e-04  3.87146e-01
2.719060855e+03  3.8931810e-01  5.98881e-04  3.89318e-01
2.719022011e+03  3.8928928e-01  5.96721e-04  3.89289e-01
2.718983169e+03  3.8900929e-01  5.96066e-04  3.89009e-01
2.718944327e+03  3.8696053e-01  5.95155e-04  3.86961e-01
2.718905485e+03  3.8789935e-01  5.97179e-04  3.87899e-01
2.718866644e+03  3.8806418e-01  6.00272e-04  3.88064e-01
2.718827804e+03  3.7872061e-01  6.00569e-04  3.78721e-01
2.718788964e+03  3.8012086e-01  6.12360e-04  3.80121e-01
2.718750125e+03  3.8834312e-01  6.31387e-04  3.88343e-01
2.718711286e+03  3.7759433e-01  6.57101e-04  3.77594e-01
2.718672448e+03  3.8739289e-01  7.43793e-04  3.87393e-01
2.718633610e+03  3.8689664e-01  7.37867e-04  3.86897e-01
2.718594773e+03  3.8569075e-01  6.79752e-04  3.85691e-01
2.718555937e+03  3.8485456e-01  6.79035e-04  3.84855e-01
2.718517101e+03  3.8253993e-01  6.53713e-04  3.82540e-01
2.718478265e+03  3.7949250e-01  6.21307e-04  3.79493e-01
2.718439430e+03  3.7316902e-01  6.01798e-04  3.73169e-01
2.718400596e+03  3.5978937e-01  5.85685e-04  3.59789e-01
2.718361762e+03  3.3542200e-01  5.64900e-04  3.35422e-01
2.718322929e+03  3.2722046e-01  5.57146e-04  3.27220e-01
2.718284097e+03  3.4176898e-01  5.65360e-04  3.41769e-01
2.718245264e+03  3.6023185e-01  5.77107e-04  3.60232e-01
2.718206433e+03  3.7058753e-01  5.85544e-04  3.70588e-01
2.718167602e+03  3.7631032e-01  5.88580e-04  3.76310e-01
2.718128772e+03  3.8021215e-01  5.95457e-04  3.80212e-01
2.718089942e+03  3.8248991e-01  5.96144e-04  3.82490e-01
2.718051112e+03  3.8386906e-01  6.08631e-04  3.83869e-01
2.718012284e+03  3.8500677e-01  6.00552e-04  3.85007e-01
2.717973455e+03  3.8579947e-01  5.97051e-04  3.85799e-01
2.717934628e+03  3.8656970e-01  5.97878e-04  3.86570e-01
2.717895801e+03  3.7606127e-01  5.90697e-04  3.76061e-01
2.717856974e+03  3.8782272e-01  6.01680e-04  3.87823e-01
2.717818148e+03  3.8813401e-01  6.12724e-04  3.88134e-01
2.717779323e+03  3.8833482e-01  6.52543e-04  3.88335e-01
2.717740498e+03  3.8790653e-01  7.49505e-04  3.87907e-01
2.717701674e+03  3.8657469e-01  6.60311e-04  3.86575e-01
2.717662850e+03  3.8735158e-01  6.14166e-04  3.87352e-01
2.717624027e+03  3.8202893e-01  5.98545e-04  3.82029e-01
2.717585204e+03  3.8737226e-01  5.98625e-04  3.87372e-01
2.717546382e+03  3.8699786e-01  5.96386e-04  3.86998e-01
2.717507560e+03  3.8871130e-01  5.98415e-04  3.88711e-01
2.717468739e+03  3.8927377e-01  6.03318e-04  3.89274e-01
2.717429919e+03  3.8930949e-01  6.10614e-04  3.89309e-01
2.717391099e+03  3.8913583e-01  6.01869e-04  3.89136e-01
2.717352280e+03  3.8856502e-01  6.02643e-04  3.88565e-01
2.717313461e+03  3.8855769e-01  6.34602e-04  3.88558e-01
2.717274643e+03  3.8846747e-01  6.30381e-04  3.88467e-01
2.717235825e+03  3.8915850e-01  6.26805e-04  3.89159e-01
2.717197008e+03  3.8922835e-01  6.48371e-04  3.89228e-01
2.717158192e+03  3.8845687e-01  6.08541e-04  3.88457e-01
2.717119376e+03  3.8719904e-01  6.00896e-04  3.87199e-01
2.717080560e+03  3.8434502e-01  5.95661e-04  3.84345e-01
2.717041745e+03  3.8873348e-01  5.98639e-04  3.88733e-01
2.717002931e+03  3.8709680e-01  5.99978e-04  3.87097e-01
2.716964117e+03  3.8363463e-01  6.05931e-04  3.83635e-01
2.716925304e+03  3.8915690e-01  6.27728e-04  3.89157e-01
2.716886491e+03  3.8394188e-01  6.28045e-04  3.83942e-01
2.716847679e+03  3.8804045e-01  6.26176e-04  3.88040e-01
2.716808868e+03  3.8730914e-01  6.35952e-04  3.87309e-01
2.716770057e+03  3.8869311e-01  6.20323e-04  3.88693e-01
2.716731246e+03  3.8908216e-01  6.04441e-04  3.89082e-01
2.716692436e+03  3.8912701e-01  5.98862e-04  3.89127e-01
2.716653627e+03  3.8934089e-01  5.96141e-04  3.89341e-01
2.716614818e+03  3.8936675e-01  5.95039e-04  3.89367e-01
2.716576010e+03  3.8918678e-01  5.94624e-04  3.89187e-01
2.716537202e+03  3.8919319e-01  5.95096e-04  3.89193e-01
2.716498395e+03  3.8914821e-01  5.95888e-04  3.89148e-01
2.716459589e+03  3.8890342e-01  5.96775e-04  3.88903e-01
2.716420783e+03  3.7339611e-01  5.89377e-04  3.73396e-01
2.716381977e+03  3.8875873e-01  6.04803e-04  3.88759e-01
2.716343172e+03  3.8870209e-01  6.14273e-04  3.88702e-01
2.716304368e+03  3.8862496e-01  6.39565e-04  3.88625e-01
2.716265564e+03  3.8847697e-01  6.68981e-04  3.88477e-01
2.716226761e+03  3.8823897e-01  6.43643e-04  3.88239e-01
2.716187958e+03  3.8798582e-01  6.16890e-04  3.87986e-01
2.716149156e+03  3.8078757e-01  6.01980e-04  3.80788e-01
2.716110354e+03  3.7959353e-01  5.98281e-04  3.79594e-01
2.716071553e+03  3.8663338e-01  6.03404e-04  3.86633e-01
2.716032753e+03  3.8592956e-01  6.10026e-04  3.85930e-01
2.715993953e+03  3.8542182e-01  6.35411e-04  3.85422e-01
2.715955154e+03  3.8413345e-01  6.81247e-04  3.84133e-01
2.715916355e+03  3.8243465e-01  6.39726e-04  3.82435e-01
2.715877557e+03  3.8007664e-01  6.06959e-04  3.80077e-01
2.715838759e+03  3.7710596e-01  5.96834e-04  3.77106e-01
2.715799962e+03  3.7240549e-01  5.89429e-04  3.72405e-01
2.715761165e+03  3.6429729e-01  5.81088e-04  3.64297e-01
2.715722369e+03  3.4839770e-01  5.69053e-04  3.48398e-01
2.715683574e+03  3.2679544e-01  5.54437e-04  3.26795e-01
2.715644779e+03  3.2124672e-01  5.51302e-04  3.21247e-01
2.715605984e+03  3.3949811e-01  5.64154e-04  3.39498e-01
2.715567191e+03  3.5228947e-01  5.75254e-04  3.52289e-01
2.715528397e+03  3.6642561e-01  5.83979e-04  3.66426e-01
2.715489605e+03  3.7264462e-01  5.91088e-04  3.72645e-01
2.715450812e+03  3.7711247e-01  6.02447e-04  3.77112e-01
2.715412021e+03  3.7496611e-01  6.15893e-04  3.74966e-01
2.715373230e+03  3.8177119e-01  6.15258e-04  3.81771e-01
2.715334439e+03  3.8363322e-01  6.03754e-04  3.83633e-01
2.715295649e+03  3.8445981e-01  5.96406e-04  3.84460e-01
2.715256860e+03  3.8502087e-01  5.95038e-04  3.85021e-01
2.715218071e+03  3.8435305e-01  5.95686e-04  3.84353e-01
2.715179283e+03  3.8656864e-01  5.98259e-04  3.86569e-01
2.715140495e+03  3.7485112e-01  5.94608e-04  3.74851e-01
2.715101708e+03  3.7753453e-01  6.08024e-04  3.77535e-01
2.715062921e+03  3.8740133e-01  6.30216e-04  3.87401e-01
2.715024135e+03  3.8632030e-01  6.36338e-04  3.86320e-01
2.714985350e+03  3.8702385e-01  6.64341e-04  3.87024e-01
2.714946565e+03  3.8804328e-01  6.76338e-04  3.88043e-01
2.714907780e+03  3.8784023e-01  6.45679e-04  3.87840e-01
2.714868997e+03  3.8759771e-01  6.46706e-04  3.87598e-01
2.714830213e+03  3.8732289e-01  6.61369e-04  3.87323e-01
2.714791431e+03  3.8559480e-01  6.33762e-04  3.85595e-01
2.714752648e+03  3.8155383e-01  6.95085e-04  3.81554e-01
2.714713867e+03  3.8198627e-01  6.21866e-04  3.81986e-01
2.714675086e+03  3.7948768e-01  5.97370e-04  3.79488e-01
2.714636305e+03  3.8806651e-01  5.98093e-04  3.88067e-01
2.714597525e+03  3.8835408e-01  5.98910e-04  3.88354e-01
2.714558746e+03  3.8885619e-01  6.05256e-04  3.88856e-01
2.714519967e+03  3.8898817e-01  6.11968e-04  3.88988e-01
2.714481189e+03  3.8908857e-01  6.02626e-04  3.89089e-01
2.714442411e+03  3.8902218e-01  6.05881e-04  3.89022e-01
2.714403634e+03  3.8837669e-01  6.01978e-04  3.88377e-01
2.714364857e+03  3.8854067e-01  5.96283e-04  3.88541e-01
2.714326081e+03  3.8883427e-01  5.97277e-04  3.88834e-01
2.714287305e+03  3.8908603e-01  5.94023e-04  3.89086e-01
2.714248530e+03  3.8895887e-01  5.97315e-04  3.88959e-01
2.714209756e+03  3.8895058e-01  6.10574e-04  3.88951e-01
2.714170982e+03  3.8898361e-01  5.97251e-04  3.88984e-01
2.714132209e+03  3.8900603e-01  5.93330e-04  3.89006e-01
2.714093436e+03  3.8886226e-01  5.91767e-04  3.88862e-01
2.714054664e+03  3.8760688e-01  5.90740e-04  3.87607e-01
2.714015892e+03  3.8506219e-01  5.89852e-04  3.85062e-01
2.713977121e+03  3.8758458e-01  5.92367e-04  3.87585e-01
2.713938351e+03  3.8584179e-01  5.94585e-04  3.85842e-01
2.713899581e+03  3.8534744e-01  6.06966e-04  3.85347e-01
2.713860811e+03  3.8833733e-01  6.23173e-04  3.88337e-01
2.713822042e+03  3.8837141e-01  6.04098e-04  3.88371e-01
2.713783274e+03  3.8718169e-01  5.94203e-04  3.87182e-01
2.713744506e+03  3.8756370e-01  5.92264e-04  3.87564e-01
2.713705739e+03  3.8881448e-01  5.94549e-04  3.88814e-01
2.713666972e+03  3.8911319e-01  6.07139e-04  3.89113e-01
2.713628206e+03  3.8920089e-01  5.97233e-04  3.89201e-01
2.713589441e+03  3.8927547e-01  5.92427e-04  3.89275e-01
2.713550676e+03  3.8921288e-01  5.91142e-04  3.89213e-01
2.713511911e+03  3.8921534e-01  5.90449e-04  3.89215e-01
2.713473147e+03  3.8924970e-01  5.90436e-04  3.89250e-01
2.713434384e+03  3.8926232e-01  5.90283e-04  3.89262e-01
2.713395621e+03  3.8904590e-01  5.90549e-04  3.89046e-01
2.713356859e+03  3.8857739e-01  5.90330e-04  3.88577e-01
2.713318097e+03  3.8926282e-01  5.91041e-04  3.89263e-01
2.713279336e+03  3.8927570e-01  5.92702e-04  3.89276e-01
2.713240575e+03  3.8924231e-01  5.95796e-04  3.89242e-01
2.713201815e+03  3.8904426e-01  5.98681e-04  3.89044e-01
2.713163056e+03  3.8341630e-01  5.91095e-04  3.83416e-01
2.713124297e+03  3.8894570e-01  5.91761e-04  3.88946e-01
2.713085539e+03  3.8850837e-01  5.91074e-04  3.88508e-01
2.713046781e+03  3.8835633e-01  5.91629e-04  3.88356e-01
2.713008024e+03  3.8749263e-01  5.90325e-04  3.87493e-01
2.712969267e+03  3.8805823e-01  5.91236e-04  3.88058e-01
2.712930511e+03  3.8848664e-01  5.94044e-04  3.88487e-01
2.712891755e+03  3.8754149e-01  5.90805e-04  3.87541e-01
2.712853000e+03  3.8849046e-01  5.91288e-04  3.88490e-01
2.712814246e+03  3.8861759e-01  5.93253e-04  3.88618e-01
2.712775492e+03  3.8872116e-01  5.99190e-04  3.88721e-01
2.712736738e+03  3.8879345e-01  6.13778e-04  3.88793e-01
2.712697985e+03  3.8885477e-01  6.01328e-04  3.88855e-01
2.712659233e+03  3.8881899e-01  5.94471e-04  3.88819e-01
2.712620481e+03  3.8875740e-01  5.92550e-04  3.88757e-01
2.712581730e+03  3.8863368e-01  5.92002e-04  3.88634e-01
2.712542980e+03  3.8853268e-01  5.92344e-04  3.88533e-01
2.712504230e+03  3.8839056e-01  5.92877e-04  3.88391e-01
2.712465480e+03  3.8809280e-01  5.93656e-04  3.88093e-01
2.712426731e+03  3.8212488e-01  5.91174e-04  3.82125e-01
2.712387983e+03  3.8785238e-01  5.98749e-04  3.87852e-01
2.712349235e+03  3.8808728e-01  6.03596e-04  3.88087e-01
2.712310488e+03  3.8790191e-01  6.14844e-04  3.87902e-01
2.712271741e+03  3.8836620e-01  6.63779e-04  3.88366e-01
2.712232995e+03  3.8844565e-01  6.36288e-04  3.88446e-01
2.712194249e+03  3.8860962e-01  6.61327e-04  3.88610e-01
2.712155504e+03  3.8872323e-01  9.27954e-04  3.88723e-01
2.712116759e+03  3.8874025e-01  1.04262e-03  3.88740e-01
2.712078015e+03  3.8867895e-01  9.19580e-04  3.88679e-01
2.712039272e+03  3.8863740e-01  9.49355e-04  3.88637e-01
2.712000529e+03  3.8858196e-01  7.68468e-04  3.88582e-01
2.711961787e+03  3.8826139e-01  6.47805e-04  3.88261e-01
2.711923045e+03  3.8820054e-01  6.31940e-04  3.88201e-01
2.711884304e+03  3.8840286e-01  6.15425e-04  3.88403e-01
2.711845563e+03  3.8827224e-01  6.17667e-04  3.88272e-01
2.711806823e+03  3.8848162e-01  6.47703e-04  3.88482e-01
2.711768084e+03  3.8812296e-01  8.29967e-04  3.88123e-01
2.711729345e+03  3.8862079e-01  6.88620e-04  3.88621e-01
2.711690606e+03  3.8243374e-01  6.25142e-04  3.82434e-01
2.711651868e+03  3.8810971e-01  6.17500e-04  3.88110e-01
2.711613131e+03  3.8811384e-01  6.21673e-04  3.88114e-01
2.711574394e+03  3.8833143e-01  6.33143e-04  3.88331e-01
2.711535658e+03  3.8861132e-01  6.28027e-04  3.88611e-01
2.711496922e+03  3.8873782e-01  6.30732e-04  3.88738e-01
2.711458187e+03  3.8866754e-01  6.32424e-04  3.88668e-01
2.711419453e+03  3.8868573e-01  6.43628e-04  3.88686e-01
2.711380719e+03  3.8867108e-01  6.87152e-04  3.88671e-01
2.711341985e+03  3.8850879e-01  9.18753e-04  3.88509e-01
2.711303252e+03  3.8869495e-01  8.81907e-04  3.88695e-01
2.711264520e+03  3.8868820e-01  8.84048e-04  3.88688e-01
2.711225788e+03  3.8878532e-01  7.20801e-04  3.88785e-01
2.711187057e+03  3.8854098e-01  6.28666e-04  3.88541e-01
2.711148326e+03  3.8869965e-01  6.09355e-04  3.88700e-01
2.711109596e+03  3.8396461e-01  6.00222e-04  3.83965e-01
2.711070866e+03  3.8864188e-01  6.02246e-04  3.88642e-01
2.711032137e+03  3.8863559e-01  6.06320e-04  3.88636e-01
2.710993409e+03  3.8862097e-01  6.20634e-04  3.88621e-01
2.710954681e+03  3.8298363e-01  6.62676e-04  3.82984e-01
2.710915954e+03  3.8860852e-01  6.20379e-04  3.88609e-01
2.710877227e+03  3.8849844e-01  6.02265e-04  3.88498e-01
2.710838501e+03  3.8855680e-01  5.96765e-04  3.88557e-01
2.710799775e+03  3.8824666e-01  5.93651e-04  3.88247e-01
2.710761050e+03  3.8852419e-01  5.92525e-04  3.88524e-01
2.710722325e+03  3.8850588e-01  5.91947e-04  3.88506e-01
2.710683601e+03  3.8853788e-01  5.92041e-04  3.88538e-01
2.710644878e+03  3.8668936e-01  5.90774e-04  3.86689e-01
2.710606155e+03  3.8850048e-01  5.92393e-04  3.88500e-01
2.710567432e+03  3.8852034e-01  5.93853e-04  3.88520e-01
2.710528710e+03  3.8679585e-01  5.96765e-04  3.86796e-01
2.710489989e+03  3.8799330e-01  6.03361e-04  3.87993e-01
2.710451268e+03  3.8827949e-01  6.02127e-04  3.88279e-01
2.710412548e+03  3.8813813e-01  5.99455e-04  3.88138e-01
2.710373829e+03  3.8805806e-01  6.01785e-04  3.88058e-01
2.710335109e+03  3.8776545e-01  6.04787e-04  3.87765e-01
2.710296391e+03  3.8776015e-01  5.97968e-04  3.87760e-01
2.710257673e+03  3.8824470e-01  5.93124e-04  3.88245e-01
2.710218956e+03  3.8290872e-01  5.87863e-04  3.82909e-01
2.710180239e+03  3.8738534e-01  5.90037e-04  3.87385e-01
2.710141522e+03  3.8849388e-01  5.91139e-04  3.88494e-01
2.710102807e+03  3.8847803e-01  5.91693e-04  3.88478e-01
2.710064091e+03  3.8850783e-01  5.94559e-04  3.88508e-01
2.710025377e+03  3.8820755e-01  5.96226e-04  3.88208e-01
2.709986663e+03  3.8849762e-01  5.93425e-04  3.88498e-01
2.709947949e+03  3.8853415e-01  5.92054e-04  3.88534e-01
2.709909236e+03  3.8853519e-01  5.94918e-04  3.88535e-01
2.709870524e+03  3.8848444e-01  5.91471e-04  3.88484e-01
2.709831812e+03  3.8838045e-01  5.90101e-04  3.88380e-01
2.709793100e+03  3.8837695e-01  5.89535e-04  3.88377e-01
2.709754390e+03  3.8823568e-01  5.89513e-04  3.88236e-01
2.709715679e+03  3.8817644e-01  5.90119e-04  3.88176e-01
2.709676970e+03  3.8821228e-01  5.89657e-04  3.88212e-01
2.709638261e+03  3.8827877e-01  5.89855e-04  3.88279e-01
2.709599552e+03  3.8826890e-01  5.90383e-04  3.88269e-01
2.709560844e+03  3.8809415e-01  5.91115e-04  3.88094e-01
2.709522137e+03  3.8701228e-01  5.92683e-04  3.87012e-01
2.709483430e+03  3.7534559e-01  5.86766e-04  3.75346e-01
2.709444723e+03  3.8745201e-01  5.98731e-04  3.87452e-01
2.709406018e+03  3.8795446e-01  6.13624e-04  3.87954e-01
2.709367312e+03  3.8811249e-01  6.19413e-04  3.88112e-01
2.709328608e+03  3.8811135e-01  6.23980e-04  3.88111e-01
2.709289904e+03  3.8775808e-01  6.10262e-04  3.87758e-01
2.709251200e+03  3.8803872e-01  6.00685e-04  3.88039e-01
2.709212497e+03  3.8817695e-01  5.96386e-04  3.88177e-01
2.709173794e+03  3.8807073e-01  5.95781e-04  3.88071e-01
2.709135092e+03  3.8809867e-01  5.98941e-04  3.88099e-01
2.709096391e+03  3.8804321e-01  6.12120e-04  3.88043e-01
2.709057690e+03  3.8788043e-01  6.79130e-04  3.87880e-01
2.709018990e+03  3.8794640e-01  6.37701e-04  3.87946e-01
2.708980290e+03  3.8781624e-01  6.01145e-04  3.87816e-01
2.708941591e+03  3.8755815e-01  5.95578e-04  3.87558e-01
2.708902893e+03  3.8768307e-01  5.94864e-04  3.87683e-01
2.708864194e+03  3.8772410e-01  5.95803e-04  3.87724e-01
2.708825497e+03  3.8784389e-01  6.01625e-04  3.87844e-01
2.708786800e+03  3.8783188e-01  5.97106e-04  3.87832e-01
2.708748104e+03  3.8267681e-01  6.00787e-04  3.82677e-01
2.708709408e+03  3.8674948e-01  6.10575e-04  3.86749e-01
2.708670712e+03  3.8664982e-01  5.95515e-04  3.86650e-01
2.708632018e+03  3.8733680e-01  5.92400e-04  3.87337e-01
2.708593324e+03  3.8757429e-01  5.91590e-04  3.87574e-01
2.708554630e+03  3.8759321e-01  5.91513e-04  3.87593e-01
2.708515937e+03  3.8736526e-01  5.91254e-04  3.87365e-01
2.708477244e+03  3.8761682e-01  5.92113e-04  3.87617e-01
2.708438552e+03  3.8758179e-01  5.93638e-04  3.87582e-01
2.708399861e+03  3.8745319e-01  5.95059e-04  3.87453e-01
2.708361170e+03  3.8684755e-01  5.97651e-04  3.86848e-01
2.708322480e+03  3.5294596e-01  5.80817e-04  3.52946e-01
2.708283790e+03  3.8679544e-01  6.12381e-04  3.86795e-01
2.708245101e+03  3.8733640e-01  6.34358e-04  3.87336e-01
2.708206412e+03  3.8782990e-01  6.81771e-04  3.87830e-01
2.708167724e+03  3.8789969e-01  7.22334e-04  3.87900e-01
2.708129036e+03  3.8793000e-01  6.75442e-04  3.87930e-01
2.708090349e+03  3.8755733e-01  6.31622e-04  3.87557e-01
2.708051663e+03  3.8789651e-01  6.11665e-04  3.87897e-01
2.708012977e+03  3.8345291e-01  6.00075e-04  3.83453e-01
2.707974292e+03  3.8771309e-01  5.98943e-04  3.87713e-01
2.707935607e+03  3.8787643e-01  5.99159e-04  3.87876e-01
2.707896923e+03  3.8725694e-01  5.95862e-04  3.87257e-01
2.707858239e+03  3.8645956e-01  5.92434e-04  3.86460e-01
2.707819556e+03  3.8652985e-01  5.91340e-04  3.86530e-01
2.707780873e+03  3.8725535e-01  5.91953e-04  3.87255e-01
2.707742191e+03  3.8745866e-01  5.92663e-04  3.87459e-01
2.707703510e+03  3.8774553e-01  5.92754e-04  3.87746e-01
2.707664829e+03  3.8777235e-01  5.95065e-04  3.87772e-01
2.707626148e+03  3.8785717e-01  5.98122e-04  3.87857e-01
2.707587469e+03  3.8790474e-01  5.92631e-04  3.87905e-01
2.707548789e+03  3.8797918e-01  5.90196e-04  3.87979e-01
2.707510111e+03  3.8790342e-01  5.89544e-04  3.87903e-01
2.707471432e+03  3.8712772e-01  5.88858e-04  3.87128e-01
2.707432755e+03  3.8572121e-01  5.87906e-04  3.85721e-01
2.707394078e+03  3.8686273e-01  5.89206e-04  3.86863e-01
2.707355401e+03  3.8779202e-01  5.90061e-04  3.87792e-01
2.707316725e+03  3.8714530e-01  5.92362e-04  3.87145e-01
2.707278050e+03  3.8225153e-01  5.89514e-04  3.82252e-01
2.707239375e+03  3.8255919e-01  5.88317e-04  3.82559e-01
2.707200701e+03  3.8602601e-01  5.91941e-04  3.86026e-01
2.707162027e+03  3.8780071e-01  5.99333e-04  3.87801e-01
2.707123354e+03  3.8701472e-01  6.04467e-04  3.87015e-01
2.707084681e+03  3.8678272e-01  6.07163e-04  3.86783e-01
2.707046009e+03  3.8770403e-01  6.05168e-04  3.87704e-01
2.707007338e+03  3.8756986e-01  6.00942e-04  3.87570e-01
2.706968667e+03  3.8767848e-01  5.97444e-04  3.87678e-01
2.706929996e+03  3.8752894e-01  5.95667e-04  3.87529e-01
2.706891326e+03  3.8623420e-01  5.91862e-04  3.86234e-01
2.706852657e+03  3.8574191e-01  5.89793e-04  3.85742e-01
2.706813988e+03  3.8719117e-01  5.89670e-04  3.87191e-01
2.706775320e+03  3.8723474e-01  5.89702e-04  3.87235e-01
2.706736652e+03  3.8560561e-01  5.88376e-04  3.85606e-01
2.706697985e+03  3.8588628e-01  5.87879e-04  3.85886e-01
2.706659319e+03  3.8737927e-01  5.88934e-04  3.87379e-01
2.706620653e+03  3.8760459e-01  5.88859e-04  3.87605e-01
2.706581987e+03  3.8749455e-01  5.89188e-04  3.87495e-01
2.706543322e+03  3.8735203e-01  5.89491e-04  3.87352e-01
2.706504658e+03  3.8382477e-01  5.88019e-04  3.83825e-01
2.706465994e+03  3.8748680e-01  5.91496e-04  3.87487e-01
2.706427331e+03  3.8752508e-01  5.98445e-04  3.87525e-01
2.706388668e+03  3.8417664e-01  6.00465e-04  3.84177e-01
2.706350006e+03  3.7851289e-01  5.96653e-04  3.78513e-01
2.706311344e+03  3.8639741e-01  6.03265e-04  3.86397e-01
2.706272683e+03  3.8584127e-01  6.06272e-04  3.85841e-01
2.706234023e+03  3.8659489e-01  6.21416e-04  3.86595e-01
2.706195363e+03  3.8758539e-01  6.29328e-04  3.87585e-01
2.706156704e+03  3.8764310e-01  6.14278e-04  3.87643e-01
2.706118045e+03  3.8743846e-01  6.01002e-04  3.87438e-01
2.706079386e+03  3.8677372e-01  5.95272e-04  3.86774e-01
2.706040729e+03  3.8673369e-01  5.92244e-04  3.86734e-01
2.706002072e+03  3.8739518e-01  5.90739e-04  3.87395e-01
2.705963415e+03  3.8741643e-01  5.90257e-04  3.87416e-01
2.705924759e+03  3.8747314e-01  5.89335e-04  3.87473e-01
2.705886103e+03  3.8753651e-01  5.88846e-04  3.87537e-01
2.705847448e+03  3.8750860e-01  5.88612e-04  3.87509e-01
2.705808794e+03  3.8738384e-01  5.88437e-04  3.87384e-01
2.705770140e+03  3.8419760e-01  5.86421e-04  3.84198e-01
2.705731487e+03  3.8736310e-01  5.89160e-04  3.87363e-01
2.705692834e+03  3.8735021e-01  5.88107e-04  3.87350e-01
2.705654182e+03  3.8724302e-01  5.87828e-04  3.87243e-01
2.705615530e+03  3.8733674e-01  5.89139e-04  3.87337e-01
2.705576879e+03  3.8729578e-01  5.89649e-04  3.87296e-01
2.705538229e+03  3.8727359e-01  5.88940e-04  3.87274e-01
2.705499579e+03  3.8719506e-01  5.89466e-04  3.87195e-01
2.705460929e+03  3.8687463e-01  5.88661e-04  3.86875e-01
2.705422280e+03  3.8652951e-01  5.87452e-04  3.86530e-01
2.705383632e+03  3.8520374e-01  5.86289e-04  3.85204e-01
2.705344984e+03  3.8574940e-01  5.86810e-04  3.85749e-01
2.705306337e+03  3.8576253e-01  5.86429e-04  3.85763e-01
2.705267690e+03  3.8498408e-01  5.85961e-04  3.84984e-01
2.705229044e+03  3.8368225e-01  5.85500e-04  3.83682e-01
2.705190399e+03  3.8346531e-01  5.85438e-04  3.83465e-01
2.705151753e+03  3.8495611e-01  5.88063e-04  3.84956e-01
2.705113109e+03  3.8562151e-01  5.88204e-04  3.85622e-01
2.705074465e+03  3.8572494e-01  5.87331e-04  3.85725e-01
2.705035822e+03  3.8301485e-01  5.85721e-04  3.83015e-01
2.704997179e+03  3.8516758e-01  5.86825e-04  3.85168e-01
2.704958537e+03  3.8393991e-01  5.86283e-04  3.83940e-01
2.704919895e+03  3.8404096e-01  5.86908e-04  3.84041e-01
2.704881254e+03  3.8377529e-01  5.87881e-04  3.83775e-01
2.704842613e+03  3.8052065e-01  5.88169e-04  3.80521e-01
2.704803973e+03  3.7123797e-01  5.87722e-04  3.71238e-01
2.704765334e+03  3.6135916e-01  6.02744e-04  3.61359e-01
2.704726695e+03  3.7100040e-01  6.87571e-04  3.71000e-01
2.704688056e+03  3.8033953e-01  6.18204e-04  3.80340e-01
2.704649418e+03  3.8317326e-01  6.10310e-04  3.83173e-01
2.704610781e+03  3.8248829e-01  6.66907e-04  3.82488e-01
2.704572144e+03  3.8273582e-01  6.39658e-04  3.82736e-01
2.704533508e+03  3.7976785e-01  6.37712e-04  3.79768e-01
2.704494873e+03  3.7140424e-01  5.94712e-04  3.71404e-01
2.704456237e+03  3.5758004e-01  5.80953e-04  3.57580e-01
2.704417603e+03  3.6178924e-01  5.78965e-04  3.61789e-01
2.704378969e+03  3.7571572e-01  5.84696e-04  3.75716e-01
2.704340335e+03  3.8121876e-01  5.87102e-04  3.81219e-01
2.704301703e+03  3.8083881e-01  5.87815e-04  3.80839e-01
2.704263070e+03  3.8359844e-01  5.87822e-04  3.83598e-01
2.704224438e+03  3.8374417e-01  5.87684e-04  3.83744e-01
2.704185807e+03  3.8321923e-01  5.86519e-04  3.83219e-01
2.704147177e+03  3.8206357e-01  5.86600e-04  3.82064e-01
2.704108546e+03  3.7935841e-01  5.90365e-04  3.79358e-01
2.704069917e+03  3.7159628e-01  5.80025e-04  3.71596e-01
2.704031288e+03  3.5539517e-01  5.68270e-04  3.55395e-01
2.703992659e+03  3.5294039e-01  5.65882e-04  3.52940e-01
2.703954031e+03  3.6374704e-01  5.72555e-04  3.63747e-01
2.703915404e+03  3.6152767e-01  5.71141e-04  3.61528e-01
2.703876777e+03  3.4138255e-01  5.58719e-04  3.41383e-01
2.703838151e+03  3.2792478e-01  5.49763e-04  3.27925e-01
2.703799525e+03  3.5188974e-01  5.64994e-04  3.51890e-01
2.703760900e+03  3.7102586e-01  5.77077e-04  3.71026e-01
2.703722276e+03  3.7819099e-01  5.82218e-04  3.78191e-01
2.703683652e+03  3.8149849e-01  5.84092e-04  3.81498e-01
2.703645028e+03  3.8330570e-01  5.85884e-04  3.83306e-01
2.703606405e+03  3.8435265e-01  5.88587e-04  3.84353e-01
2.703567783e+03  3.8370836e-01  5.92297e-04  3.83708e-01
2.703529161e+03  3.8546527e-01  5.87314e-04  3.85465e-01
2.703490540e+03  3.8577337e-01  5.86464e-04  3.85773e-01
2.703451919e+03  3.8517411e-01  5.85941e-04  3.85174e-01
2.703413299e+03  3.8430618e-01  5.85893e-04  3.84306e-01
2.703374679e+03  3.8552296e-01  5.87679e-04  3.85523e-01
2.703336060e+03  3.8625284e-01  5.92768e-04  3.86253e-01
2.703297441e+03  3.8647050e-01  5.90690e-04  3.86470e-01
2.703258823e+03  3.8600229e-01  5.90717e-04  3.86002e-01
2.703220206e+03  3.8662065e-01  5.88583e-04  3.86621e-01
2.703181589e+03  3.8658615e-01  5.88663e-04  3.86586e-01
2.703142973e+03  3.8668503e-01  5.89856e-04  3.86685e-01
2.703104357e+03  3.8660869e-01  5.92871e-04  3.86609e-01
2.703065742e+03  3.8645381e-01  5.94269e-04  3.86454e-01
2.703027127e+03  3.8650693e-01  5.90227e-04  3.86507e-01
2.702988513e+03  3.8677333e-01  5.88566e-04  3.86773e-01
2.702949899e+03  3.8684985e-01  5.89098e-04  3.86850e-01
2.702911286e+03  3.8685260e-01  5.90182e-04  3.86853e-01
2.702872674e+03  3.8681397e-01  5.91232e-04  3.86814e-01
2.702834062e+03  3.8610789e-01  5.98586e-04  3.86108e-01
2.702795451e+03  3.8681533e-01  6.08447e-04  3.86815e-01
2.702756840e+03  3.8683544e-01  5.94853e-04  3.86835e-01
2.702718230e+03  3.8685013e-01  5.99297e-04  3.86850e-01
2.702679620e+03  3.8684593e-01  6.00579e-04  3.86846e-01
2.702641011e+03  3.8672528e-01  6.06753e-04  3.86725e-01
2.702602402e+03  3.8657254e-01  5.92147e-04  3.86573e-01
2.702563794e+03  3.8576725e-01  5.88085e-04  3.85767e-01
2.702525187e+03  3.8425340e-01  5.86375e-04  3.84253e-01
2.702486580e+03  3.8514417e-01  5.88123e-04  3.85144e-01
2.702447973e+03  3.8584935e-01  5.89395e-04  3.85849e-01
2.702409367e+03  3.8526204e-01  5.93236e-04  3.85262e-01
2.702370762e+03  3.8426691e-01  5.88713e-04  3.84267e-01
2.702332157e+03  3.8347577e-01  5.87603e-04  3.83476e-01
2.702293553e+03  3.8254824e-01  5.86589e-04  3.82548e-01
2.702254949e+03  3.8498573e-01  5.89354e-04  3.84986e-01
2.702216346e+03  3.8484291e-01  5.92750e-04  3.84843e-01
2.702177744e+03  3.8486306e-01  6.02141e-04  3.84863e-01
2.702139142e+03  3.8623018e-01  6.12753e-04  3.86230e-01
2.702100540e+03  3.8650475e-01  6.10658e-04  3.86505e-01
2.702061939e+03  3.8654558e-01  5.99815e-04  3.86546e-01
2.702023339e+03  3.8652036e-01  5.98783e-04  3.86520e-01
2.701984739e+03  3.8632559e-01  5.91416e-04  3.86326e-01
2.701946140e+03  3.8642951e-01  5.91598e-04  3.86430e-01
2.701907541e+03  3.8659148e-01  6.02571e-04  3.86591e-01
2.701868943e+03  3.8663167e-01  5.92298e-04  3.86632e-01
2.701830346e+03  3.8670365e-01  5.88234e-04  3.86704e-01
2.701791749e+03  3.8673011e-01  5.87797e-04  3.86730e-01
2.701753152e+03  3.8671342e-01  5.87798e-04  3.86713e-01
2.701714556e+03  3.8672668e-01  5.87333e-04  3.86727e-01
2.701675961e+03  3.8660949e-01  5.87757e-04  3.86609e-01
2.701637366e+03  3.8666571e-01  5.88157e-04  3.86666e-01
2.701598772e+03  3.8649669e-01  5.87889e-04  3.86497e-01
2.701560178e+03  3.8647481e-01  5.86945e-04  3.86475e-01
2.701521585e+03  3.8660038e-01  5.87824e-04  3.86600e-01
2.701482992e+03  3.8662111e-01  5.87008e-04  3.86621e-01
2.701444400e+03  3.8644397e-01  5.86050e-04  3.86444e-01
2.701405809e+03  3.8651415e-01  5.86019e-04  3.86514e-01
2.701367218e+03  3.8588869e-01  5.85720e-04  3.85889e-01
2.701328627e+03  3.8670006e-01  5.86495e-04  3.86700e-01
2.701290038e+03  3.8677906e-01  5.86761e-04  3.86779e-01
2.701251448e+03  3.8668522e-01  5.86589e-04  3.86685e-01
2.701212860e+03  3.8667416e-01  5.86093e-04  3.86674e-01
2.701174271e+03  3.8659871e-01  5.85919e-04  3.86599e-01
2.701135684e+03  3.8662921e-01  5.85930e-04  3.86629e-01
2.701097097e+03  3.8663453e-01  5.85956e-04  3.86635e-01
2.701058510e+03  3.8668028e-01  5.86495e-04  3.86680e-01
2.701019924e+03  3.8672177e-01  5.86187e-04  3.86722e-01
2.700981339e+03  3.8674007e-01  5.86152e-04  3.86740e-01
2.700942754e+03  3.8665911e-01  5.86437e-04  3.86659e-01
2.700904169e+03  3.8652957e-01  5.86996e-04  3.86530e-01
2.700865586e+03  3.8647575e-01  5.87462e-04  3.86476e-01
2.700827002e+03  3.8645807e-01  5.86296e-04  3.86458e-01
2.700788420e+03  3.8648137e-01  5.85909e-04  3.86481e-01
2.700749837e+03  3.8649020e-01  5.85866e-04  3.86490e-01
2.700711256e+03  3.8645929e-01  5.85859e-04  3.86459e-01
2.700672675e+03  3.8633192e-01  5.85959e-04  3.86332e-01
2.700634094e+03  3.8461879e-01  5.85339e-04  3.84619e-01
2.700595514e+03  3.8591806e-01  5.87167e-04  3.85918e-01
2.700556935e+03  3.8611484e-01  5.86102e-04  3.86115e-01
2.700518356e+03  3.8629031e-01  5.86116e-04  3.86290e-01
2.700479778e+03  3.8633110e-01  5.86078e-04  3.86331e-01
2.700441200e+03  3.8629453e-01  5.86292e-04  3.86295e-01
2.700402623e+03  3.8624563e-01  5.88534e-04  3.86246e-01
2.700364046e+03  3.8634238e-01  5.90913e-04  3.86342e-01
2.700325470e+03  3.8644825e-01  5.87315e-04  3.86448e-01
2.700286895e+03  3.8634075e-01  5.86971e-04  3.86341e-01
2.700248320e+03  3.8641864e-01  5.86151e-04  3.86419e-01
2.700209745e+03  3.8650240e-01  5.86348e-04  3.86502e-01
2.700171171e+03  3.8644753e-01  5.86685e-04  3.86448e-01
2.700132598e+03  3.8627911e-01  5.85891e-04  3.86279e-01
2.700094025e+03  3.8636289e-01  5.85876e-04  3.86363e-01
2.700055453e+03  3.8635614e-01  5.85768e-04  3.86356e-01
2.700016882e+03  3.8626570e-01  5.85818e-04  3.86266e-01