# ------------------------------------------------------------------------
# Radiance spectrum
# NASA-GSFC Planetary Spectrum Generator (PSG) (Villanueva et al. 2018, 2022)
# Synthesized on Fri Aug 15 21:17:59 2025
# Doppler velocities [km/s] (vobs,vrot+vorb,vwidth,vrfl,vstr): -17.63700,-0.00000,0.01000,-1.06846,0.00000
# ------------------------------------------------------------------------
# Spectra synthesized with the Planetary and Universal Model of Atmospheric Scattering (PUMAS, Villanueva et al. 2018, 2022)
# Single scattering radiative transfer method
# Radiative transfer took 0.191 seconds
# ------------------------------------------------------------------------
# Spectral unit: Frequency[cm-1]
# Radiance unit: Spectral radiance [W/sr/m2/um]
# Wave/freq Total Noise Mars
2.740000000e+03  3.0934636e-01  5.44642e-04  3.09346e-01
2.739960858e+03  3.0884063e-01  5.41480e-04  3.08841e-01
2.739921716e+03  3.0899224e-01  5.40789e-04  3.08992e-01
2.739882575e+03  3.0845062e-01  5.40039e-04  3.08451e-01
2.739843434e+03  3.0829751e-01  5.39922e-04  3.08298e-01
2.739804294e+03  3.0888979e-01  5.40441e-04  3.08890e-01
2.739765155e+03  3.0700155e-01  5.39425e-04  3.07002e-01
2.739726016e+03  3.0921577e-01  5.41362e-04  3.09216e-01
2.739686877e+03  3.1003524e-01  5.42863e-04  3.10035e-01
2.739647739e+03  3.0794165e-01  5.43327e-04  3.07942e-01
2.739608602e+03  3.1008837e-01  5.48948e-04  3.10088e-01
2.739569465e+03  3.0974800e-01  5.48314e-04  3.09748e-01
2.739530329e+03  3.1000041e-01  5.47836e-04  3.10000e-01
2.739491194e+03  3.0900164e-01  5.49347e-04  3.09002e-01
2.739452059e+03  2.5415422e-01  5.09525e-04  2.54154e-01
2.739412924e+03  3.0971355e-01  5.46519e-04  3.09714e-01
2.739373790e+03  3.1005117e-01  5.46829e-04  3.10051e-01
2.739334657e+03  3.0988783e-01  5.49466e-04  3.09888e-01
2.739295524e+03  3.0873817e-01  5.71208e-04  3.08738e-01
2.739256392e+03  3.0856278e-01  5.58607e-04  3.08563e-01
2.739217260e+03  3.0886213e-01  5.49192e-04  3.08862e-01
2.739178129e+03  3.0819230e-01  5.47099e-04  3.08192e-01
2.739138999e+03  3.0941686e-01  5.49140e-04  3.09417e-01
2.739099869e+03  3.0437379e-01  5.49494e-04  3.04374e-01
2.739060739e+03  2.8344100e-01  5.40400e-04  2.83441e-01
2.739021610e+03  3.0976526e-01  5.71038e-04  3.09765e-01
2.738982482e+03  3.0994869e-01  5.94377e-04  3.09949e-01
2.738943354e+03  3.0858111e-01  6.41317e-04  3.08581e-01
2.738904227e+03  3.0936199e-01  6.61886e-04  3.09362e-01
2.738865100e+03  3.0971632e-01  6.26627e-04  3.09716e-01
2.738825974e+03  3.0942505e-01  6.39218e-04  3.09425e-01
2.738786849e+03  2.5853396e-01  5.91039e-04  2.58534e-01
2.738747724e+03  3.0604572e-01  5.81272e-04  3.06046e-01
2.738708599e+03  3.0936475e-01  5.98312e-04  3.09365e-01
2.738669476e+03  3.0925697e-01  5.71079e-04  3.09257e-01
2.738630352e+03  3.0965559e-01  5.54877e-04  3.09656e-01
2.738591229e+03  3.0964986e-01  5.49962e-04  3.09650e-01
2.738552107e+03  3.0870920e-01  5.45505e-04  3.08709e-01
2.738512986e+03  3.0762317e-01  5.43670e-04  3.07623e-01
2.738473865e+03  3.0818700e-01  5.43207e-04  3.08187e-01
2.738434744e+03  3.0906001e-01  5.43361e-04  3.09060e-01
2.738395624e+03  3.0957278e-01  5.43671e-04  3.09573e-01
2.738356505e+03  3.0986334e-01  5.44242e-04  3.09863e-01
2.738317386e+03  3.0987527e-01  5.44836e-04  3.09875e-01
2.738278268e+03  3.0993231e-01  5.45895e-04  3.09932e-01
2.738239150e+03  3.0969840e-01  5.48363e-04  3.09698e-01
2.738200033e+03  2.9913126e-01  5.50907e-04  2.99131e-01
2.738160916e+03  3.0901029e-01  6.05870e-04  3.09010e-01
2.738121800e+03  3.0775278e-01  5.77461e-04  3.07753e-01
2.738082685e+03  2.5716941e-01  5.40538e-04  2.57169e-01
2.738043570e+03  3.0890432e-01  5.85909e-04  3.08904e-01
2.738004456e+03  3.0980333e-01  5.69800e-04  3.09803e-01
2.737965342e+03  3.0980997e-01  5.55740e-04  3.09810e-01
2.737926229e+03  3.0954858e-01  5.50358e-04  3.09549e-01
2.737887116e+03  3.0958603e-01  5.45842e-04  3.09586e-01
2.737848004e+03  3.0961596e-01  5.43873e-04  3.09616e-01
2.737808892e+03  3.0969003e-01  5.42922e-04  3.09690e-01
2.737769781e+03  3.0962620e-01  5.42413e-04  3.09626e-01
2.737730671e+03  3.0954416e-01  5.43253e-04  3.09544e-01
2.737691561e+03  3.0955757e-01  5.41875e-04  3.09558e-01
2.737652452e+03  3.0963586e-01  5.41613e-04  3.09636e-01
2.737613343e+03  3.0959125e-01  5.44012e-04  3.09591e-01
2.737574235e+03  3.0955385e-01  5.46125e-04  3.09554e-01
2.737535127e+03  3.0945417e-01  5.41346e-04  3.09454e-01
2.737496020e+03  3.0930818e-01  5.41995e-04  3.09308e-01
2.737456913e+03  3.0912906e-01  5.44128e-04  3.09129e-01
2.737417807e+03  2.9809846e-01  5.35832e-04  2.98098e-01
2.737378702e+03  2.7112204e-01  5.17765e-04  2.71122e-01
2.737339597e+03  3.0904566e-01  5.47619e-04  3.09046e-01
2.737300493e+03  3.0822403e-01  5.45392e-04  3.08224e-01
2.737261389e+03  2.9781268e-01  5.49863e-04  2.97813e-01
2.737222286e+03  3.0901710e-01  5.60909e-04  3.09017e-01
2.737183183e+03  3.0920185e-01  6.01991e-04  3.09202e-01
2.737144081e+03  3.0925004e-01  5.88252e-04  3.09250e-01
2.737104980e+03  3.0934598e-01  5.94681e-04  3.09346e-01
2.737065879e+03  3.0944354e-01  5.78728e-04  3.09444e-01
2.737026778e+03  3.0951237e-01  5.63613e-04  3.09512e-01
2.736987679e+03  3.0939813e-01  5.49605e-04  3.09398e-01
2.736948579e+03  3.0938139e-01  5.45055e-04  3.09381e-01
2.736909481e+03  3.0935949e-01  5.45084e-04  3.09359e-01
2.736870382e+03  3.0942880e-01  5.42598e-04  3.09429e-01
2.736831285e+03  3.0916013e-01  5.41666e-04  3.09160e-01
2.736792188e+03  3.0948223e-01  5.43054e-04  3.09482e-01
2.736753091e+03  3.0936649e-01  5.41361e-04  3.09366e-01
2.736713995e+03  2.6379017e-01  5.10044e-04  2.63790e-01
2.736674900e+03  3.0936170e-01  5.45825e-04  3.09362e-01
2.736635805e+03  3.0964802e-01  5.45162e-04  3.09648e-01
2.736596711e+03  3.0963713e-01  5.41429e-04  3.09637e-01
2.736557617e+03  3.0928726e-01  5.42883e-04  3.09287e-01
2.736518524e+03  3.0956596e-01  5.44119e-04  3.09566e-01
2.736479432e+03  3.0961617e-01  5.40810e-04  3.09616e-01
2.736440340e+03  3.0937991e-01  5.40347e-04  3.09380e-01
2.736401248e+03  3.0917087e-01  5.40389e-04  3.09171e-01
2.736362157e+03  3.0960785e-01  5.41330e-04  3.09608e-01
2.736323067e+03  3.0969635e-01  5.42715e-04  3.09696e-01
2.736283977e+03  3.0552893e-01  5.41899e-04  3.05529e-01
2.736244888e+03  3.0955110e-01  5.43978e-04  3.09551e-01
2.736205799e+03  3.0969305e-01  5.48406e-04  3.09693e-01
2.736166711e+03  3.0963723e-01  5.54547e-04  3.09637e-01
2.736127624e+03  3.0960693e-01  5.69634e-04  3.09607e-01
2.736088537e+03  3.0956994e-01  5.85214e-04  3.09570e-01
2.736049450e+03  2.9219985e-01  5.85749e-04  2.92200e-01
2.736010365e+03  2.8385706e-01  5.41925e-04  2.83857e-01
2.735971279e+03  3.0950324e-01  5.49420e-04  3.09503e-01
2.735932194e+03  3.0954005e-01  5.46040e-04  3.09540e-01
2.735893110e+03  3.0953648e-01  5.44123e-04  3.09536e-01
2.735854027e+03  3.0769880e-01  5.42834e-04  3.07699e-01
2.735814944e+03  3.0902336e-01  5.43545e-04  3.09023e-01
2.735775861e+03  3.0903244e-01  5.44397e-04  3.09032e-01
2.735736779e+03  3.0937439e-01  5.44192e-04  3.09374e-01
2.735697698e+03  3.0939579e-01  5.47301e-04  3.09396e-01
2.735658617e+03  3.0939869e-01  5.47073e-04  3.09399e-01
2.735619537e+03  3.0897363e-01  5.45125e-04  3.08974e-01
2.735580457e+03  3.0847114e-01  5.41500e-04  3.08471e-01
2.735541378e+03  3.0894385e-01  5.41226e-04  3.08944e-01
2.735502299e+03  3.0923278e-01  5.41264e-04  3.09233e-01
2.735463221e+03  3.0921467e-01  5.42942e-04  3.09215e-01
2.735424144e+03  3.0914987e-01  5.44152e-04  3.09150e-01
2.735385067e+03  3.0891084e-01  5.45323e-04  3.08911e-01
2.735345990e+03  2.6943617e-01  5.13112e-04  2.69436e-01
2.735306914e+03  3.0908277e-01  5.40104e-04  3.09083e-01
2.735267839e+03  3.0916910e-01  5.39780e-04  3.09169e-01
2.735228765e+03  3.0914279e-01  5.41177e-04  3.09143e-01
2.735189690e+03  3.0917791e-01  5.41217e-04  3.09178e-01
2.735150617e+03  3.0931723e-01  5.40754e-04  3.09317e-01
2.735111544e+03  3.0936712e-01  5.43077e-04  3.09367e-01
2.735072471e+03  3.0916746e-01  5.40468e-04  3.09167e-01
2.735033399e+03  3.0888389e-01  5.43424e-04  3.08884e-01
2.734994328e+03  3.0947049e-01  5.41935e-04  3.09470e-01
2.734955257e+03  3.0938611e-01  5.41628e-04  3.09386e-01
2.734916187e+03  3.0940726e-01  5.49097e-04  3.09407e-01
2.734877117e+03  3.0918050e-01  5.43144e-04  3.09181e-01
2.734838048e+03  3.0940296e-01  5.40116e-04  3.09403e-01
2.734798980e+03  3.0945320e-01  5.39529e-04  3.09453e-01
2.734759912e+03  3.0947276e-01  5.39422e-04  3.09473e-01
2.734720844e+03  3.0935655e-01  5.39820e-04  3.09357e-01
2.734681777e+03  2.7300289e-01  5.14056e-04  2.73003e-01
2.734642711e+03  3.0878755e-01  5.39892e-04  3.08788e-01
2.734603645e+03  3.0916439e-01  5.42130e-04  3.09164e-01
2.734564580e+03  3.0914068e-01  5.41210e-04  3.09141e-01
2.734525515e+03  3.0918103e-01  5.45624e-04  3.09181e-01
2.734486451e+03  3.0914837e-01  5.47851e-04  3.09148e-01
2.734447388e+03  3.0915273e-01  5.55711e-04  3.09153e-01
2.734408325e+03  3.0911389e-01  5.49276e-04  3.09114e-01
2.734369262e+03  3.0911701e-01  5.41459e-04  3.09117e-01
2.734330201e+03  3.0909501e-01  5.40401e-04  3.09095e-01
2.734291139e+03  3.0876541e-01  5.39441e-04  3.08765e-01
2.734252078e+03  3.0909001e-01  5.39249e-04  3.09090e-01
2.734213018e+03  3.0907674e-01  5.38962e-04  3.09077e-01
2.734173959e+03  3.0907328e-01  5.39012e-04  3.09073e-01
2.734134900e+03  3.0892907e-01  5.38851e-04  3.08929e-01
2.734095841e+03  3.0914241e-01  5.39396e-04  3.09142e-01
2.734056783e+03  3.0911699e-01  5.39129e-04  3.09117e-01
2.734017726e+03  3.0632433e-01  5.37531e-04  3.06324e-01
2.733978669e+03  2.7792530e-01  5.19334e-04  2.77925e-01
2.733939613e+03  3.0718358e-01  5.43900e-04  3.07184e-01
2.733900557e+03  3.0758916e-01  5.46181e-04  3.07589e-01
2.733861502e+03  3.0759240e-01  5.47034e-04  3.07592e-01
2.733822447e+03  3.0697028e-01  5.46956e-04  3.06970e-01
2.733783393e+03  3.0813315e-01  5.57763e-04  3.08133e-01
2.733744340e+03  3.0824755e-01  5.50023e-04  3.08248e-01
2.733705287e+03  3.0555926e-01  5.44013e-04  3.05559e-01
2.733666234e+03  3.0578877e-01  5.44879e-04  3.05789e-01
2.733627182e+03  3.0735959e-01  5.41203e-04  3.07360e-01
2.733588131e+03  3.0734760e-01  5.43245e-04  3.07348e-01
2.733549081e+03  3.0636931e-01  5.40346e-04  3.06369e-01
2.733510030e+03  3.0492839e-01  5.37021e-04  3.04928e-01
2.733470981e+03  3.0019310e-01  5.35350e-04  3.00193e-01
2.733431932e+03  2.8567249e-01  5.23095e-04  2.85672e-01
2.733392883e+03  2.7173697e-01  5.12896e-04  2.71737e-01
2.733353835e+03  2.8554080e-01  5.23302e-04  2.85541e-01
2.733314788e+03  2.7062841e-01  5.12298e-04  2.70628e-01
2.733275741e+03  3.0396253e-01  5.36263e-04  3.03963e-01
2.733236695e+03  3.0493537e-01  5.37183e-04  3.04935e-01
2.733197649e+03  3.0698214e-01  5.41062e-04  3.06982e-01
2.733158604e+03  3.0812034e-01  5.48662e-04  3.08120e-01
2.733119560e+03  3.0843844e-01  5.44438e-04  3.08438e-01
2.733080516e+03  3.0845973e-01  5.43446e-04  3.08460e-01
2.733041472e+03  3.0858713e-01  5.56055e-04  3.08587e-01
2.733002429e+03  3.0871223e-01  5.52507e-04  3.08712e-01
2.732963387e+03  3.0886053e-01  5.46235e-04  3.08861e-01
2.732924345e+03  3.0884783e-01  5.41532e-04  3.08848e-01
2.732885304e+03  3.0889432e-01  5.40303e-04  3.08894e-01
2.732846263e+03  3.0851809e-01  5.40247e-04  3.08518e-01
2.732807223e+03  3.0807254e-01  5.40672e-04  3.08073e-01
2.732768184e+03  3.0828012e-01  5.43469e-04  3.08280e-01
2.732729145e+03  3.0888082e-01  5.59937e-04  3.08881e-01
2.732690106e+03  3.0882690e-01  5.63770e-04  3.08827e-01
2.732651068e+03  2.8171578e-01  5.26414e-04  2.81716e-01
2.732612031e+03  3.0843358e-01  5.43596e-04  3.08434e-01
2.732572994e+03  3.0857177e-01  5.45152e-04  3.08572e-01
2.732533958e+03  3.0861607e-01  5.52263e-04  3.08616e-01
2.732494922e+03  3.0820204e-01  5.65685e-04  3.08202e-01
2.732455887e+03  3.0850883e-01  5.56748e-04  3.08509e-01
2.732416853e+03  3.0893669e-01  5.47012e-04  3.08937e-01
2.732377819e+03  3.0899989e-01  5.43320e-04  3.09000e-01
2.732338785e+03  3.0818324e-01  5.40524e-04  3.08183e-01
2.732299753e+03  3.0371294e-01  5.36499e-04  3.03713e-01
2.732260720e+03  3.0293697e-01  5.36946e-04  3.02937e-01
2.732221689e+03  3.0576526e-01  5.37335e-04  3.05765e-01
2.732182657e+03  3.0640001e-01  5.37309e-04  3.06400e-01
2.732143627e+03  3.0833699e-01  5.38592e-04  3.08337e-01
2.732104597e+03  3.0871427e-01  5.38783e-04  3.08714e-01
2.732065567e+03  3.0872280e-01  5.38912e-04  3.08723e-01
2.732026538e+03  3.0753172e-01  5.37851e-04  3.07532e-01
2.731987510e+03  2.8295606e-01  5.21032e-04  2.82956e-01
2.731948482e+03  3.0734724e-01  5.37944e-04  3.07347e-01
2.731909455e+03  3.0851766e-01  5.38791e-04  3.08518e-01
2.731870428e+03  3.0857952e-01  5.39091e-04  3.08580e-01
2.731831402e+03  3.0890437e-01  5.41825e-04  3.08904e-01
2.731792376e+03  3.0906722e-01  5.42632e-04  3.09067e-01
2.731753351e+03  3.0904307e-01  5.41033e-04  3.09043e-01
2.731714327e+03  3.0888535e-01  5.39302e-04  3.08885e-01
2.731675303e+03  3.0797435e-01  5.38672e-04  3.07974e-01
2.731636279e+03  3.0713205e-01  5.38062e-04  3.07132e-01
2.731597257e+03  3.0776600e-01  5.38685e-04  3.07766e-01
2.731558234e+03  3.0877970e-01  5.40403e-04  3.08780e-01
2.731519213e+03  3.0897246e-01  5.41342e-04  3.08972e-01
2.731480191e+03  3.0886184e-01  5.48091e-04  3.08862e-01
2.731441171e+03  3.0874242e-01  5.45975e-04  3.08742e-01
2.731402151e+03  3.0814778e-01  5.40962e-04  3.08148e-01
2.731363131e+03  3.0751924e-01  5.39804e-04  3.07519e-01
2.731324112e+03  2.8624449e-01  5.25361e-04  2.86244e-01
2.731285094e+03  3.0746240e-01  5.41326e-04  3.07462e-01
2.731246076e+03  3.0853706e-01  5.43539e-04  3.08537e-01
2.731207059e+03  3.0864874e-01  5.43023e-04  3.08649e-01
2.731168042e+03  3.0861841e-01  5.44266e-04  3.08618e-01
2.731129026e+03  3.0853678e-01  5.46529e-04  3.08537e-01
2.731090011e+03  2.8873422e-01  5.36416e-04  2.88734e-01
2.731050996e+03  3.0772884e-01  5.52868e-04  3.07729e-01
2.731011981e+03  3.0885120e-01  5.63931e-04  3.08851e-01
2.730972967e+03  3.0892085e-01  5.87045e-04  3.08921e-01
2.730933954e+03  3.0895099e-01  6.17121e-04  3.08951e-01
2.730894941e+03  3.0895068e-01  6.02015e-04  3.08951e-01
2.730855929e+03  3.0886310e-01  5.71391e-04  3.08863e-01
2.730816917e+03  3.0878751e-01  5.56078e-04  3.08788e-01
2.730777906e+03  3.0842729e-01  5.48790e-04  3.08427e-01
2.730738896e+03  3.0714339e-01  5.44388e-04  3.07143e-01
2.730699886e+03  3.0692193e-01  5.42767e-04  3.06922e-01
2.730660876e+03  2.9015149e-01  5.31316e-04  2.90151e-01
2.730621867e+03  3.0853024e-01  5.47818e-04  3.08530e-01
2.730582859e+03  3.0880889e-01  5.42683e-04  3.08809e-01
2.730543851e+03  3.0826828e-01  5.40714e-04  3.08268e-01
2.730504844e+03  3.0540611e-01  5.39049e-04  3.05406e-01
2.730465837e+03  3.0618252e-01  5.38929e-04  3.06183e-01
2.730426831e+03  3.0868134e-01  5.40204e-04  3.08681e-01
2.730387826e+03  3.0876891e-01  5.40306e-04  3.08769e-01
2.730348821e+03  3.0798403e-01  5.40425e-04  3.07984e-01
2.730309816e+03  3.0863945e-01  5.43795e-04  3.08639e-01
2.730270812e+03  3.0869407e-01  5.45425e-04  3.08694e-01
2.730231809e+03  3.0841098e-01  5.41001e-04  3.08411e-01
2.730192806e+03  3.0777157e-01  5.41289e-04  3.07772e-01
2.730153804e+03  3.0642667e-01  5.40201e-04  3.06427e-01
2.730114802e+03  3.0491229e-01  5.43549e-04  3.04912e-01
2.730075801e+03  3.0182033e-01  5.39392e-04  3.01820e-01
2.730036801e+03  3.0579122e-01  5.41085e-04  3.05791e-01
2.729997801e+03  2.9228424e-01  5.33227e-04  2.92284e-01
2.729958801e+03  3.0822657e-01  5.49013e-04  3.08227e-01
2.729919803e+03  3.0853567e-01  5.58175e-04  3.08536e-01
2.729880804e+03  3.0823622e-01  5.60555e-04  3.08236e-01
2.729841807e+03  3.0194024e-01  5.48104e-04  3.01940e-01
2.729802809e+03  3.0864805e-01  5.49276e-04  3.08648e-01
2.729763813e+03  3.0853704e-01  5.51633e-04  3.08537e-01
2.729724817e+03  3.0873274e-01  5.59989e-04  3.08733e-01
2.729685821e+03  3.0872869e-01  5.78544e-04  3.08729e-01
2.729646826e+03  3.0887864e-01  5.81389e-04  3.08879e-01
2.729607832e+03  3.0818094e-01  6.08787e-04  3.08181e-01
2.729568838e+03  3.0865894e-01  6.37721e-04  3.08659e-01
2.729529845e+03  3.0869083e-01  5.69834e-04  3.08691e-01
2.729490852e+03  3.0861136e-01  5.49929e-04  3.08611e-01
2.729451860e+03  3.0850851e-01  5.45693e-04  3.08509e-01
2.729412868e+03  3.0850178e-01  5.47264e-04  3.08502e-01
2.729373877e+03  3.0850944e-01  5.60559e-04  3.08509e-01
2.729334887e+03  2.9500756e-01  5.67354e-04  2.95008e-01
2.729295897e+03  3.0825893e-01  5.46776e-04  3.08259e-01
2.729256907e+03  3.0828734e-01  5.42116e-04  3.08287e-01
2.729217919e+03  3.0828225e-01  5.40721e-04  3.08282e-01
2.729178930e+03  3.0785093e-01  5.40409e-04  3.07851e-01
2.729139943e+03  3.0799194e-01  5.39689e-04  3.07992e-01
2.729100955e+03  3.0784775e-01  5.39352e-04  3.07848e-01
2.729061969e+03  3.0747524e-01  5.39454e-04  3.07475e-01
2.729022983e+03  3.0669480e-01  5.40323e-04  3.06695e-01
2.728983997e+03  3.0626492e-01  5.40334e-04  3.06265e-01
2.728945012e+03  3.0597968e-01  5.38803e-04  3.05980e-01
2.728906028e+03  3.0589560e-01  5.37796e-04  3.05896e-01
2.728867044e+03  3.0606467e-01  5.37587e-04  3.06065e-01
2.728828061e+03  3.0611805e-01  5.37297e-04  3.06118e-01
2.728789078e+03  3.0741686e-01  5.38338e-04  3.07417e-01
2.728750096e+03  3.0767536e-01  5.39174e-04  3.07675e-01
2.728711114e+03  3.0787491e-01  5.40562e-04  3.07875e-01
2.728672133e+03  2.9667668e-01  5.37480e-04  2.96677e-01
2.728633153e+03  3.0814776e-01  5.46286e-04  3.08148e-01
2.728594173e+03  3.0828583e-01  5.42982e-04  3.08286e-01
2.728555194e+03  3.0837413e-01  5.40082e-04  3.08374e-01
2.728516215e+03  3.0838221e-01  5.40043e-04  3.08382e-01
2.728477237e+03  3.0844088e-01  5.40725e-04  3.08441e-01
2.728438259e+03  3.0852896e-01  5.41598e-04  3.08529e-01
2.728399282e+03  3.0852126e-01  5.52626e-04  3.08521e-01
2.728360305e+03  3.0849851e-01  5.58269e-04  3.08499e-01
2.728321329e+03  3.0852595e-01  5.42709e-04  3.08526e-01
2.728282354e+03  3.0853276e-01  5.40289e-04  3.08533e-01
2.728243379e+03  3.0827569e-01  5.40005e-04  3.08276e-01
2.728204404e+03  3.0637958e-01  5.38926e-04  3.06380e-01
2.728165431e+03  3.0855625e-01  5.40491e-04  3.08556e-01
2.728126457e+03  3.0861978e-01  5.41853e-04  3.08620e-01
2.728087485e+03  3.0775433e-01  5.44135e-04  3.07754e-01
2.728048513e+03  3.0854134e-01  5.46834e-04  3.08541e-01
2.728009541e+03  2.9879252e-01  5.37539e-04  2.98793e-01
2.727970570e+03  3.0837573e-01  5.41821e-04  3.08376e-01
2.727931600e+03  3.0837318e-01  5.41065e-04  3.08373e-01
2.727892630e+03  3.0824394e-01  5.41521e-04  3.08244e-01
2.727853660e+03  3.0734229e-01  5.41644e-04  3.07342e-01
2.727814692e+03  3.0683247e-01  5.39768e-04  3.06832e-01
2.727775723e+03  3.0734844e-01  5.39346e-04  3.07348e-01
2.727736756e+03  3.0787121e-01  5.39407e-04  3.07871e-01
2.727697789e+03  3.0809338e-01  5.39831e-04  3.08093e-01
2.727658822e+03  3.0856008e-01  5.41224e-04  3.08560e-01
2.727619856e+03  3.0857150e-01  5.40617e-04  3.08571e-01
2.727580891e+03  3.0856205e-01  5.40926e-04  3.08562e-01
2.727541926e+03  3.0837696e-01  5.42225e-04  3.08377e-01
2.727502961e+03  3.0750640e-01  5.41658e-04  3.07506e-01
2.727463998e+03  3.0767183e-01  5.41502e-04  3.07672e-01
2.727425034e+03  3.0827976e-01  5.41285e-04  3.08280e-01
2.727386072e+03  3.0786569e-01  5.41173e-04  3.07866e-01
2.727347110e+03  2.9936993e-01  5.35967e-04  2.99370e-01
2.727308148e+03  3.0778541e-01  5.43997e-04  3.07785e-01
2.727269187e+03  3.0724521e-01  5.56095e-04  3.07245e-01
2.727230227e+03  3.0703043e-01  5.50953e-04  3.07030e-01
2.727191267e+03  3.0761767e-01  5.45674e-04  3.07618e-01
2.727152307e+03  3.0777876e-01  5.46172e-04  3.07779e-01
2.727113349e+03  3.0697151e-01  5.47948e-04  3.06972e-01
2.727074391e+03  3.0680684e-01  5.50906e-04  3.06807e-01
2.727035433e+03  3.0772745e-01  5.55921e-04  3.07727e-01
2.726996476e+03  3.0778018e-01  5.67640e-04  3.07780e-01
2.726957519e+03  3.0756827e-01  6.08973e-04  3.07568e-01
2.726918563e+03  3.0710517e-01  8.76445e-04  3.07105e-01
2.726879608e+03  3.0680458e-01  7.00803e-04  3.06805e-01
2.726840653e+03  3.0724847e-01  6.16810e-04  3.07248e-01
2.726801699e+03  3.0666037e-01  6.77883e-04  3.06660e-01
2.726762745e+03  3.0626125e-01  6.39700e-04  3.06261e-01
2.726723792e+03  3.0077888e-01  7.09995e-04  3.00779e-01
2.726684839e+03  3.0682288e-01  1.23782e-03  3.06823e-01
2.726645887e+03  3.0222464e-01  1.96160e-03  3.02225e-01
2.726606935e+03  2.9676535e-01  1.79550e-03  2.96765e-01
2.726567984e+03  3.0214106e-01  1.00351e-03  3.02141e-01
2.726529034e+03  3.0524010e-01  9.73147e-04  3.05240e-01
2.726490084e+03  3.0715150e-01  7.20424e-04  3.07152e-01
2.726451135e+03  3.0716925e-01  6.33202e-04  3.07169e-01
2.726412186e+03  3.0627104e-01  5.87998e-04  3.06271e-01
2.726373238e+03  3.0730073e-01  5.75313e-04  3.07301e-01
2.726334290e+03  2.7784764e-01  5.53514e-04  2.77848e-01
2.726295343e+03  3.0006813e-01  5.94822e-04  3.00068e-01
2.726256397e+03  3.0817531e-01  6.06756e-04  3.08175e-01
2.726217451e+03  3.0820704e-01  6.30690e-04  3.08207e-01
2.726178505e+03  3.0829134e-01  6.94538e-04  3.08291e-01
2.726139561e+03  3.0818035e-01  7.11716e-04  3.08180e-01
2.726100616e+03  3.0797495e-01  6.35999e-04  3.07975e-01
2.726061673e+03  3.0251397e-01  5.84508e-04  3.02514e-01
2.726022729e+03  3.0761704e-01  5.68588e-04  3.07617e-01
2.725983787e+03  3.0650572e-01  5.59014e-04  3.06506e-01
2.725944845e+03  3.0616971e-01  5.55169e-04  3.06170e-01
2.725905903e+03  3.0743612e-01  5.56113e-04  3.07436e-01
2.725866962e+03  3.0670734e-01  5.65258e-04  3.06707e-01
2.725828022e+03  2.9247110e-01  6.16445e-04  2.92471e-01
2.725789082e+03  3.0777476e-01  5.79170e-04  3.07775e-01
2.725750143e+03  3.0831470e-01  5.72536e-04  3.08315e-01
2.725711204e+03  3.0835408e-01  5.95502e-04  3.08354e-01
2.725672266e+03  3.0833039e-01  6.13618e-04  3.08330e-01
2.725633328e+03  3.0830748e-01  5.83274e-04  3.08307e-01
2.725594391e+03  3.0819486e-01  5.60987e-04  3.08195e-01
2.725555455e+03  3.0812659e-01  5.52256e-04  3.08127e-01
2.725516519e+03  3.0807094e-01  5.51619e-04  3.08071e-01
2.725477583e+03  3.0780823e-01  5.51179e-04  3.07808e-01
2.725438648e+03  3.0327645e-01  5.58741e-04  3.03276e-01
2.725399714e+03  3.0682305e-01  5.56932e-04  3.06823e-01
2.725360780e+03  3.0802689e-01  5.46808e-04  3.08027e-01
2.725321847e+03  3.0814115e-01  5.46085e-04  3.08141e-01
2.725282915e+03  3.0810659e-01  5.45626e-04  3.08107e-01
2.725243983e+03  3.0800440e-01  5.41946e-04  3.08004e-01
2.725205051e+03  3.0791030e-01  5.41038e-04  3.07910e-01
2.725166120e+03  3.0766659e-01  5.40182e-04  3.07667e-01
2.725127190e+03  3.0744418e-01  5.40170e-04  3.07444e-01
2.725088260e+03  3.0576141e-01  5.40825e-04  3.05761e-01
2.725049331e+03  3.0731291e-01  5.45581e-04  3.07313e-01
2.725010402e+03  3.0731589e-01  5.40745e-04  3.07316e-01
2.724971474e+03  3.0643384e-01  5.39459e-04  3.06434e-01
2.724932546e+03  3.0682923e-01  5.40082e-04  3.06829e-01
2.724893619e+03  3.0760129e-01  5.41646e-04  3.07601e-01
2.724854693e+03  3.0767987e-01  5.45117e-04  3.07680e-01
2.724815767e+03  3.0779666e-01  5.60268e-04  3.07797e-01
2.724776841e+03  3.0443256e-01  5.49357e-04  3.04433e-01
2.724737916e+03  3.0799109e-01  5.44954e-04  3.07991e-01
2.724698992e+03  3.0805330e-01  5.42640e-04  3.08053e-01
2.724660068e+03  3.0801182e-01  5.41563e-04  3.08012e-01
2.724621145e+03  3.0775192e-01  5.41229e-04  3.07752e-01
2.724582223e+03  3.0799814e-01  5.41724e-04  3.07998e-01
2.724543301e+03  3.0772922e-01  5.42202e-04  3.07729e-01
2.724504379e+03  3.0770654e-01  5.44628e-04  3.07707e-01
2.724465458e+03  3.0776346e-01  5.52323e-04  3.07763e-01
2.724426538e+03  3.0770120e-01  5.94408e-04  3.07701e-01
2.724387618e+03  3.0738123e-01  5.66680e-04  3.07381e-01
2.724348699e+03  3.0440288e-01  5.48594e-04  3.04403e-01
2.724309780e+03  3.0734240e-01  5.45089e-04  3.07342e-01
2.724270862e+03  3.0712023e-01  5.45225e-04  3.07120e-01
2.724231944e+03  3.0673619e-01  5.48553e-04  3.06736e-01
2.724193027e+03  3.0625219e-01  5.52448e-04  3.06252e-01
2.724154111e+03  3.0249321e-01  5.44364e-04  3.02493e-01
2.724115195e+03  3.0345041e-01  5.42660e-04  3.03450e-01
2.724076279e+03  2.9963995e-01  5.40109e-04  2.99640e-01
2.724037365e+03  2.9149598e-01  5.35706e-04  2.91496e-01
2.723998450e+03  2.8406424e-01  5.32472e-04  2.84064e-01
2.723959537e+03  2.8549893e-01  5.37819e-04  2.85499e-01
2.723920623e+03  2.7732109e-01  5.37048e-04  2.77321e-01
2.723881711e+03  3.0208745e-01  5.67227e-04  3.02087e-01
2.723842799e+03  2.9732986e-01  5.92173e-04  2.97330e-01
2.723803887e+03  3.0421670e-01  6.56889e-04  3.04217e-01
2.723764976e+03  3.0598496e-01  6.78658e-04  3.05985e-01
2.723726066e+03  3.0660450e-01  6.31384e-04  3.06605e-01
2.723687156e+03  3.0690536e-01  6.06825e-04  3.06905e-01
2.723648247e+03  3.0703971e-01  5.87846e-04  3.07040e-01
2.723609338e+03  3.0505662e-01  5.69815e-04  3.05057e-01
2.723570430e+03  3.0605563e-01  5.64309e-04  3.06056e-01
2.723531522e+03  3.0488856e-01  5.63735e-04  3.04889e-01
2.723492615e+03  2.5851350e-01  5.36816e-04  2.58514e-01
2.723453709e+03  3.0611279e-01  5.85481e-04  3.06113e-01
2.723414803e+03  3.0621146e-01  6.20261e-04  3.06211e-01
2.723375898e+03  3.0619530e-01  7.02818e-04  3.06195e-01
2.723336993e+03  3.0632054e-01  8.10843e-04  3.06321e-01
2.723298089e+03  3.0645457e-01  7.33877e-04  3.06455e-01
2.723259185e+03  3.0650595e-01  6.34321e-04  3.06506e-01
2.723220282e+03  3.0651069e-01  5.90053e-04  3.06511e-01
2.723181379e+03  3.0657494e-01  5.70540e-04  3.06575e-01
2.723142477e+03  3.0675898e-01  5.60907e-04  3.06759e-01
2.723103576e+03  3.0709960e-01  5.56150e-04  3.07100e-01
2.723064675e+03  3.0688566e-01  5.53739e-04  3.06886e-01
2.723025774e+03  3.0757803e-01  5.54754e-04  3.07578e-01
2.722986875e+03  3.0763118e-01  5.53909e-04  3.07631e-01
2.722947975e+03  3.0737353e-01  5.55155e-04  3.07374e-01
2.722909077e+03  3.0740205e-01  5.59109e-04  3.07402e-01
2.722870178e+03  3.0563421e-01  5.60604e-04  3.05634e-01
2.722831281e+03  2.6095946e-01  5.32795e-04  2.60959e-01
2.722792384e+03  3.0660435e-01  5.77504e-04  3.06604e-01
2.722753487e+03  3.0780025e-01  6.06005e-04  3.07800e-01
2.722714591e+03  3.0784398e-01  6.72041e-04  3.07844e-01
2.722675696e+03  3.0782161e-01  7.99468e-04  3.07822e-01
2.722636801e+03  3.0788663e-01  7.82699e-04  3.07887e-01
2.722597907e+03  3.0793145e-01  6.60057e-04  3.07931e-01
2.722559013e+03  3.0793098e-01  6.03367e-04  3.07931e-01
2.722520120e+03  3.0771035e-01  5.76063e-04  3.07710e-01
2.722481228e+03  3.0775336e-01  5.64326e-04  3.07753e-01
2.722442336e+03  3.0774925e-01  5.60934e-04  3.07749e-01
2.722403444e+03  3.0774664e-01  5.55351e-04  3.07747e-01
2.722364553e+03  3.0768761e-01  5.53014e-04  3.07688e-01
2.722325663e+03  3.0743495e-01  5.51881e-04  3.07435e-01
2.722286773e+03  3.0715438e-01  5.51593e-04  3.07154e-01
2.722247884e+03  3.0572653e-01  5.52267e-04  3.05727e-01
2.722208995e+03  3.0730305e-01  5.57849e-04  3.07303e-01
2.722170107e+03  3.0758764e-01  5.57509e-04  3.07588e-01
2.722131219e+03  3.0757606e-01  5.62663e-04  3.07576e-01
2.722092332e+03  2.7143807e-01  5.44911e-04  2.71438e-01
2.722053446e+03  2.8496870e-01  5.69300e-04  2.84969e-01
2.722014560e+03  2.9619051e-01  6.11591e-04  2.96191e-01
2.721975674e+03  3.0780115e-01  7.10719e-04  3.07801e-01
2.721936790e+03  3.0781667e-01  9.19733e-04  3.07817e-01
2.721897905e+03  3.0784092e-01  9.94153e-04  3.07841e-01
2.721859022e+03  3.0359003e-01  8.81638e-04  3.03590e-01
2.721820139e+03  3.0760453e-01  6.98731e-04  3.07605e-01
2.721781256e+03  3.0776686e-01  6.21744e-04  3.07767e-01
2.721742374e+03  3.0782145e-01  5.95175e-04  3.07821e-01
2.721703492e+03  3.0781740e-01  5.87652e-04  3.07817e-01
2.721664612e+03  3.0787057e-01  5.73429e-04  3.07871e-01
2.721625731e+03  3.0681358e-01  5.60459e-04  3.06814e-01
2.721586851e+03  3.0792132e-01  5.55644e-04  3.07921e-01
2.721547972e+03  3.0788676e-01  5.52218e-04  3.07887e-01
2.721509093e+03  3.0779955e-01  5.55561e-04  3.07800e-01
2.721470215e+03  3.0779931e-01  5.52198e-04  3.07799e-01
2.721431338e+03  3.0758795e-01  5.48079e-04  3.07588e-01
2.721392461e+03  3.0756348e-01  5.48947e-04  3.07563e-01
2.721353584e+03  3.0489060e-01  5.46374e-04  3.04891e-01
2.721314708e+03  3.0772744e-01  5.48852e-04  3.07727e-01
2.721275833e+03  3.0781992e-01  5.54664e-04  3.07820e-01
2.721236958e+03  3.0780838e-01  5.65826e-04  3.07808e-01
2.721198084e+03  3.0785304e-01  5.54299e-04  3.07853e-01
2.721159210e+03  3.0784064e-01  5.54941e-04  3.07841e-01
2.721120337e+03  3.0767781e-01  5.57416e-04  3.07678e-01
2.721081464e+03  2.8871334e-01  5.48678e-04  2.88713e-01
2.721042592e+03  3.0708516e-01  5.70940e-04  3.07085e-01
2.721003721e+03  2.7072847e-01  5.63923e-04  2.70728e-01
2.720964850e+03  3.0565863e-01  6.33262e-04  3.05659e-01
2.720925979e+03  3.0712470e-01  7.07618e-04  3.07125e-01
2.720887110e+03  3.0757289e-01  7.31152e-04  3.07573e-01
2.720848240e+03  3.0773221e-01  7.52379e-04  3.07732e-01
2.720809372e+03  3.0772641e-01  7.54180e-04  3.07726e-01
2.720770504e+03  3.0766436e-01  6.86461e-04  3.07664e-01
2.720731636e+03  2.9982514e-01  6.09670e-04  2.99825e-01
2.720692769e+03  2.9629168e-01  5.89199e-04  2.96292e-01
2.720653902e+03  2.8141596e-01  5.80566e-04  2.81416e-01
2.720615037e+03  3.0432666e-01  6.22599e-04  3.04327e-01
2.720576171e+03  3.0757349e-01  6.92739e-04  3.07573e-01
2.720537306e+03  3.0764241e-01  7.51005e-04  3.07642e-01
2.720498442e+03  3.0647281e-01  7.49692e-04  3.06473e-01
2.720459578e+03  3.0730279e-01  6.89199e-04  3.07303e-01
2.720420715e+03  3.0761894e-01  6.22868e-04  3.07619e-01
2.720381853e+03  3.0691551e-01  5.93498e-04  3.06916e-01
2.720342991e+03  3.0749634e-01  5.88015e-04  3.07496e-01
2.720304129e+03  2.8080286e-01  5.66087e-04  2.80803e-01
2.720265268e+03  3.0448664e-01  5.80424e-04  3.04487e-01
2.720226408e+03  3.0693566e-01  5.95783e-04  3.06936e-01
2.720187548e+03  3.0704773e-01  6.48746e-04  3.07048e-01
2.720148689e+03  2.9772305e-01  8.04849e-04  2.97723e-01
2.720109830e+03  3.0710990e-01  8.63644e-04  3.07110e-01
2.720070972e+03  3.0699504e-01  6.79695e-04  3.06995e-01
2.720032114e+03  3.0604017e-01  6.23954e-04  3.06040e-01
2.719993257e+03  3.0704728e-01  6.32458e-04  3.07047e-01
2.719954401e+03  3.0687490e-01  6.14297e-04  3.06875e-01
2.719915545e+03  3.0638856e-01  5.81527e-04  3.06389e-01
2.719876689e+03  3.0294930e-01  5.63858e-04  3.02949e-01
2.719837835e+03  3.0542591e-01  5.55483e-04  3.05426e-01
2.719798980e+03  3.0089600e-01  5.47013e-04  3.00896e-01
2.719760127e+03  3.0187337e-01  5.45499e-04  3.01873e-01
2.719721273e+03  2.9920878e-01  5.44769e-04  2.99209e-01
2.719682421e+03  2.8976573e-01  5.41750e-04  2.89766e-01
2.719643569e+03  2.7703118e-01  5.43835e-04  2.77031e-01
2.719604717e+03  2.8139458e-01  5.45947e-04  2.81395e-01
2.719565866e+03  2.9311486e-01  5.42356e-04  2.93115e-01
2.719527016e+03  2.9830913e-01  5.40274e-04  2.98309e-01
2.719488166e+03  2.9903177e-01  5.40041e-04  2.99032e-01
2.719449317e+03  3.0183832e-01  5.41790e-04  3.01838e-01
2.719410468e+03  3.0454924e-01  5.40102e-04  3.04549e-01
2.719371620e+03  3.0558437e-01  5.39830e-04  3.05584e-01
2.719332772e+03  3.0605986e-01  5.39809e-04  3.06060e-01
2.719293925e+03  3.0609494e-01  5.39687e-04  3.06095e-01
2.719255079e+03  3.0552199e-01  5.39464e-04  3.05522e-01
2.719216233e+03  3.0663835e-01  5.41064e-04  3.06638e-01
2.719177387e+03  3.0642094e-01  5.42028e-04  3.06421e-01
2.719138543e+03  3.0465512e-01  5.44121e-04  3.04655e-01
2.719099698e+03  3.0474112e-01  5.46335e-04  3.04741e-01
2.719060855e+03  3.0666328e-01  5.44776e-04  3.06663e-01
2.719022011e+03  3.0665071e-01  5.42723e-04  3.06651e-01
2.718983169e+03  3.0644383e-01  5.42124e-04  3.06444e-01
2.718944327e+03  3.0467961e-01  5.41265e-04  3.04680e-01
2.718905485e+03  3.0560885e-01  5.43277e-04  3.05609e-01
2.718866644e+03  3.0573147e-01  5.46218e-04  3.05731e-01
2.718827804e+03  2.9740065e-01  5.46355e-04  2.97401e-01
2.718788964e+03  2.9864298e-01  5.57631e-04  2.98643e-01
2.718750125e+03  3.0594897e-01  5.75898e-04  3.05949e-01
2.718711286e+03  2.9649308e-01  6.00349e-04  2.96493e-01
2.718672448e+03  3.0524373e-01  6.83061e-04  3.05244e-01
2.718633610e+03  3.0488847e-01  6.77484e-04  3.04888e-01
2.718594773e+03  3.0393789e-01  6.22226e-04  3.03938e-01
2.718555937e+03  3.0337431e-01  6.21667e-04  3.03374e-01
2.718517101e+03  3.0160368e-01  5.97708e-04  3.01604e-01
2.718478265e+03  2.9938124e-01  5.67092e-04  2.99381e-01
2.718439430e+03  2.9467677e-01  5.49021e-04  2.94677e-01
2.718400596e+03  2.8466385e-01  5.34784e-04  2.84664e-01
2.718361762e+03  2.6603483e-01  5.16807e-04  2.66035e-01
2.718322929e+03  2.6045089e-01  5.10542e-04  2.60451e-01
2.718284097e+03  2.7129687e-01  5.17022e-04  2.71297e-01
2.718245264e+03  2.8505212e-01  5.26568e-04  2.85052e-01
2.718206433e+03  2.9276455e-01  5.33715e-04  2.92765e-01
2.718167602e+03  2.9703328e-01  5.36120e-04  2.97033e-01
2.718128772e+03  2.9994211e-01  5.42357e-04  2.99942e-01
2.718089942e+03  3.0164096e-01  5.42818e-04  3.01641e-01
2.718051112e+03  3.0265554e-01  5.54620e-04  3.02656e-01
2.718012284e+03  3.0351967e-01  5.46817e-04  3.03520e-01
2.717973455e+03  3.0409232e-01  5.43393e-04  3.04092e-01
2.717934628e+03  3.0467686e-01  5.44125e-04  3.04677e-01
2.717895801e+03  2.9528586e-01  5.37087e-04  2.95286e-01
2.717856974e+03  3.0562232e-01  5.47660e-04  3.05622e-01
2.717818148e+03  3.0585592e-01  5.58180e-04  3.05856e-01
2.717779323e+03  3.0601253e-01  5.96155e-04  3.06013e-01
2.717740498e+03  3.0569584e-01  6.88538e-04  3.05696e-01
2.717701674e+03  3.0470557e-01  6.03727e-04  3.04706e-01
2.717662850e+03  3.0524045e-01  5.59606e-04  3.05240e-01
2.717624027e+03  3.0036569e-01  5.44519e-04  3.00366e-01
2.717585204e+03  3.0528023e-01  5.44783e-04  3.05280e-01
2.717546382e+03  3.0502983e-01  5.42697e-04  3.05030e-01
2.717507560e+03  3.0630906e-01  5.44493e-04  3.06309e-01
2.717468739e+03  3.0673048e-01  5.49129e-04  3.06730e-01
2.717429919e+03  3.0675939e-01  5.56095e-04  3.06759e-01
2.717391099e+03  3.0663219e-01  5.47763e-04  3.06632e-01
2.717352280e+03  3.0615726e-01  5.48518e-04  3.06157e-01
2.717313461e+03  3.0615723e-01  5.79025e-04  3.06157e-01
2.717274643e+03  3.0605375e-01  5.74982e-04  3.06054e-01
2.717235825e+03  3.0665141e-01  5.71569e-04  3.06651e-01
2.717197008e+03  3.0671214e-01  5.92140e-04  3.06712e-01
2.717158192e+03  3.0611952e-01  5.54194e-04  3.06120e-01
2.717119376e+03  3.0520328e-01  5.47017e-04  3.05203e-01
2.717080560e+03  3.0249167e-01  5.41858e-04  3.02492e-01
2.717041745e+03  3.0633888e-01  5.44726e-04  3.06339e-01
2.717002931e+03  3.0511714e-01  5.46145e-04  3.05117e-01
2.716964117e+03  3.0195230e-01  5.51725e-04  3.01952e-01
2.716925304e+03  3.0666846e-01  5.72472e-04  3.06668e-01
2.716886491e+03  3.0205499e-01  5.72723e-04  3.02055e-01
2.716847679e+03  3.0584563e-01  5.71098e-04  3.05846e-01
2.716808868e+03  3.0530529e-01  5.80495e-04  3.05305e-01
2.716770057e+03  3.0633694e-01  5.65461e-04  3.06337e-01
2.716731246e+03  3.0662603e-01  5.50265e-04  3.06626e-01
2.716692436e+03  3.0664123e-01  5.44921e-04  3.06641e-01
2.716653627e+03  3.0682821e-01  5.42325e-04  3.06828e-01
2.716614818e+03  3.0684961e-01  5.41272e-04  3.06850e-01
2.716576010e+03  3.0670980e-01  5.40888e-04  3.06710e-01
2.716537202e+03  3.0672394e-01  5.41346e-04  3.06724e-01
2.716498395e+03  3.0669052e-01  5.42108e-04  3.06691e-01
2.716459589e+03  3.0648563e-01  5.42961e-04  3.06486e-01
2.716420783e+03  2.9283574e-01  5.35773e-04  2.92836e-01
2.716381977e+03  3.0639798e-01  5.50657e-04  3.06398e-01
2.716343172e+03  3.0636800e-01  5.59714e-04  3.06368e-01
2.716304368e+03  3.0630878e-01  5.83857e-04  3.06309e-01
2.716265564e+03  3.0620651e-01  6.11927e-04  3.06207e-01
2.716226761e+03  3.0603142e-01  5.87792e-04  3.06031e-01
2.716187958e+03  3.0584252e-01  5.62285e-04  3.05843e-01
2.716149156e+03  2.9949228e-01  5.47986e-04  2.99492e-01
2.716110354e+03  2.9848306e-01  5.44473e-04  2.98483e-01
2.716071553e+03  3.0481203e-01  5.49511e-04  3.04812e-01
2.716032753e+03  3.0426986e-01  5.55886e-04  3.04270e-01
2.715993953e+03  3.0394273e-01  5.80204e-04  3.03943e-01
2.715955154e+03  3.0299013e-01  6.24051e-04  3.02990e-01
2.715916355e+03  3.0172714e-01  5.84603e-04  3.01727e-01
2.715877557e+03  2.9997289e-01  5.53519e-04  2.99973e-01
2.715838759e+03  2.9775473e-01  5.44098e-04  2.97755e-01
2.715799962e+03  2.9424068e-01  5.37423e-04  2.94241e-01
2.715761165e+03  2.8822583e-01  5.30182e-04  2.88226e-01
2.715722369e+03  2.7638053e-01  5.20109e-04  2.76381e-01
2.715683574e+03  2.6029532e-01  5.08162e-04  2.60295e-01
2.715644779e+03  2.5614068e-01  5.05687e-04  2.56141e-01
2.715605984e+03  2.6975058e-01  5.16256e-04  2.69751e-01
2.715567191e+03  2.7868798e-01  5.25280e-04  2.78688e-01
2.715528397e+03  2.8981848e-01  5.32771e-04  2.89818e-01
2.715489605e+03  2.9444889e-01  5.39019e-04  2.94449e-01
2.715450812e+03  2.9778469e-01  5.49495e-04  2.97785e-01
2.715412021e+03  2.9546321e-01  5.62034e-04  2.95463e-01
2.715373230e+03  3.0120501e-01  5.61293e-04  3.01205e-01
2.715334439e+03  3.0265229e-01  5.50180e-04  3.02652e-01
2.715295649e+03  3.0327051e-01  5.43087e-04  3.03271e-01
2.715256860e+03  3.0367607e-01  5.41723e-04  3.03676e-01
2.715218071e+03  3.0295681e-01  5.42249e-04  3.02957e-01
2.715179283e+03  3.0483870e-01  5.44677e-04  3.04839e-01
2.715140495e+03  2.9452182e-01  5.41104e-04  2.94522e-01
2.715101708e+03  2.9683338e-01  5.53911e-04  2.96833e-01
2.715062921e+03  3.0546637e-01  5.75134e-04  3.05466e-01
2.715024135e+03  3.0445580e-01  5.80929e-04  3.04456e-01
2.714985350e+03  3.0506098e-01  6.07638e-04  3.05061e-01
2.714946565e+03  3.0595532e-01  6.19080e-04  3.05955e-01
2.714907780e+03  3.0579696e-01  5.89858e-04  3.05797e-01
2.714868997e+03  3.0563153e-01  5.90872e-04  3.05632e-01
2.714830213e+03  3.0543155e-01  6.04888e-04  3.05432e-01
2.714791431e+03  3.0414691e-01  5.78708e-04  3.04147e-01
2.714752648e+03  3.0113871e-01  6.37589e-04  3.01139e-01
2.714713867e+03  3.0144872e-01  5.67666e-04  3.01449e-01
2.714675086e+03  2.9861313e-01  5.43797e-04  2.98613e-01
2.714636305e+03  3.0597675e-01  5.44420e-04  3.05977e-01
2.714597525e+03  3.0615880e-01  5.45156e-04  3.06159e-01
2.714558746e+03  3.0658997e-01  5.51216e-04  3.06590e-01
2.714519967e+03  3.0669086e-01  5.57618e-04  3.06691e-01
2.714481189e+03  3.0676801e-01  5.48689e-04  3.06768e-01
2.714442411e+03  3.0672080e-01  5.51807e-04  3.06721e-01
2.714403634e+03  3.0620609e-01  5.48111e-04  3.06206e-01
2.714364857e+03  3.0636113e-01  5.42679e-04  3.06361e-01
2.714326081e+03  3.0654907e-01  5.43584e-04  3.06549e-01
2.714287305e+03  3.0677754e-01  5.40482e-04  3.06778e-01
2.714248530e+03  3.0667829e-01  5.43637e-04  3.06678e-01
2.714209756e+03  3.0667657e-01  5.56308e-04  3.06677e-01
2.714170982e+03  3.0670828e-01  5.43584e-04  3.06708e-01
2.714132209e+03  3.0672723e-01  5.39837e-04  3.06727e-01
2.714093436e+03  3.0662209e-01  5.38358e-04  3.06622e-01
2.714054664e+03  3.0560604e-01  5.37429e-04  3.05606e-01
2.714015892e+03  3.0354524e-01  5.36685e-04  3.03545e-01
2.713977121e+03  3.0567064e-01  5.39044e-04  3.05671e-01
2.713938351e+03  3.0401015e-01  5.41066e-04  3.04010e-01
2.713899581e+03  3.0359198e-01  5.52906e-04  3.03592e-01
2.713860811e+03  3.0619968e-01  5.68390e-04  3.06200e-01
2.713822042e+03  3.0626535e-01  5.50198e-04  3.06265e-01
2.713783274e+03  3.0538901e-01  5.40851e-04  3.05389e-01
2.713744506e+03  3.0567078e-01  5.38964e-04  3.05671e-01
2.713705739e+03  3.0660997e-01  5.41048e-04  3.06610e-01
2.713666972e+03  3.0682695e-01  5.53049e-04  3.06827e-01
2.713628206e+03  3.0690234e-01  5.43585e-04  3.06902e-01
2.713589441e+03  3.0696012e-01  5.38988e-04  3.06960e-01
2.713550676e+03  3.0690548e-01  5.37760e-04  3.06905e-01
2.713511911e+03  3.0692002e-01  5.37108e-04  3.06920e-01
2.713473147e+03  3.0694784e-01  5.37095e-04  3.06948e-01
2.713434384e+03  3.0695515e-01  5.36947e-04  3.06955e-01
2.713395621e+03  3.0678053e-01  5.37211e-04  3.06781e-01
2.713356859e+03  3.0636221e-01  5.36996e-04  3.06362e-01
2.713318097e+03  3.0696640e-01  5.37682e-04  3.06966e-01
2.713279336e+03  3.0697436e-01  5.39269e-04  3.06974e-01
2.713240575e+03  3.0695514e-01  5.42234e-04  3.06955e-01
2.713201815e+03  3.0679125e-01  5.44998e-04  3.06791e-01
2.713163056e+03  3.0182600e-01  5.37700e-04  3.01826e-01
2.713124297e+03  3.0674046e-01  5.38410e-04  3.06740e-01
2.713085539e+03  3.0636689e-01  5.37759e-04  3.06367e-01
2.713046781e+03  3.0630709e-01  5.38339e-04  3.06307e-01
2.713008024e+03  3.0566623e-01  5.37169e-04  3.05666e-01
2.712969267e+03  3.0608976e-01  5.37995e-04  3.06090e-01
2.712930511e+03  3.0640271e-01  5.40640e-04  3.06403e-01
2.712891755e+03  3.0555370e-01  5.37526e-04  3.05554e-01
2.712853000e+03  3.0640090e-01  5.38003e-04  3.06401e-01
2.712814246e+03  3.0651564e-01  5.39885e-04  3.06516e-01
2.712775492e+03  3.0659516e-01  5.45554e-04  3.06595e-01
2.712736738e+03  3.0665132e-01  5.59489e-04  3.06651e-01
2.712697985e+03  3.0669530e-01  5.47589e-04  3.06695e-01
2.712659233e+03  3.0667488e-01  5.41043e-04  3.06675e-01
2.712620481e+03  3.0663134e-01  5.39215e-04  3.06631e-01
2.712581730e+03  3.0653732e-01  5.38701e-04  3.06537e-01
2.712542980e+03  3.0646377e-01  5.39039e-04  3.06464e-01
2.712504230e+03  3.0636439e-01  5.39566e-04  3.06364e-01
2.712465480e+03  3.0613785e-01  5.40334e-04  3.06138e-01
2.712426731e+03  3.0089535e-01  5.37928e-04  3.00895e-01
2.712387983e+03  3.0596953e-01  5.45233e-04  3.05970e-01
2.712349235e+03  3.0614759e-01  5.49849e-04  3.06148e-01
2.712310488e+03  3.0596184e-01  5.60581e-04  3.05962e-01
2.712271741e+03  3.0636078e-01  6.07290e-04  3.06361e-01
2.712232995e+03  3.0641413e-01  5.81046e-04  3.06414e-01
2.712194249e+03  3.0654075e-01  6.04930e-04  3.06541e-01
2.712155504e+03  3.0663382e-01  8.58640e-04  3.06634e-01
2.712116759e+03  3.0664881e-01  9.67517e-04  3.06649e-01
2.712078015e+03  3.0660546e-01  8.50700e-04  3.06605e-01
2.712039272e+03  3.0657677e-01  8.78992e-04  3.06577e-01
2.712000529e+03  3.0653456e-01  7.07033e-04  3.06535e-01
2.711961787e+03  3.0629823e-01  5.92080e-04  3.06298e-01
2.711923045e+03  3.0625462e-01  5.76943e-04  3.06255e-01
2.711884304e+03  3.0641087e-01  5.61157e-04  3.06411e-01
2.711845563e+03  3.0627778e-01  5.63287e-04  3.06278e-01
2.711806823e+03  3.0643980e-01  5.91952e-04  3.06440e-01
2.711768084e+03  3.0611834e-01  7.65543e-04  3.06118e-01
2.711729345e+03  3.0657612e-01  6.30993e-04  3.06576e-01
2.711690606e+03  3.0110827e-01  5.70374e-04  3.01108e-01
2.711651868e+03  3.0615249e-01  5.63144e-04  3.06152e-01
2.711613131e+03  3.0615044e-01  5.67128e-04  3.06150e-01
2.711574394e+03  3.0632501e-01  5.78072e-04  3.06325e-01
2.711535658e+03  3.0656523e-01  5.73185e-04  3.06565e-01
2.711496922e+03  3.0668352e-01  5.75775e-04  3.06684e-01
2.711458187e+03  3.0662881e-01  5.77396e-04  3.06629e-01
2.711419453e+03  3.0664756e-01  5.88096e-04  3.06648e-01
2.711380719e+03  3.0663138e-01  6.29615e-04  3.06631e-01
2.711341985e+03  3.0648772e-01  8.49985e-04  3.06488e-01
2.711303252e+03  3.0666320e-01  8.14984e-04  3.06663e-01
2.711264520e+03  3.0666046e-01  8.17024e-04  3.06660e-01
2.711225788e+03  3.0673486e-01  6.61694e-04  3.06735e-01
2.711187057e+03  3.0650918e-01  5.73810e-04  3.06509e-01
2.711148326e+03  3.0666569e-01  5.55377e-04  3.06666e-01
2.711109596e+03  3.0246001e-01  5.46591e-04  3.02460e-01
2.711070866e+03  3.0663305e-01  5.48596e-04  3.06633e-01
2.711032137e+03  3.0663119e-01  5.52494e-04  3.06631e-01
2.710993409e+03  3.0662331e-01  5.66175e-04  3.06623e-01
2.710954681e+03  3.0163381e-01  6.06263e-04  3.01634e-01
2.710915954e+03  3.0661911e-01  5.65939e-04  3.06619e-01
2.710877227e+03  3.0653087e-01  5.48636e-04  3.06531e-01
2.710838501e+03  3.0658777e-01  5.43382e-04  3.06588e-01
2.710799775e+03  3.0631185e-01  5.40403e-04  3.06312e-01
2.710761050e+03  3.0656672e-01  5.39335e-04  3.06567e-01
2.710722325e+03  3.0655289e-01  5.38786e-04  3.06553e-01
2.710683601e+03  3.0658193e-01  5.38877e-04  3.06582e-01
2.710644878e+03  3.0494635e-01  5.37648e-04  3.04946e-01
2.710606155e+03  3.0655775e-01  5.39221e-04  3.06558e-01
2.710567432e+03  3.0657550e-01  5.40620e-04  3.06576e-01
2.710528710e+03  3.0504662e-01  5.43386e-04  3.05047e-01
2.710489989e+03  3.0612901e-01  5.49720e-04  3.06129e-01
2.710451268e+03  3.0640407e-01  5.48560e-04  3.06404e-01
2.710412548e+03  3.0629667e-01  5.46017e-04  3.06297e-01
2.710373829e+03  3.0624425e-01  5.48258e-04  3.06244e-01
2.710335109e+03  3.0602857e-01  5.51155e-04  3.06029e-01
2.710296391e+03  3.0602663e-01  5.44638e-04  3.06027e-01
2.710257673e+03  3.0638788e-01  5.39966e-04  3.06388e-01
2.710218956e+03  3.0162749e-01  5.34856e-04  3.01627e-01
2.710180239e+03  3.0558656e-01  5.36980e-04  3.05587e-01
2.710141522e+03  3.0658198e-01  5.38056e-04  3.06582e-01
2.710102807e+03  3.0657321e-01  5.38589e-04  3.06573e-01
2.710064091e+03  3.0659736e-01  5.41330e-04  3.06597e-01
2.710025377e+03  3.0632586e-01  5.42919e-04  3.06326e-01
2.709986663e+03  3.0659494e-01  5.40252e-04  3.06595e-01
2.709947949e+03  3.0662460e-01  5.38941e-04  3.06625e-01
2.709909236e+03  3.0662769e-01  5.41682e-04  3.06628e-01
2.709870524e+03  3.0658865e-01  5.38390e-04  3.06589e-01
2.709831812e+03  3.0651681e-01  5.37093e-04  3.06517e-01
2.709793100e+03  3.0651668e-01  5.36556e-04  3.06517e-01
2.709754390e+03  3.0641372e-01  5.36549e-04  3.06414e-01
2.709715679e+03  3.0637182e-01  5.37137e-04  3.06372e-01
2.709676970e+03  3.0640067e-01  5.36694e-04  3.06401e-01
2.709638261e+03  3.0645124e-01  5.36879e-04  3.06451e-01
2.709599552e+03  3.0644675e-01  5.37388e-04  3.06447e-01
2.709560844e+03  3.0630627e-01  5.38097e-04  3.06306e-01
2.709522137e+03  3.0541447e-01  5.39633e-04  3.05414e-01
2.709483430e+03  2.9517572e-01  5.33918e-04  2.95176e-01
2.709444723e+03  3.0583969e-01  5.45448e-04  3.05840e-01
2.709406018e+03  3.0622344e-01  5.59651e-04  3.06223e-01
2.709367312e+03  3.0634440e-01  5.65172e-04  3.06344e-01
2.709328608e+03  3.0634611e-01  5.69540e-04  3.06346e-01
2.709289904e+03  3.0603583e-01  5.56429e-04  3.06036e-01
2.709251200e+03  3.0627699e-01  5.47272e-04  3.06277e-01
2.709212497e+03  3.0640226e-01  5.43165e-04  3.06402e-01
2.709173794e+03  3.0632554e-01  5.42598e-04  3.06326e-01
2.709135092e+03  3.0634869e-01  5.45621e-04  3.06349e-01
2.709096391e+03  3.0630968e-01  5.58228e-04  3.06310e-01
2.709057690e+03  3.0617157e-01  6.22220e-04  3.06172e-01
2.709018990e+03  3.0624041e-01  5.82683e-04  3.06240e-01
2.708980290e+03  3.0614757e-01  5.47763e-04  3.06148e-01
2.708941591e+03  3.0595758e-01  5.42464e-04  3.05958e-01
2.708902893e+03  3.0604284e-01  5.41765e-04  3.06043e-01
2.708864194e+03  3.0606598e-01  5.42657e-04  3.06066e-01
2.708825497e+03  3.0617583e-01  5.48230e-04  3.06176e-01
2.708786800e+03  3.0616942e-01  5.43912e-04  3.06169e-01
2.708748104e+03  3.0162982e-01  5.47401e-04  3.01630e-01
2.708709408e+03  3.0535977e-01  5.56886e-04  3.05360e-01
2.708670712e+03  3.0529638e-01  5.42500e-04  3.05296e-01
2.708632018e+03  3.0581079e-01  5.39464e-04  3.05811e-01
2.708593324e+03  3.0598993e-01  5.38670e-04  3.05990e-01
2.708554630e+03  3.0600200e-01  5.38596e-04  3.06002e-01
2.708515937e+03  3.0579749e-01  5.38344e-04  3.05797e-01
2.708477244e+03  3.0602674e-01  5.39174e-04  3.06027e-01
2.708438552e+03  3.0600070e-01  5.40637e-04  3.06001e-01
2.708399861e+03  3.0589916e-01  5.42005e-04  3.05899e-01
2.708361170e+03  3.0534738e-01  5.44469e-04  3.05347e-01
2.708322480e+03  2.7593530e-01  5.28449e-04  2.75935e-01
2.708283790e+03  3.0539749e-01  5.58623e-04  3.05397e-01
2.708245101e+03  3.0581614e-01  5.79591e-04  3.05816e-01
2.708206412e+03  3.0620085e-01  6.24824e-04  3.06201e-01
2.708167724e+03  3.0625675e-01  6.63503e-04  3.06257e-01
2.708129036e+03  3.0628203e-01  6.18784e-04  3.06282e-01
2.708090349e+03  3.0594927e-01  5.76941e-04  3.05949e-01
2.708051663e+03  3.0626167e-01  5.57880e-04  3.06262e-01
2.708012977e+03  3.0232427e-01  5.46753e-04  3.02324e-01
2.707974292e+03  3.0609637e-01  5.45712e-04  3.06096e-01
2.707935607e+03  3.0625448e-01  5.45931e-04  3.06254e-01
2.707896923e+03  3.0576621e-01  5.42813e-04  3.05766e-01
2.707858239e+03  3.0520426e-01  5.39625e-04  3.05204e-01
2.707819556e+03  3.0525466e-01  5.38572e-04  3.05255e-01
2.707780873e+03  3.0578325e-01  5.39089e-04  3.05783e-01
2.707742191e+03  3.0591934e-01  5.39741e-04  3.05919e-01
2.707703510e+03  3.0616761e-01  5.39828e-04  3.06168e-01
2.707664829e+03  3.0619438e-01  5.42042e-04  3.06194e-01
2.707626148e+03  3.0625705e-01  5.44961e-04  3.06257e-01
2.707587469e+03  3.0628998e-01  5.39703e-04  3.06290e-01
2.707548789e+03  3.0635542e-01  5.37374e-04  3.06355e-01
2.707510111e+03  3.0630129e-01  5.36759e-04  3.06301e-01
2.707471432e+03  3.0572575e-01  5.36172e-04  3.05726e-01
2.707432755e+03  3.0468029e-01  5.35384e-04  3.04680e-01
2.707394078e+03  3.0553276e-01  5.36533e-04  3.05533e-01
2.707355401e+03  3.0622689e-01  5.37273e-04  3.06227e-01
2.707316725e+03  3.0574595e-01  5.39533e-04  3.05746e-01
2.707278050e+03  3.0164257e-01  5.36919e-04  3.01643e-01
2.707239375e+03  3.0175703e-01  5.35669e-04  3.01757e-01
2.707200701e+03  3.0467085e-01  5.39065e-04  3.04671e-01
2.707162027e+03  3.0624155e-01  5.46155e-04  3.06242e-01
2.707123354e+03  3.0555553e-01  5.51067e-04  3.05556e-01
2.707084681e+03  3.0536755e-01  5.53656e-04  3.05368e-01
2.707046009e+03  3.0617988e-01  5.51755e-04  3.06180e-01
2.707007338e+03  3.0605118e-01  5.47706e-04  3.06051e-01
2.706968667e+03  3.0615194e-01  5.44365e-04  3.06152e-01
2.706929996e+03  3.0605710e-01  5.42690e-04  3.06057e-01
2.706891326e+03  3.0509514e-01  5.39164e-04  3.05095e-01
2.706852657e+03  3.0473080e-01  5.37228e-04  3.04731e-01
2.706813988e+03  3.0581270e-01  5.36988e-04  3.05813e-01
2.706775320e+03  3.0584748e-01  5.37018e-04  3.05847e-01
2.706736652e+03  3.0463628e-01  5.35892e-04  3.04636e-01
2.706697985e+03  3.0484765e-01  5.35394e-04  3.04848e-01
2.706659319e+03  3.0596201e-01  5.36278e-04  3.05962e-01
2.706620653e+03  3.0613195e-01  5.36190e-04  3.06132e-01
2.706581987e+03  3.0603788e-01  5.36507e-04  3.06038e-01
2.706543322e+03  3.0592101e-01  5.36803e-04  3.05921e-01
2.706504658e+03  3.0279737e-01  5.35361e-04  3.02797e-01
2.706465994e+03  3.0605164e-01  5.38732e-04  3.06052e-01
2.706427331e+03  3.0608006e-01  5.45380e-04  3.06080e-01
2.706388668e+03  3.0312779e-01  5.47291e-04  3.03128e-01
2.706350006e+03  2.9823373e-01  5.43676e-04  2.98234e-01
2.706311344e+03  3.0523502e-01  5.50090e-04  3.05235e-01
2.706272683e+03  3.0483830e-01  5.53029e-04  3.04838e-01
2.706234023e+03  3.0536521e-01  5.67423e-04  3.05365e-01
2.706195363e+03  3.0614332e-01  5.74927e-04  3.06143e-01
2.706156704e+03  3.0618900e-01  5.60537e-04  3.06189e-01
2.706118045e+03  3.0603902e-01  5.47859e-04  3.06039e-01
2.706079386e+03  3.0554626e-01  5.42436e-04  3.05546e-01
2.706040729e+03  3.0551880e-01  5.39544e-04  3.05519e-01
2.706002072e+03  3.0601377e-01  5.38049e-04  3.06014e-01
2.705963415e+03  3.0602528e-01  5.37584e-04  3.06025e-01
2.705924759e+03  3.0607659e-01  5.36704e-04  3.06077e-01
2.705886103e+03  3.0612607e-01  5.36233e-04  3.06126e-01
2.705847448e+03  3.0610730e-01  5.36014e-04  3.06107e-01
2.705808794e+03  3.0601105e-01  5.35856e-04  3.06011e-01
2.705770140e+03  3.0318412e-01  5.33893e-04  3.03184e-01
2.705731487e+03  3.0600551e-01  5.36559e-04  3.06006e-01
2.705692834e+03  3.0599574e-01  5.35553e-04  3.05996e-01
2.705654182e+03  3.0589768e-01  5.35284e-04  3.05898e-01
2.705615530e+03  3.0599375e-01  5.36549e-04  3.05994e-01
2.705576879e+03  3.0596572e-01  5.37043e-04  3.05966e-01
2.705538229e+03  3.0595158e-01  5.36369e-04  3.05952e-01
2.705499579e+03  3.0589534e-01  5.36882e-04  3.05895e-01
2.705460929e+03  3.0563211e-01  5.36124e-04  3.05632e-01
2.705422280e+03  3.0540441e-01  5.35017e-04  3.05404e-01
2.705383632e+03  3.0441927e-01  5.34021e-04  3.04419e-01
2.705344984e+03  3.0482808e-01  5.34475e-04  3.04828e-01
2.705306337e+03  3.0484021e-01  5.34112e-04  3.04840e-01
2.705267690e+03  3.0426269e-01  5.33733e-04  3.04263e-01
2.705229044e+03  3.0329343e-01  5.33406e-04  3.03293e-01
2.705190399e+03  3.0313334e-01  5.33367e-04  3.03133e-01
2.705151753e+03  3.0424878e-01  5.35757e-04  3.04249e-01
2.705113109e+03  3.0474654e-01  5.35836e-04  3.04747e-01
2.705074465e+03  3.0482314e-01  5.34992e-04  3.04823e-01
2.705035822e+03  3.0241652e-01  5.33422e-04  3.02417e-01
2.704997179e+03  3.0441481e-01  5.34562e-04  3.04415e-01
2.704958537e+03  3.0350094e-01  5.34151e-04  3.03501e-01
2.704919895e+03  3.0358029e-01  5.34745e-04  3.03580e-01
2.704881254e+03  3.0338564e-01  5.35703e-04  3.03386e-01
2.704842613e+03  3.0096365e-01  5.36267e-04  3.00964e-01
2.704803973e+03  2.9405137e-01  5.36670e-04  2.94051e-01
2.704765334e+03  2.8669061e-01  5.51995e-04  2.86691e-01
2.704726695e+03  2.9387525e-01  6.32291e-04  2.93875e-01
2.704688056e+03  3.0081774e-01  5.65039e-04  3.00818e-01
2.704649418e+03  3.0295030e-01  5.57246e-04  3.02950e-01
2.704610781e+03  3.0227272e-01  6.11307e-04  3.02273e-01
2.704572144e+03  3.0262924e-01  5.85365e-04  3.02629e-01
2.704533508e+03  3.0042148e-01  5.83783e-04  3.00421e-01
2.704494873e+03  2.9419394e-01  5.43379e-04  2.94194e-01
2.704456237e+03  2.8389872e-01  5.31459e-04  2.83899e-01
2.704417603e+03  2.8700289e-01  5.29135e-04  2.87003e-01
2.704378969e+03  2.9740572e-01  5.33391e-04  2.97406e-01
2.704340335e+03  3.0149526e-01  5.35205e-04  3.01495e-01
2.704301703e+03  3.0094053e-01  5.35736e-04  3.00941e-01
2.704263070e+03  3.0329058e-01  5.35704e-04  3.03291e-01
2.704224438e+03  3.0339912e-01  5.35560e-04  3.03399e-01
2.704185807e+03  3.0301366e-01  5.34495e-04  3.03014e-01
2.704147177e+03  3.0215526e-01  5.34676e-04  3.02155e-01
2.704108546e+03  3.0014260e-01  5.38524e-04  3.00143e-01
2.704069917e+03  2.9436305e-01  5.29306e-04  2.94363e-01
2.704031288e+03  2.8229739e-01  5.19505e-04  2.82297e-01
2.703992659e+03  2.8047119e-01  5.17442e-04  2.80471e-01
2.703954031e+03  2.8850187e-01  5.22840e-04  2.88502e-01
2.703915404e+03  2.8687233e-01  5.21703e-04  2.86872e-01
2.703876777e+03  2.7186898e-01  5.11661e-04  2.71869e-01
2.703838151e+03  2.6184680e-01  5.04361e-04  2.61847e-01
2.703799525e+03  2.7970034e-01  5.16700e-04  2.79700e-01
2.703760900e+03  2.9394838e-01  5.26543e-04  2.93948e-01
2.703722276e+03  2.9929653e-01  5.30846e-04  2.99297e-01
2.703683652e+03  3.0176257e-01  5.32354e-04  3.01763e-01
2.703645028e+03  3.0311099e-01  5.33916e-04  3.03111e-01
2.703606405e+03  3.0389245e-01  5.36417e-04  3.03892e-01
2.703567783e+03  3.0321596e-01  5.39893e-04  3.03216e-01
2.703529161e+03  3.0472601e-01  5.35106e-04  3.04726e-01
2.703490540e+03  3.0495359e-01  5.34264e-04  3.04954e-01
2.703451919e+03  3.0451456e-01  5.33821e-04  3.04515e-01
2.703413299e+03  3.0387042e-01  5.33854e-04  3.03870e-01
2.703374679e+03  3.0477672e-01  5.35459e-04  3.04777e-01
2.703336060e+03  3.0532215e-01  5.40272e-04  3.05322e-01
2.703297441e+03  3.0548942e-01  5.38268e-04  3.05489e-01
2.703258823e+03  3.0505359e-01  5.38276e-04  3.05054e-01
2.703220206e+03  3.0560421e-01  5.36242e-04  3.05604e-01
2.703181589e+03  3.0556348e-01  5.36312e-04  3.05563e-01
2.703142973e+03  3.0565036e-01  5.37456e-04  3.05650e-01
2.703104357e+03  3.0560440e-01  5.40357e-04  3.05604e-01
2.703065742e+03  3.0549135e-01  5.41713e-04  3.05491e-01
2.703027127e+03  3.0551414e-01  5.37827e-04  3.05514e-01
2.702988513e+03  3.0573403e-01  5.36229e-04  3.05734e-01
2.702949899e+03  3.0579356e-01  5.36735e-04  3.05794e-01
2.702911286e+03  3.0579794e-01  5.37775e-04  3.05798e-01
2.702872674e+03  3.0577124e-01  5.38787e-04  3.05771e-01
2.702834062e+03  3.0514520e-01  5.45823e-04  3.05145e-01
2.702795451e+03  3.0577466e-01  5.55270e-04  3.05775e-01
2.702756840e+03  3.0579445e-01  5.42260e-04  3.05794e-01
2.702718230e+03  3.0580795e-01  5.46517e-04  3.05808e-01
2.702679620e+03  3.0580720e-01  5.47747e-04  3.05807e-01
2.702641011e+03  3.0571969e-01  5.53670e-04  3.05720e-01
2.702602402e+03  3.0560827e-01  5.39702e-04  3.05608e-01
2.702563794e+03  3.0501073e-01  5.35884e-04  3.05011e-01
2.702525187e+03  3.0386849e-01  5.34369e-04  3.03868e-01
2.702486580e+03  3.0454948e-01  5.35979e-04  3.04549e-01
2.702447973e+03  3.0507871e-01  5.37140e-04  3.05079e-01
2.702409367e+03  3.0462557e-01  5.40860e-04  3.04626e-01
2.702370762e+03  3.0390417e-01  5.36629e-04  3.03904e-01
2.702332157e+03  3.0323873e-01  5.35584e-04  3.03239e-01
2.702293553e+03  3.0223226e-01  5.34480e-04  3.02232e-01
2.702254949e+03  3.0436235e-01  5.37132e-04  3.04362e-01
2.702216346e+03  3.0434298e-01  5.40457e-04  3.04343e-01
2.702177744e+03  3.0436080e-01  5.49452e-04  3.04361e-01
2.702139142e+03  3.0538167e-01  5.59492e-04  3.05382e-01
2.702100540e+03  3.0558863e-01  5.57466e-04  3.05589e-01
2.702061939e+03  3.0562146e-01  5.47085e-04  3.05621e-01
2.702023339e+03  3.0560507e-01  5.46102e-04  3.05605e-01
2.701984739e+03  3.0546238e-01  5.39066e-04  3.05462e-01
2.701946140e+03  3.0554190e-01  5.39234e-04  3.05542e-01
2.701907541e+03  3.0565991e-01  5.49728e-04  3.05660e-01
2.701868943e+03  3.0568799e-01  5.39886e-04  3.05688e-01
2.701830346e+03  3.0575350e-01  5.35996e-04  3.05754e-01
2.701791749e+03  3.0577559e-01  5.35579e-04  3.05776e-01
2.701753152e+03  3.0576551e-01  5.35583e-04  3.05766e-01
2.701714556e+03  3.0577773e-01  5.35140e-04  3.05778e-01
2.701675961e+03  3.0567804e-01  5.35549e-04  3.05678e-01
2.701637366e+03  3.0573461e-01  5.35938e-04  3.05735e-01
2.701598772e+03  3.0561350e-01  5.35700e-04  3.05613e-01
2.701560178e+03  3.0559957e-01  5.34800e-04  3.05600e-01
2.701521585e+03  3.0569545e-01  5.35634e-04  3.05695e-01
2.701482992e+03  3.0571324e-01  5.34853e-04  3.05713e-01
2.701444400e+03  3.0558362e-01  5.33953e-04  3.05584e-01
2.701405809e+03  3.0563807e-01  5.33920e-04  3.05638e-01
2.701367218e+03  3.0507282e-01  5.33621e-04  3.05073e-01
2.701328627e+03  3.0578065e-01  5.34365e-04  3.05781e-01
2.701290038e+03  3.0584263e-01  5.34616e-04  3.05843e-01
2.701251448e+03  3.0576743e-01  5.34456e-04  3.05767e-01
2.701212860e+03  3.0576941e-01  5.33990e-04  3.05769e-01
2.701174271e+03  3.0571561e-01  5.33832e-04  3.05716e-01
2.701135684e+03  3.0574072e-01  5.33844e-04  3.05741e-01
2.701097097e+03  3.0574707e-01  5.33871e-04  3.05747e-01
2.701058510e+03  3.0578353e-01  5.34385e-04  3.05784e-01
2.701019924e+03  3.0581682e-01  5.34090e-04  3.05817e-01
2.700981339e+03  3.0583282e-01  5.34057e-04  3.05833e-01
2.700942754e+03  3.0577487e-01  5.34340e-04  3.05775e-01
2.700904169e+03  3.0566693e-01  5.34880e-04  3.05667e-01
2.700865586e+03  3.0564295e-01  5.35343e-04  3.05643e-01
2.700827002e+03  3.0563220e-01  5.34230e-04  3.05632e-01
2.700788420e+03  3.0565190e-01  5.33860e-04  3.05652e-01
2.700749837e+03  3.0566080e-01  5.33821e-04  3.05661e-01
2.700711256e+03  3.0564006e-01  5.33819e-04  3.05640e-01
2.700672675e+03  3.0554716e-01  5.33929e-04  3.05547e-01
2.700634094e+03  3.0406863e-01  5.33347e-04  3.04069e-01
2.700595514e+03  3.0524138e-01  5.35125e-04  3.05241e-01
2.700556935e+03  3.0539272e-01  5.34092e-04  3.05393e-01
2.700518356e+03  3.0552591e-01  5.34093e-04  3.05526e-01
2.700479778e+03  3.0555867e-01  5.34056e-04  3.05559e-01
2.700441200e+03  3.0553378e-01  5.34267e-04  3.05534e-01
2.700402623e+03  3.0549973e-01  5.36421e-04  3.05500e-01
2.700364046e+03  3.0557416e-01  5.38695e-04  3.05574e-01
2.700325470e+03  3.0565539e-01  5.35242e-04  3.05655e-01
2.700286895e+03  3.0557769e-01  5.34924e-04  3.05578e-01
2.700248320e+03  3.0563807e-01  5.34134e-04  3.05638e-01
2.700209745e+03  3.0570284e-01  5.34318e-04  3.05703e-01
2.700171171e+03  3.0566431e-01  5.34649e-04  3.05664e-01
2.700132598e+03  3.0552899e-01  5.33897e-04  3.05529e-01
2.700094025e+03  3.0560606e-01  5.33886e-04  3.05606e-01
2.700055453e+03  3.0560340e-01  5.33786e-04  3.05603e-01
2.700016882e+03  3.0553087e-01  5.33839e-04  3.05531e-01