2740.00000000 0.00027426 0.00027426
2739.89040400 0.00023209 0.00023209
2739.78081300 0.00027616 0.00027616
2739.67122600 0.00058781 0.00058781
2739.56164400 0.00108995 0.00108995
2739.45206600 0.00112490 0.00112490
2739.34249200 0.00096927 0.00096927
2739.23292300 0.00123791 0.00123791
2739.12335800 0.00148365 0.00148365
2739.01379700 0.00479560 0.00479560
2738.90424100 0.01180005 0.01180010
2738.79468900 0.00597221 0.00597221
2738.68514200 0.00263275 0.00263275
2738.57559900 0.00093758 0.00093758
2738.46606000 0.00059710 0.00059710
2738.35652600 0.00061579 0.00061580
2738.24699600 0.00095462 0.00095462
2738.13747100 0.00312955 0.00312955
2738.02794900 0.00453459 0.00453459
2737.91843300 0.00124073 0.00124073
2737.80892000 0.00050505 0.00050505
2737.69941200 0.00033626 0.00033626
2737.58990900 0.00030804 0.00030804
2737.48041000 0.00031884 0.00031884
2737.37091500 0.00047970 0.00047970
2737.26142400 0.00115512 0.00115512
2737.15193800 0.00465817 0.00465817
2737.04245700 0.00354629 0.00354629
2736.93297900 0.00078520 0.00078520
2736.82350600 0.00042230 0.00042230
2736.71403800 0.00046104 0.00046104
2736.60457400 0.00037632 0.00037632
2736.49511400 0.00027641 0.00027641
2736.38565800 0.00029385 0.00029385
2736.27620700 0.00053500 0.00053500
2736.16676100 0.00206734 0.00206734
2736.05731800 0.00302261 0.00302261
2735.94788000 0.00077543 0.00077543
2735.83844700 0.00047691 0.00047692
2735.72901800 0.00088907 0.00088907
2735.61959300 0.00080556 0.00080556
2735.51017200 0.00041174 0.00041174
2735.40075600 0.00059441 0.00059441
2735.29134500 0.00025646 0.00025646
2735.18193700 0.00020569 0.00020569
2735.07253500 0.00023788 0.00023788
2734.96313600 0.00028787 0.00028787
2734.85374200 0.00024900 0.00024900
2734.74435200 0.00012571 0.00012571
2734.63496700 0.00017750 0.00017750
2734.52558600 0.00030807 0.00030807
2734.41620900 0.00051481 0.00051481
2734.30683700 0.00013873 0.00013873
2734.19746900 0.00010839 0.00010839
2734.08810500 0.00011047 0.00011047
2733.97874600 0.00021308 0.00021308
2733.86939100 0.00048252 0.00048252
2733.76004100 0.00063908 0.00063908
2733.65069500 0.00038384 0.00038384
2733.54135300 0.00022294 0.00022294
2733.43201600 0.00013232 0.00013232
2733.32268300 0.00015290 0.00015290
2733.21335500 0.00024729 0.00024729
2733.10403000 0.00040394 0.00040394
2732.99471100 0.00060475 0.00060475
2732.88539500 0.00027574 0.00027574
2732.77608400 0.00042948 0.00042948
2732.66677800 0.00078314 0.00078314
2732.55747500 0.00157559 0.00157559
2732.44817700 0.00257863 0.00257863
2732.33888400 0.00053596 0.00053596
2732.22959500 0.00023065 0.00023065
2732.12031000 0.00017139 0.00017139
2732.01102900 0.00015462 0.00015462
2731.90175300 0.00017121 0.00017121
2731.79248200 0.00027288 0.00027288
2731.68321400 0.00019053 0.00019053
2731.57395100 0.00024723 0.00024723
2731.46469300 0.00051780 0.00051780
2731.35543800 0.00041373 0.00041373
2731.24618900 0.00071914 0.00071914
2731.13694300 0.00103962 0.00103962
2731.02770200 0.00312792 0.00312792
2730.91846500 0.00818742 0.00818742
2730.80923300 0.00248838 0.00248838
2730.70000500 0.00085522 0.00085522
2730.59078100 0.00056562 0.00056562
2730.48156200 0.00038410 0.00038410
2730.37234700 0.00040756 0.00040756
2730.26313700 0.00055045 0.00055045
2730.15393000 0.00058268 0.00058268
2730.04472900 0.00083674 0.00083674
2729.93553100 0.00225813 0.00225813
2729.82633800 0.00195775 0.00195775
2729.71715000 0.00353148 0.00353148
2729.60796500 0.00438293 0.00438293
2729.49878500 0.00141912 0.00141912
2729.38961000 0.00096393 0.00096393
2729.28043800 0.00059265 0.00059265
2729.17127200 0.00031138 0.00031138
2729.06210900 0.00041212 0.00041212
2728.95295100 0.00046177 0.00046177
2728.84379700 0.00021707 0.00021707
2728.73464800 0.00027944 0.00027944
2728.62550300 0.00047167 0.00047167
2728.51636200 0.00027168 0.00027167
2728.40722600 0.00067324 0.00067324
2728.29809400 0.00037935 0.00037935
2728.18896600 0.00037103 0.00037103
2728.07984300 0.00097884 0.00097884
2727.97072400 0.00067903 0.00067903
2727.86161000 0.00057227 0.00057227
2727.75250000 0.00033037 0.00033037
2727.64339400 0.00033883 0.00033883
2727.53429300 0.00053105 0.00053104
2727.42519600 0.00042339 0.00042339
2727.31610300 0.00061250 0.00061250
2727.20701500 0.00086825 0.00086825
2727.09793100 0.00100511 0.00100511
2726.98885100 0.00248520 0.00248520
2726.87977600 0.00654199 0.00654199
2726.77070500 0.00562098 0.00562098
2726.66163900 0.02065724 0.02065720
2726.55257700 0.01516360 0.01516360
2726.44351900 0.00484171 0.00484171
2726.33446600 0.00382120 0.00382120
2726.22541700 0.01074446 0.01074450
2726.11637200 0.01382706 0.01382710
2726.00733200 0.00373004 0.00373004
2725.89829600 0.00231078 0.00231078
2725.78926400 0.00380017 0.00380017
2725.68023700 0.00789209 0.00789209
2725.57121400 0.00263213 0.00263213
2725.46219600 0.00146705 0.00146705
2725.35318100 0.00094861 0.00094861
2725.24417200 0.00060447 0.00060447
2725.13516600 0.00047790 0.00047790
2725.02616500 0.00059539 0.00059539
2724.91716900 0.00058994 0.00058994
2724.80817600 0.00151142 0.00151142
2724.69918800 0.00081774 0.00081774
2724.59020500 0.00061093 0.00061093
2724.48122500 0.00123514 0.00123514
2724.37225100 0.00175755 0.00175755
2724.26328000 0.00134647 0.00134647
2724.15431400 0.00161834 0.00161834
2724.04535200 0.00144630 0.00144630
2723.93639500 0.00287062 0.00287062
2723.82744100 0.01094760 0.01094760
2723.71849300 0.01215578 0.01215580
2723.60954800 0.00527238 0.00527238
2723.50060800 0.00496126 0.00496126
2723.39167300 0.01676250 0.01676250
2723.28274100 0.01877755 0.01877750
2723.17381400 0.00484871 0.00484871
2723.06489200 0.00259705 0.00259705
2722.95597400 0.00272312 0.00272312
2722.84706000 0.00414930 0.00414930
2722.73815000 0.01290454 0.01290450
2722.62924500 0.02256528 0.02256530
2722.52034400 0.00591070 0.00591070
2722.41144800 0.00277885 0.00277885
2722.30255600 0.00225417 0.00225417
2722.19366800 0.00279715 0.00279715
2722.08478400 0.00538365 0.00538365
2721.97590500 0.02238548 0.02238550
2721.86703100 0.03407472 0.03407470
2721.75816000 0.00988497 0.00988497
2721.64929400 0.00463430 0.00463430
2721.54043300 0.00224723 0.00224723
2721.43157600 0.00169703 0.00169703
2721.32272300 0.00170606 0.00170606
2721.21387400 0.00228184 0.00228184
2721.10503000 0.00322936 0.00322936
2720.99619000 0.00910082 0.00910082
2720.88735500 0.02212448 0.02212450
2720.77852300 0.01689935 0.01689930
2720.66969700 0.00885047 0.00885047
2720.56087400 0.02041049 0.02041050
2720.45205600 0.01708771 0.01708770
2720.34324200 0.00738521 0.00738521
2720.23443300 0.00880748 0.00880748
2720.12562800 0.02830343 0.02830340
2720.01682700 0.01289954 0.01289950
2719.90803100 0.00658657 0.00658657
2719.79923900 0.00246656 0.00246656
2719.69045100 0.00276687 0.00276687
2719.58166800 0.00309318 0.00309318
2719.47288900 0.00123096 0.00123096
2719.36411500 0.00079851 0.00079851
2719.25534400 0.00077900 0.00077900
2719.14657900 0.00142856 0.00142856
2719.03781700 0.00129102 0.00129102
2718.92906000 0.00122842 0.00122842
2718.82030700 0.00288156 0.00288156
2718.71155900 0.01134296 0.01134300
2718.60281500 0.01456767 0.01456770
2718.49407500 0.00690163 0.00690163
2718.38533900 0.00189210 0.00189210
2718.27660800 0.00097531 0.00097530
2718.16788200 0.00090210 0.00090210
2718.05915900 0.00115900 0.00115900
2717.95044100 0.00110517 0.00110517
2717.84172700 0.00282363 0.00282363
2717.73301800 0.01324803 0.01324800
2717.62431300 0.00238214 0.00238214
2717.51561300 0.00138292 0.00138292
2717.40691600 0.00162936 0.00162936
2717.29822400 0.00187508 0.00187508
2717.18953700 0.00224780 0.00224780
2717.08085400 0.00135194 0.00135194
2716.97217500 0.00297538 0.00297538
2716.86350000 0.00576016 0.00576016
2716.75483000 0.00379945 0.00379945
2716.64616400 0.00106737 0.00106737
2716.53750300 0.00092568 0.00092568
2716.42884500 0.00150222 0.00150222
2716.32019300 0.00576028 0.00576028
2716.21154400 0.00624582 0.00624582
2716.10290000 0.00232253 0.00232253
2715.99426000 0.00759243 0.00759243
2715.88562500 0.00503013 0.00503013
2715.77699400 0.00124078 0.00124078
2715.66836700 0.00088762 0.00088762
2715.55974500 0.00111983 0.00111983
2715.45112700 0.00324384 0.00324384
2715.34251300 0.00289784 0.00289784
2715.23390400 0.00132581 0.00132581
2715.12529900 0.00288829 0.00288829
2715.01669800 0.00752441 0.00752441
2714.90810200 0.00849463 0.00849463
2714.79951000 0.00637581 0.00637581
2714.69092200 0.00203930 0.00203930
2714.58233900 0.00188776 0.00188776
2714.47376000 0.00200269 0.00200269
2714.36518500 0.00082796 0.00082796
2714.25661500 0.00081841 0.00081841
2714.14804900 0.00075680 0.00075680
2714.03948700 0.00050909 0.00050909
2713.93093000 0.00191478 0.00191478
2713.82237700 0.00285201 0.00285201
2713.71382900 0.00070626 0.00070626
2713.60528400 0.00054803 0.00054803
2713.49674500 0.00026193 0.00026193
2713.38820900 0.00029127 0.00029127
2713.27967800 0.00066546 0.00066546
2713.17115100 0.00101406 0.00101406
2713.06262800 0.00037486 0.00037486
2712.95411000 0.00038441 0.00038441
2712.84559600 0.00052159 0.00052159
2712.73708700 0.00252110 0.00252110
2712.62858200 0.00061306 0.00061306
2712.52008100 0.00041602 0.00041602
2712.41158500 0.00064760 0.00064760
2712.30309200 0.00182280 0.00182280
2712.19460500 0.00526499 0.00526499
2712.08612100 0.01215017 0.01215020
2711.97764200 0.00514898 0.00514898
2711.86916700 0.00184016 0.00184016
2711.76069700 0.00518465 0.00518465
2711.65223100 0.00281969 0.00281969
2711.54376900 0.00381772 0.00381772
2711.43531200 0.00370046 0.00370046
2711.32685900 0.00891760 0.00891760
2711.21841000 0.00554917 0.00554917
2711.10996500 0.00136961 0.00136961
2711.00152500 0.00302858 0.00302858
2710.89309000 0.00235266 0.00235266
2710.78465800 0.00066835 0.00066835
2710.67623100 0.00051945 0.00051945
2710.56780900 0.00095842 0.00095842
2710.45939000 0.00204872 0.00204872
2710.35097600 0.00210424 0.00210424
2710.24256600 0.00075602 0.00075602
2710.13416100 0.00051553 0.00051553
2710.02576000 0.00103542 0.00103542
2709.91736300 0.00054858 0.00054858
2709.80897100 0.00030932 0.00030932
2709.70058300 0.00032094 0.00032094
2709.59219900 0.00042871 0.00042871
2709.48382000 0.00099434 0.00099434
2709.37544500 0.00373331 0.00373331
2709.26707400 0.00251705 0.00251705
2709.15870800 0.00115658 0.00115658
2709.05034600 0.00233162 0.00233162
2708.94198800 0.00083226 0.00083226
2708.83363500 0.00089801 0.00089801
2708.72528600 0.00108825 0.00108825
2708.61694100 0.00066396 0.00066396
2708.50860100 0.00067100 0.00067100
2708.40026500 0.00121116 0.00121116
2708.29193300 0.00360684 0.00360684
2708.18360600 0.01298498 0.01298500
2708.07528300 0.00541144 0.00541144
2707.96696400 0.00187717 0.00187717
2707.85865000 0.00099091 0.00099091
2707.75034000 0.00084290 0.00084290
2707.64203400 0.00101191 0.00101191
2707.53373300 0.00048307 0.00048307
2707.42543600 0.00037174 0.00037173
2707.31714300 0.00057153 0.00057153
2707.20885500 0.00090255 0.00090255
2707.10057100 0.00258686 0.00258686
2706.99229100 0.00188115 0.00188115
2706.88401600 0.00087067 0.00087067
2706.77574500 0.00043413 0.00043413
2706.66747800 0.00032951 0.00032951
2706.55921500 0.00038223 0.00038223
2706.45095700 0.00078094 0.00078094
2706.34270400 0.00174026 0.00174026
2706.23445400 0.00444529 0.00444529
2706.12620900 0.00261093 0.00261093
2706.01796900 0.00078935 0.00078935
2705.90973200 0.00041473 0.00041473
2705.80150000 0.00028913 0.00028913
2705.69327200 0.00024282 0.00024282
2705.58504900 0.00030333 0.00030333
2705.47683000 0.00039124 0.00039124
2705.36861500 0.00019000 0.00019000
2705.26040500 0.00016165 0.00016165
2705.15219900 0.00030602 0.00030602
2705.04399700 0.00020855 0.00020855
2704.93579900 0.00022034 0.00022034
2704.82760600 0.00055354 0.00055354
2704.71941800 0.00222061 0.00222061
2704.61123300 0.00230862 0.00230862
2704.50305300 0.00171351 0.00171351
2704.39487700 0.00078585 0.00078584
2704.28670600 0.00043966 0.00043966
2704.17853900 0.00035206 0.00035206
2704.07037600 0.00036614 0.00036614
2703.96221700 0.00016112 0.00016112
2703.85406300 0.00015907 0.00015907
2703.74591300 0.00015284 0.00015284
2703.63776800 0.00024622 0.00024622
2703.52962700 0.00027373 0.00027373
2703.42149000 0.00017453 0.00017453
2703.31335700 0.00041270 0.00041270
2703.20522900 0.00038022 0.00038022
2703.09710500 0.00089394 0.00089394
2702.98898600 0.00042880 0.00042880
2702.88087000 0.00047602 0.00047602
2702.77275900 0.00078719 0.00078719
2702.66465300 0.00080391 0.00080391
2702.55655100 0.00029033 0.00029033
2702.44845300 0.00042626 0.00042626
2702.34035900 0.00050889 0.00050889
2702.23227000 0.00107543 0.00107543
2702.12418500 0.00282395 0.00282395
2702.01610400 0.00097530 0.00097530
2701.90802800 0.00067418 0.00067418
2701.79995600 0.00026597 0.00026597
2701.69188800 0.00023172 0.00023172
2701.58382500 0.00021980 0.00021980
2701.47576600 0.00014399 0.00014399
2701.36771100 0.00013483 0.00013483
2701.25966100 0.00015872 0.00015872
2701.15161500 0.00009610 0.00009610
2701.04357300 0.00010081 0.00010081
2700.93553500 0.00013360 0.00013360
2700.82750200 0.00012090 0.00012090
2700.71947400 0.00010034 0.00010034
2700.61144900 0.00014040 0.00014040
2700.50342900 0.00013687 0.00013687
2700.39541300 0.00022654 0.00022654
2700.28740200 0.00015059 0.00015059
2700.17939400 0.00011561 0.00011561
2700.07139200 0.00010966 0.00010966
