2740.00000000 0.38680636 0.00059579 0.38680600
2739.96085800 0.38614394 0.00059243 0.38614400
2739.92171600 0.38633835 0.00059172 0.38633800
2739.88257500 0.38563039 0.00059088 0.38563000
2739.84343400 0.38542872 0.00059074 0.38542900
2739.80429400 0.38620579 0.00059134 0.38620600
2739.76515500 0.38394308 0.00059022 0.38394300
2739.72601600 0.38662029 0.00059233 0.38662000
2739.68687700 0.38768606 0.00059398 0.38768600
2739.64773900 0.38536444 0.00059451 0.38536400
2739.60860200 0.38775550 0.00060036 0.38775500
2739.56946500 0.38737953 0.00059970 0.38738000
2739.53032900 0.38765119 0.00059919 0.38765100
2739.49119400 0.38654274 0.00060079 0.38654300
2739.45205900 0.32053162 0.00055697 0.32053200
2739.41292400 0.38733203 0.00059781 0.38733200
2739.37379000 0.38769831 0.00059812 0.38769800
2739.33465700 0.38747597 0.00060086 0.38747600
2739.29552400 0.38597438 0.00062351 0.38597400
2739.25639200 0.38574327 0.00061029 0.38574300
2739.21726000 0.38613169 0.00060046 0.38613200
2739.17812900 0.38526025 0.00059820 0.38526000
2739.13899900 0.38686576 0.00060047 0.38686600
2739.09986900 0.38129194 0.00060096 0.38129200
2739.06073900 0.35723976 0.00059139 0.35724000
2739.02161000 0.38732260 0.00062343 0.38732300
2738.98248200 0.38753915 0.00064789 0.38753900
2738.94335400 0.38601517 0.00069715 0.38601500
2738.90422700 0.38687351 0.00071871 0.38687400
2738.86510000 0.38723137 0.00068168 0.38723100
2738.82597400 0.38688686 0.00069488 0.38688700
2738.78684900 0.32568279 0.00064209 0.32568300
2738.74772400 0.38311356 0.00063417 0.38311400
2738.70859900 0.38677651 0.00065195 0.38677700
2738.66947600 0.38664231 0.00062340 0.38664200
2738.63035200 0.38713092 0.00060645 0.38713100
2738.59122900 0.38711938 0.00060131 0.38711900
2738.55210700 0.38589125 0.00059654 0.38589100
2738.51298600 0.38447423 0.00059451 0.38447400
2738.47386500 0.38520606 0.00059408 0.38520600
2738.43474400 0.38635456 0.00059434 0.38635500
2738.39562400 0.38700674 0.00059470 0.38700700
2738.35650500 0.38738301 0.00059532 0.38738300
2738.31738600 0.38739735 0.00059595 0.38739700
2738.27826800 0.38747261 0.00059706 0.38747300
2738.23915000 0.38720453 0.00059964 0.38720500
2738.20003300 0.37534378 0.00060245 0.37534400
2738.16091600 0.38628177 0.00065979 0.38628200
2738.12180000 0.38468920 0.00062992 0.38468900
2738.08268500 0.32428167 0.00058947 0.32428200
2738.04357000 0.38624087 0.00063892 0.38624100
2738.00445600 0.38729630 0.00062206 0.38729600
2737.96534200 0.38729495 0.00060733 0.38729500
2737.92622900 0.38697710 0.00060169 0.38697700
2737.88711600 0.38699513 0.00059694 0.38699500
2737.84800400 0.38703111 0.00059488 0.38703100
2737.80889200 0.38712499 0.00059389 0.38712500
2737.76978100 0.38704876 0.00059336 0.38704900
2737.73067100 0.38693067 0.00059422 0.38693100
2737.69156100 0.38694558 0.00059278 0.38694600
2737.65245200 0.38704546 0.00059251 0.38704500
2737.61334300 0.38698547 0.00059501 0.38698500
2737.57423500 0.38693521 0.00059722 0.38693500
2737.53512700 0.38680458 0.00059220 0.38680500
2737.49602000 0.38661576 0.00059287 0.38661600
2737.45691300 0.38639391 0.00059509 0.38639400
2737.41780700 0.37368161 0.00058635 0.37368200
2737.37870200 0.34073483 0.00056609 0.34073500
2737.33959700 0.38628611 0.00059873 0.38628600
2737.30049300 0.38535221 0.00059640 0.38535200
2737.26138900 0.37372549 0.00060126 0.37372500
2737.22228600 0.38624188 0.00061263 0.38624200
2737.18318300 0.38647240 0.00065567 0.38647200
2737.14408100 0.38653405 0.00064128 0.38653400
2737.10498000 0.38664419 0.00064802 0.38664400
2737.06587900 0.38676119 0.00063130 0.38676100
2737.02677800 0.38684830 0.00061548 0.38684800
2736.98767900 0.38669726 0.00060081 0.38669700
2736.94857900 0.38667337 0.00059604 0.38667300
2736.90948100 0.38664301 0.00059607 0.38664300
2736.87038200 0.38673218 0.00059347 0.38673200
2736.83128500 0.38643687 0.00059250 0.38643700
2736.79218800 0.38680445 0.00059395 0.38680400
2736.75309100 0.38668667 0.00059219 0.38668700
2736.71399500 0.33262418 0.00055820 0.33262400
2736.67490000 0.38669295 0.00059687 0.38669300
2736.63580500 0.38701970 0.00059617 0.38702000
2736.59671100 0.38699197 0.00059225 0.38699200
2736.55761700 0.38659324 0.00059377 0.38659300
2736.51852400 0.38688988 0.00059505 0.38689000
2736.47943200 0.38695207 0.00059159 0.38695200
2736.44034000 0.38666034 0.00059109 0.38666000
2736.40124800 0.38638974 0.00059112 0.38639000
2736.36215700 0.38693476 0.00059213 0.38693500
2736.32306700 0.38705074 0.00059359 0.38705100
2736.28397700 0.38242570 0.00059282 0.38242600
2736.24488800 0.38690345 0.00059492 0.38690300
2736.20579900 0.38703814 0.00059953 0.38703800
2736.16671100 0.38696332 0.00060595 0.38696300
2736.12762400 0.38692412 0.00062174 0.38692400
2736.08853700 0.38688471 0.00063806 0.38688500
2736.04945000 0.36652723 0.00063826 0.36652700
2736.01036500 0.35636842 0.00059201 0.35636800
2735.97127900 0.38679189 0.00060057 0.38679200
2735.93219400 0.38682592 0.00059703 0.38682600
2735.89311000 0.38681690 0.00059502 0.38681700
2735.85402700 0.38475745 0.00059369 0.38475700
2735.81494400 0.38619212 0.00059439 0.38619200
2735.77586100 0.38620667 0.00059528 0.38620700
2735.73677900 0.38660113 0.00059506 0.38660100
2735.69769800 0.38663005 0.00059832 0.38663000
2735.65861700 0.38662418 0.00059807 0.38662400
2735.61953700 0.38609160 0.00059601 0.38609200
2735.58045700 0.38551662 0.00059221 0.38551700
2735.54137800 0.38607985 0.00059194 0.38608000
2735.50229900 0.38639736 0.00059197 0.38639700
2735.46322100 0.38637287 0.00059372 0.38637300
2735.42414400 0.38629127 0.00059498 0.38629100
2735.38506700 0.38601977 0.00059621 0.38602000
2735.34599000 0.33959577 0.00056171 0.33959600
2735.30691400 0.38622175 0.00059075 0.38622200
2735.26783900 0.38630583 0.00059040 0.38630600
2735.22876500 0.38626512 0.00059185 0.38626500
2735.18969000 0.38630719 0.00059190 0.38630700
2735.15061700 0.38649532 0.00059143 0.38649500
2735.11154400 0.38655312 0.00059386 0.38655300
2735.07247100 0.38628603 0.00059110 0.38628600
2735.03339900 0.38598118 0.00059421 0.38598100
2734.99432800 0.38667583 0.00059266 0.38667600
2734.95525700 0.38657194 0.00059234 0.38657200
2734.91618700 0.38658895 0.00060014 0.38658900
2734.87711700 0.38632743 0.00059391 0.38632700
2734.83804800 0.38657947 0.00059074 0.38657900
2734.79898000 0.38664356 0.00059013 0.38664400
2734.75991200 0.38666953 0.00059002 0.38667000
2734.72084400 0.38652956 0.00059043 0.38653000
2734.68177700 0.34395495 0.00056287 0.34395500
2734.64271100 0.38586740 0.00059050 0.38586700
2734.60364500 0.38626315 0.00059282 0.38626300
2734.56458000 0.38622398 0.00059185 0.38622400
2734.52551500 0.38627251 0.00059646 0.38627300
2734.48645100 0.38622974 0.00059879 0.38623000
2734.44738800 0.38623135 0.00060701 0.38623100
2734.40832500 0.38618830 0.00060028 0.38618800
2734.36926200 0.38617871 0.00059209 0.38617900
2734.33020100 0.38614784 0.00059098 0.38614800
2734.29113900 0.38578344 0.00058998 0.38578300
2734.25207800 0.38613734 0.00058977 0.38613700
2734.21301800 0.38612360 0.00058947 0.38612400
2734.17395900 0.38611103 0.00058952 0.38611100
2734.13490000 0.38596532 0.00058936 0.38596500
2734.09584100 0.38619984 0.00058992 0.38620000
2734.05678300 0.38616991 0.00058964 0.38617000
2734.01772600 0.38304481 0.00058801 0.38304500
2733.97866900 0.34965149 0.00056840 0.34965100
2733.93961300 0.38364800 0.00059443 0.38364800
2733.90055700 0.38416514 0.00059685 0.38416500
2733.86150200 0.38416502 0.00059774 0.38416500
2733.82244700 0.38335475 0.00059759 0.38335500
2733.78339300 0.38486348 0.00060901 0.38486300
2733.74434000 0.38500996 0.00060092 0.38501000
2733.70528700 0.38150668 0.00059436 0.38150700
2733.66623400 0.38181735 0.00059530 0.38181700
2733.62718200 0.38384662 0.00059160 0.38384700
2733.58813100 0.38382879 0.00059373 0.38382900
2733.54908100 0.38261726 0.00059064 0.38261700
2733.51003000 0.38067931 0.00058698 0.38067900
2733.47098100 0.37450943 0.00058475 0.37450900
2733.43193200 0.35559950 0.00057044 0.35560000
2733.39288300 0.33745143 0.00055828 0.33745100
2733.35383500 0.35550413 0.00057069 0.35550400
2733.31478800 0.34017861 0.00056030 0.34017900
2733.27574100 0.37941882 0.00058608 0.37941900
2733.23669500 0.38067055 0.00058713 0.38067100
2733.19764900 0.38333144 0.00059139 0.38333100
2733.15860400 0.38481062 0.00059945 0.38481100
2733.11956000 0.38522230 0.00059506 0.38522200
2733.08051600 0.38525598 0.00059403 0.38525600
2733.04147200 0.38541104 0.00060722 0.38541100
2733.00242900 0.38557162 0.00060352 0.38557200
2732.96338700 0.38576254 0.00059697 0.38576300
2732.92434500 0.38575730 0.00059206 0.38575700
2732.88530400 0.38580208 0.00059077 0.38580200
2732.84626300 0.38531000 0.00059067 0.38531000
2732.80722300 0.38472865 0.00059107 0.38472900
2732.76818400 0.38507204 0.00059406 0.38507200
2732.72914500 0.38578285 0.00061129 0.38578300
2732.69010600 0.38572269 0.00061530 0.38572300
2732.65106800 0.35444286 0.00057606 0.35444300
2732.61203100 0.38527154 0.00059420 0.38527200
2732.57299400 0.38542185 0.00059582 0.38542200
2732.53395800 0.38542246 0.00060322 0.38542200
2732.49492200 0.38487810 0.00061722 0.38487800
2732.45588700 0.38527487 0.00060790 0.38527500
2732.41685300 0.38582957 0.00059776 0.38583000
2732.37781900 0.38590948 0.00059390 0.38590900
2732.33878500 0.38484364 0.00059089 0.38484400
2732.29975300 0.37901971 0.00058623 0.37902000
2732.26072000 0.37800693 0.00058662 0.37800700
2732.22168900 0.38168820 0.00058731 0.38168800
2732.18265700 0.38253136 0.00058736 0.38253100
2732.14362700 0.38503302 0.00058888 0.38503300
2732.10459700 0.38552268 0.00058911 0.38552300
2732.06556700 0.38554054 0.00058925 0.38554100
2732.02653800 0.38405831 0.00058807 0.38405800
2731.98751000 0.35563190 0.00057028 0.35563200
2731.94848200 0.38376559 0.00058811 0.38376600
2731.90945500 0.38525845 0.00058909 0.38525800
2731.87042800 0.38538583 0.00058944 0.38538600
2731.83140200 0.38577914 0.00059231 0.38577900
2731.79237600 0.38596323 0.00059315 0.38596300
2731.75335100 0.38592924 0.00059148 0.38592900
2731.71432700 0.38572143 0.00058965 0.38572100
2731.67530300 0.38453269 0.00058889 0.38453300
2731.63627900 0.38343346 0.00058817 0.38343300
2731.59725700 0.38425678 0.00058888 0.38425700
2731.55823400 0.38557472 0.00059078 0.38557500
2731.51921300 0.38582364 0.00059178 0.38582400
2731.48019100 0.38568255 0.00059882 0.38568300
2731.44117100 0.38553655 0.00059660 0.38553700
2731.40215100 0.38481997 0.00059134 0.38482000
2731.36313100 0.38393668 0.00059002 0.38393700
2731.32411200 0.35952531 0.00057487 0.35952500
2731.28509400 0.38395796 0.00059167 0.38395800
2731.24607600 0.38524656 0.00059402 0.38524700
2731.20705900 0.38538748 0.00059348 0.38538700
2731.16804200 0.38534852 0.00059478 0.38534900
2731.12902600 0.38526375 0.00059715 0.38526400
2731.09001100 0.36293906 0.00058677 0.36293900
2731.05099600 0.38438935 0.00060381 0.38438900
2731.01198100 0.38564358 0.00061536 0.38564400
2730.97296700 0.38572699 0.00063954 0.38572700
2730.93395400 0.38576251 0.00067103 0.38576300
2730.89494100 0.38575920 0.00065521 0.38575900
2730.85592900 0.38564260 0.00062315 0.38564300
2730.81691700 0.38554184 0.00060712 0.38554200
2730.77790600 0.38507069 0.00059946 0.38507100
2730.73889600 0.38340567 0.00059473 0.38340600
2730.69988600 0.38312007 0.00059302 0.38312000
2730.66087600 0.36423851 0.00058123 0.36423900
2730.62186700 0.38523869 0.00059847 0.38523900
2730.58285900 0.38556555 0.00059311 0.38556600
2730.54385100 0.38485615 0.00059099 0.38485600
2730.50484400 0.38117487 0.00058899 0.38117500
2730.46583700 0.38217259 0.00058894 0.38217300
2730.42683100 0.38538041 0.00059049 0.38538000
2730.38782600 0.38549200 0.00059060 0.38549200
2730.34882100 0.38457275 0.00059071 0.38457300
2730.30981600 0.38531903 0.00059423 0.38531900
2730.27081200 0.38538933 0.00059594 0.38538900
2730.23180900 0.38501793 0.00059128 0.38501800
2730.19280600 0.38418186 0.00059152 0.38418200
2730.15380400 0.38242865 0.00059024 0.38242900
2730.11480200 0.38045612 0.00059358 0.38045600
2730.07580100 0.37706454 0.00058933 0.37706500
2730.03680100 0.38184439 0.00059125 0.38184400
2729.99780100 0.36664034 0.00058318 0.36664000
2729.95880100 0.38480958 0.00059965 0.38481000
2729.91980300 0.38516472 0.00060923 0.38516500
2729.88080400 0.38477413 0.00061169 0.38477400
2729.84180700 0.37775285 0.00059877 0.37775300
2729.80280900 0.38532684 0.00059995 0.38532700
2729.76381300 0.38520476 0.00060241 0.38520500
2729.72481700 0.38540630 0.00061113 0.38540600
2729.68582100 0.38540557 0.00063054 0.38540600
2729.64682600 0.38559116 0.00063353 0.38559100
2729.60783200 0.38479585 0.00066220 0.38479600
2729.56883800 0.38531099 0.00069249 0.38531100
2729.52984500 0.38533937 0.00062141 0.38533900
2729.49085200 0.38523360 0.00060059 0.38523400
2729.45186000 0.38509760 0.00059615 0.38509800
2729.41286800 0.38508732 0.00059779 0.38508700
2729.37387700 0.38509931 0.00061169 0.38509900
2729.33488700 0.36981536 0.00061886 0.36981500
2729.29589700 0.38478649 0.00059726 0.38478600
2729.25690700 0.38481100 0.00059238 0.38481100
2729.21791900 0.38480086 0.00059092 0.38480100
2729.17893000 0.38430314 0.00059059 0.38430300
2729.13994300 0.38442674 0.00058981 0.38442700
2729.10095500 0.38421604 0.00058943 0.38421600
2729.06196900 0.38372851 0.00058950 0.38372900
2729.02298300 0.38275132 0.00059035 0.38275100
2728.98399700 0.38214882 0.00059029 0.38214900
2728.94501200 0.38177389 0.00058866 0.38177400
2728.90602800 0.38166216 0.00058760 0.38166200
2728.86704400 0.38188133 0.00058739 0.38188100
2728.82806100 0.38209230 0.00058719 0.38209200
2728.78907800 0.38363695 0.00058831 0.38363700
2728.75009600 0.38397195 0.00058921 0.38397200
2728.71111400 0.38423847 0.00059068 0.38423800
2728.67213300 0.37163336 0.00058757 0.37163300
2728.63315300 0.38458767 0.00059668 0.38458800
2728.59417300 0.38476413 0.00059324 0.38476400
2728.55519400 0.38486970 0.00059022 0.38487000
2728.51621500 0.38488919 0.00059018 0.38488900
2728.47723700 0.38496318 0.00059090 0.38496300
2728.43825900 0.38506391 0.00059181 0.38506400
2728.39928200 0.38505149 0.00060333 0.38505100
2728.36030500 0.38501959 0.00060922 0.38502000
2728.32132900 0.38505320 0.00059296 0.38505300
2728.28235400 0.38506063 0.00059043 0.38506100
2728.24337900 0.38476960 0.00059013 0.38477000
2728.20440400 0.38266128 0.00058904 0.38266100
2728.16543100 0.38508530 0.00059064 0.38508500
2728.12645700 0.38516508 0.00059206 0.38516500
2728.08748500 0.38420839 0.00059447 0.38420800
2728.04851300 0.38507120 0.00059726 0.38507100
2728.00954100 0.37408765 0.00058764 0.37408800
2727.97057000 0.38484689 0.00059200 0.38484700
2727.93160000 0.38483644 0.00059121 0.38483600
2727.89263000 0.38466238 0.00059166 0.38466200
2727.85366000 0.38348394 0.00059170 0.38348400
2727.81469200 0.38281850 0.00058968 0.38281900
2727.77572300 0.38349831 0.00058930 0.38349800
2727.73675600 0.38417766 0.00058942 0.38417800
2727.69778900 0.38451164 0.00058991 0.38451200
2727.65882200 0.38506345 0.00059137 0.38506300
2727.61985600 0.38507076 0.00059074 0.38507100
2727.58089100 0.38505612 0.00059105 0.38505600
2727.54192600 0.38481286 0.00059239 0.38481300
2727.50296100 0.38370806 0.00059173 0.38370800
2727.46399800 0.38389049 0.00059156 0.38389000
2727.42503400 0.38468698 0.00059139 0.38468700
2727.38607200 0.38421369 0.00059128 0.38421400
2727.34711000 0.37463478 0.00058591 0.37463500
2727.30814800 0.38403227 0.00059417 0.38403200
2727.26918700 0.38335633 0.00060677 0.38335600
2727.23022700 0.38309500 0.00060138 0.38309500
2727.19126700 0.38380330 0.00059589 0.38380300
2727.15230700 0.38401063 0.00059643 0.38401100
2727.11334900 0.38296497 0.00059820 0.38296500
2727.07439100 0.38275191 0.00060127 0.38275200
2727.03543300 0.38393689 0.00060660 0.38393700
2726.99647600 0.38401250 0.00061886 0.38401200
2726.95751900 0.38372869 0.00066206 0.38372900
2726.91856300 0.38311927 0.00094254 0.38311900
2726.87960800 0.38272711 0.00075816 0.38272700
2726.84065300 0.38330689 0.00067022 0.38330700
2726.80169900 0.38255300 0.00073412 0.38255300
2726.76274500 0.38209572 0.00069412 0.38209600
2726.72379200 0.37608069 0.00076792 0.37608100
2726.68483900 0.38274929 0.00132244 0.38274900
2726.64588700 0.37674872 0.00208308 0.37674900
2726.60693500 0.36973045 0.00190690 0.36973000
2726.56798400 0.37676757 0.00107535 0.37676800
2726.52903400 0.38066940 0.00104381 0.38066900
2726.49008400 0.38315658 0.00077874 0.38315700
2726.45113500 0.38317933 0.00068734 0.38317900
2726.41218600 0.38201243 0.00063994 0.38201200
2726.37323800 0.38337347 0.00062680 0.38337300
2726.33429000 0.34961401 0.00060388 0.34961400
2726.29534300 0.37535746 0.00064734 0.37535700
2726.25639700 0.38449920 0.00065977 0.38449900
2726.21745100 0.38453448 0.00068482 0.38453400
2726.17850500 0.38462436 0.00075171 0.38462400
2726.13956100 0.38448055 0.00076971 0.38448100
2726.10061600 0.38421023 0.00069034 0.38421000
2726.06167300 0.37808119 0.00063651 0.37808100
2726.02272900 0.38373613 0.00061976 0.38373600
2725.98378700 0.38230257 0.00060965 0.38230300
2725.94484500 0.38184531 0.00060558 0.38184500
2725.90590300 0.38349514 0.00060670 0.38349500
2725.86696200 0.38260916 0.00061622 0.38260900
2725.82802200 0.36648769 0.00066979 0.36648800
2725.78908200 0.38393355 0.00063083 0.38393400
2725.75014300 0.38462729 0.00062394 0.38462700
2725.71120400 0.38467477 0.00064796 0.38467500
2725.67226600 0.38464104 0.00066691 0.38464100
2725.63332800 0.38460865 0.00063516 0.38460900
2725.59439100 0.38447290 0.00061186 0.38447300
2725.55545500 0.38436822 0.00060271 0.38436800
2725.51651900 0.38429356 0.00060204 0.38429400
2725.47758300 0.38396317 0.00060156 0.38396300
2725.43864800 0.37876489 0.00060944 0.37876500
2725.39971400 0.38276372 0.00060752 0.38276400
2725.36078000 0.38422728 0.00059700 0.38422700
2725.32184700 0.38437306 0.00059626 0.38437300
2725.28291500 0.38432557 0.00059577 0.38432600
2725.24398300 0.38419936 0.00059192 0.38419900
2725.20505100 0.38407313 0.00059096 0.38407300
2725.16612000 0.38374566 0.00059003 0.38374600
2725.12719000 0.38345445 0.00059000 0.38345400
2725.08826000 0.38155859 0.00059069 0.38155900
2725.04933100 0.38327882 0.00059563 0.38327900
2725.01040200 0.38328011 0.00059058 0.38328000
2724.97147400 0.38231358 0.00058926 0.38231400
2724.93254600 0.38275637 0.00058990 0.38275600
2724.89361900 0.38364488 0.00059154 0.38364500
2724.85469300 0.38375755 0.00059518 0.38375800
2724.81576700 0.38389643 0.00061100 0.38389600
2724.77684100 0.38017046 0.00059968 0.38017000
2724.73791600 0.38415727 0.00059503 0.38415700
2724.69899200 0.38422148 0.00059261 0.38422100
2724.66006800 0.38417069 0.00059148 0.38417100
2724.62114500 0.38388020 0.00059114 0.38388000
2724.58222300 0.38414263 0.00059164 0.38414300
2724.54330100 0.38379585 0.00059211 0.38379600
2724.50437900 0.38376218 0.00059464 0.38376200
2724.46545800 0.38383009 0.00060268 0.38383000
2724.42653800 0.38374718 0.00064665 0.38374700
2724.38761800 0.38337042 0.00061766 0.38337000
2724.34869900 0.38003478 0.00059880 0.38003500
2724.30978000 0.38327919 0.00059507 0.38327900
2724.27086200 0.38298185 0.00059519 0.38298200
2724.23194400 0.38247904 0.00059862 0.38247900
2724.19302700 0.38184711 0.00060263 0.38184700
2724.15411100 0.37748088 0.00059414 0.37748100
2724.11519500 0.37820251 0.00059213 0.37820300
2724.07627900 0.37323044 0.00058906 0.37323000
2724.03736500 0.36262412 0.00058360 0.36262400
2723.99845000 0.35296171 0.00057943 0.35296200
2723.95953700 0.35564635 0.00058569 0.35564600
2723.92062300 0.34760223 0.00058570 0.34760200
2723.88171100 0.37642544 0.00061762 0.37642500
2723.84279900 0.37129076 0.00064386 0.37129100
2723.80388700 0.37918842 0.00071159 0.37918800
2723.76497600 0.38147631 0.00073459 0.38147600
2723.72606600 0.38228929 0.00068517 0.38228900
2723.68715600 0.38266944 0.00065950 0.38266900
2723.64824700 0.38284337 0.00063967 0.38284300
2723.60933800 0.38062099 0.00062084 0.38062100
2723.57043000 0.38158850 0.00061498 0.38158800
2723.53152200 0.38012439 0.00061430 0.38012400
2723.49261500 0.32669474 0.00058576 0.32669500
2723.45370900 0.38169943 0.00063713 0.38169900
2723.41480300 0.38177089 0.00067347 0.38177100
2723.37589800 0.38172897 0.00075989 0.38172900
2723.33699300 0.38188663 0.00087317 0.38188700
2723.29808900 0.38205744 0.00079247 0.38205700
2723.25918500 0.38212396 0.00068819 0.38212400
2723.22028200 0.38213179 0.00064189 0.38213200
2723.18137900 0.38221924 0.00062151 0.38221900
2723.14247700 0.38244325 0.00061145 0.38244300
2723.10357600 0.38288493 0.00060652 0.38288500
2723.06467500 0.38271096 0.00060404 0.38271100
2723.02577400 0.38350879 0.00060511 0.38350900
2722.98687500 0.38357201 0.00060423 0.38357200
2722.94797500 0.38327609 0.00060552 0.38327600
2722.90907700 0.38327843 0.00060963 0.38327800
2722.87017800 0.38135271 0.00061125 0.38135300
2722.83128100 0.32972684 0.00058172 0.32972700
2722.79238400 0.38246107 0.00062891 0.38246100
2722.75348700 0.38379518 0.00065868 0.38379500
2722.71459100 0.38383684 0.00072779 0.38383700
2722.67569600 0.38381079 0.00086138 0.38381100
2722.63680100 0.38388234 0.00084379 0.38388200
2722.59790700 0.38393756 0.00071524 0.38393800
2722.55901300 0.38393430 0.00065591 0.38393400
2722.52012000 0.38368740 0.00062737 0.38368700
2722.48122800 0.38370750 0.00061509 0.38370700
2722.44233600 0.38369646 0.00061154 0.38369600
2722.40344400 0.38369545 0.00060571 0.38369500
2722.36455300 0.38360552 0.00060325 0.38360600
2722.32566300 0.38327449 0.00060204 0.38327400
2722.28677300 0.38290777 0.00060171 0.38290800
2722.24788400 0.38131308 0.00060243 0.38131300
2722.20899500 0.38312590 0.00060827 0.38312600
2722.17010700 0.38347437 0.00060793 0.38347400
2722.13121900 0.38349383 0.00061333 0.38349400
2722.09233200 0.34223450 0.00059473 0.34223400
2722.05344600 0.35757529 0.00062013 0.35757500
2722.01456000 0.37056600 0.00066448 0.37056600
2721.97567400 0.38375074 0.00076826 0.38375100
2721.93679000 0.38376415 0.00098755 0.38376400
2721.89790500 0.38378593 0.00106572 0.38378600
2721.85902200 0.37902867 0.00094758 0.37902900
2721.82013900 0.38347105 0.00075565 0.38347100
2721.78125600 0.38367447 0.00067506 0.38367400
2721.74237400 0.38375106 0.00064728 0.38375100
2721.70349200 0.38374225 0.00063941 0.38374200
2721.66461200 0.38380094 0.00062455 0.38380100
2721.62573100 0.38262972 0.00061102 0.38263000
2721.58685100 0.38386452 0.00060597 0.38386500
2721.54797200 0.38381448 0.00060239 0.38381400
2721.50909300 0.38369845 0.00060587 0.38369800
2721.47021500 0.38369605 0.00060235 0.38369600
2721.43133800 0.38344771 0.00059805 0.38344800
2721.39246100 0.38340785 0.00059895 0.38340800
2721.35358400 0.38041809 0.00059629 0.38041800
2721.31470800 0.38359547 0.00059885 0.38359500
2721.27583300 0.38371657 0.00060492 0.38371700
2721.23695800 0.38370491 0.00061658 0.38370500
2721.19808400 0.38375245 0.00060454 0.38375200
2721.15921000 0.38373707 0.00060521 0.38373700
2721.12033700 0.38353829 0.00060778 0.38353800
2721.08146400 0.36211931 0.00059877 0.36211900
2721.04259200 0.38282551 0.00062188 0.38282600
2721.00372100 0.34111083 0.00061430 0.34111100
2720.96485000 0.38124238 0.00068705 0.38124200
2720.92597900 0.38286568 0.00076488 0.38286600
2720.88711000 0.38337510 0.00078953 0.38337500
2720.84824000 0.38357693 0.00081180 0.38357700
2720.80937200 0.38356740 0.00081368 0.38356700
2720.77050400 0.38349815 0.00074272 0.38349800
2720.73163600 0.37466076 0.00066240 0.37466100
2720.69276900 0.37064369 0.00064100 0.37064400
2720.65390200 0.35367065 0.00063194 0.35367100
2720.61503700 0.37974500 0.00067590 0.37974500
2720.57617100 0.38336112 0.00074926 0.38336100
2720.53730600 0.38344059 0.00081032 0.38344100
2720.49844200 0.38214864 0.00080896 0.38214900
2720.45957800 0.38306554 0.00074556 0.38306600
2720.42071500 0.38340077 0.00067611 0.38340100
2720.38185300 0.38260719 0.00064541 0.38260700
2720.34299100 0.38325206 0.00063967 0.38325200
2720.30412900 0.35275900 0.00061667 0.35275900
2720.26526800 0.37985605 0.00063175 0.37985600
2720.22640800 0.38255704 0.00064774 0.38255700
2720.18754800 0.38264888 0.00070311 0.38264900
2720.14868900 0.37222859 0.00086675 0.37222900
2720.10983000 0.38274749 0.00092837 0.38274700
2720.07097200 0.38261154 0.00073551 0.38261200
2720.03211400 0.38153569 0.00067719 0.38153600
2719.99325700 0.38262807 0.00068605 0.38262800
2719.95440100 0.38240088 0.00066703 0.38240100
2719.91554500 0.38180647 0.00063276 0.38180600
2719.87668900 0.37788767 0.00061430 0.37788800
2719.83783500 0.38051696 0.00060543 0.38051700
2719.79898000 0.37519892 0.00059649 0.37519900
2719.76012700 0.37599225 0.00059471 0.37599200
2719.72127300 0.37240390 0.00059359 0.37240400
2719.68242100 0.36013622 0.00058944 0.36013600
2719.64356900 0.34351541 0.00059014 0.34351500
2719.60471700 0.34919516 0.00059284 0.34919500
2719.56586600 0.36445592 0.00059041 0.36445600
2719.52701600 0.37122766 0.00058880 0.37122800
2719.48816600 0.37216996 0.00058863 0.37217000
2719.44931700 0.37580920 0.00059074 0.37580900
2719.41046800 0.37933719 0.00058926 0.37933700
2719.37162000 0.38068292 0.00058908 0.38068300
2719.33277200 0.38130005 0.00058911 0.38130000
2719.29392500 0.38138086 0.00058900 0.38138100
2719.25507900 0.38078125 0.00058880 0.38078100
2719.21623300 0.38204684 0.00059047 0.38204700
2719.17738700 0.38181685 0.00059148 0.38181700
2719.13854300 0.37984172 0.00059369 0.37984200
2719.09969800 0.37992820 0.00059599 0.37992800
2719.06085500 0.38207812 0.00059434 0.38207800
2719.02201100 0.38205148 0.00059219 0.38205100
2718.98316900 0.38178034 0.00059154 0.38178000
2718.94432700 0.37975990 0.00059064 0.37976000
2718.90548500 0.38070299 0.00059266 0.38070300
2718.86664400 0.38086310 0.00059574 0.38086300
2718.82780400 0.37160578 0.00059602 0.37160600
2718.78896400 0.37299255 0.00060777 0.37299300
2718.75012500 0.38113587 0.00062673 0.38113600
2718.71128600 0.37050343 0.00065234 0.37050300
2718.67244800 0.38021486 0.00073869 0.38021500
2718.63361000 0.37973572 0.00073279 0.37973600
2718.59477300 0.37855887 0.00067493 0.37855900
2718.55593700 0.37775623 0.00067423 0.37775600
2718.51710100 0.37550332 0.00064904 0.37550300
2718.47826500 0.37255549 0.00061680 0.37255500
2718.43943000 0.36642220 0.00059745 0.36642200
2718.40059600 0.35343687 0.00058155 0.35343700
2718.36176200 0.32973067 0.00056111 0.32973100
2718.32292900 0.32185020 0.00055354 0.32185000
2718.28409700 0.33596443 0.00056154 0.33596400
2718.24526400 0.35387522 0.00057301 0.35387500
2718.20643300 0.36392129 0.00058128 0.36392100
2718.16760200 0.36947353 0.00058424 0.36947400
2718.12877200 0.37325913 0.00059105 0.37325900
2718.08994200 0.37546926 0.00059170 0.37546900
2718.05111200 0.37680608 0.00060413 0.37680600
2718.01228400 0.37791182 0.00059607 0.37791200
2717.97345500 0.37867927 0.00059257 0.37867900
2717.93462800 0.37942748 0.00059338 0.37942700
2717.89580100 0.36900927 0.00058621 0.36900900
2717.85697400 0.38064518 0.00059716 0.38064500
2717.81814800 0.38094783 0.00060816 0.38094800
2717.77932300 0.38114366 0.00064781 0.38114400
2717.74049800 0.38072877 0.00074438 0.38072900
2717.70167400 0.37943730 0.00065557 0.37943700
2717.66285000 0.38018606 0.00060960 0.38018600
2717.62402700 0.37489400 0.00059402 0.37489400
2717.58520400 0.38020935 0.00059412 0.38020900
2717.54638200 0.37985005 0.00059190 0.37985000
2717.50756000 0.38151285 0.00059390 0.38151300
2717.46873900 0.38205908 0.00059878 0.38205900
2717.42991900 0.38209430 0.00060605 0.38209400
2717.39109900 0.38192639 0.00059734 0.38192600
2717.35228000 0.38136598 0.00059811 0.38136600
2717.31346100 0.38136024 0.00062994 0.38136000
2717.27464300 0.38126771 0.00062574 0.38126800
2717.23582500 0.38195003 0.00062217 0.38195000
2717.19700800 0.38201893 0.00064365 0.38201900
2717.15819200 0.38126828 0.00060399 0.38126800
2717.11937600 0.38005124 0.00059639 0.38005100
2717.08056000 0.37719931 0.00059116 0.37719900
2717.04174500 0.38153921 0.00059413 0.38153900
2717.00293100 0.37995157 0.00059548 0.37995200
2716.96411700 0.37651153 0.00060140 0.37651200
2716.92530400 0.38195268 0.00062310 0.38195300
2716.88649100 0.37679135 0.00062341 0.37679100
2716.84767900 0.38087138 0.00062157 0.38087100
2716.80886800 0.38016281 0.00063131 0.38016300
2716.77005700 0.38150576 0.00061573 0.38150600
2716.73124600 0.38188340 0.00059991 0.38188300
2716.69243600 0.38192517 0.00059435 0.38192500
2716.65362700 0.38213607 0.00059164 0.38213600
2716.61481800 0.38216170 0.00059054 0.38216200
2716.57601000 0.38198674 0.00059013 0.38198700
2716.53720200 0.38199434 0.00059060 0.38199400
2716.49839500 0.38195097 0.00059139 0.38195100
2716.45958900 0.38171076 0.00059227 0.38171100
2716.42078300 0.36636720 0.00058490 0.36636700
2716.38197700 0.38157356 0.00060027 0.38157400
2716.34317200 0.38152056 0.00060971 0.38152100
2716.30436800 0.38144627 0.00063490 0.38144600
2716.26556400 0.38130356 0.00066420 0.38130400
2716.22676100 0.38107322 0.00063897 0.38107300
2716.18795800 0.38082786 0.00061233 0.38082800
2716.14915600 0.37370578 0.00059747 0.37370600
2716.11035400 0.37253198 0.00059379 0.37253200
2716.07155300 0.37951214 0.00059891 0.37951200
2716.03275300 0.37882707 0.00060551 0.37882700
2715.99395300 0.37834321 0.00063081 0.37834300
2715.95515400 0.37709470 0.00067648 0.37709500
2715.91635500 0.37544733 0.00063514 0.37544700
2715.87755700 0.37316047 0.00060253 0.37316000
2715.83875900 0.37027838 0.00059248 0.37027800
2715.79996200 0.36571690 0.00058516 0.36571700
2715.76116500 0.35785516 0.00057695 0.35785500
2715.72236900 0.34243166 0.00056516 0.34243200
2715.68357400 0.32147699 0.00055088 0.32147700
2715.64477900 0.31609151 0.00054783 0.31609200
2715.60598400 0.33379923 0.00056039 0.33379900
2715.56719100 0.34612333 0.00057124 0.34612300
2715.52839700 0.35992227 0.00057981 0.35992200
2715.48960500 0.36595508 0.00058681 0.36595500
2715.45081200 0.37028978 0.00059808 0.37029000
2715.41202100 0.36810534 0.00061143 0.36810500
2715.37323000 0.37480213 0.00061078 0.37480200
2715.33443900 0.37661826 0.00059930 0.37661800
2715.29564900 0.37742072 0.00059197 0.37742100
2715.25686000 0.37796352 0.00059060 0.37796400
2715.21807100 0.37728509 0.00059124 0.37728500
2715.17928300 0.37946681 0.00059380 0.37946700
2715.14049500 0.36786941 0.00059015 0.36786900
2715.10170800 0.37051925 0.00060351 0.37051900
2715.06292100 0.38027635 0.00062562 0.38027600
2715.02413500 0.37919922 0.00063171 0.37919900
2714.98535000 0.37989330 0.00065960 0.37989300
2714.94656500 0.38090011 0.00067155 0.38090000
2714.90778000 0.38070260 0.00064101 0.38070300
2714.86899700 0.38047090 0.00064204 0.38047100
2714.83021300 0.38020508 0.00065665 0.38020500
2714.79143100 0.37852931 0.00062918 0.37852900
2714.75264800 0.37460982 0.00069031 0.37461000
2714.71386700 0.37502823 0.00061737 0.37502800
2714.67508600 0.37246664 0.00059291 0.37246700
2714.63630500 0.38092643 0.00059362 0.38092600
2714.59752500 0.38119994 0.00059442 0.38120000
2714.55874600 0.38169647 0.00060075 0.38169600
2714.51996700 0.38182512 0.00060743 0.38182500
2714.48118900 0.38192309 0.00059813 0.38192300
2714.44241100 0.38185925 0.00060137 0.38185900
2714.40363400 0.38122758 0.00059748 0.38122800
2714.36485700 0.38139243 0.00059181 0.38139200
2714.32608100 0.38167227 0.00059280 0.38167200
2714.28730500 0.38192347 0.00058956 0.38192300
2714.24853000 0.38180007 0.00059284 0.38180000
2714.20975600 0.38179294 0.00060605 0.38179300
2714.17098200 0.38182586 0.00059278 0.38182600
2714.13220900 0.38184817 0.00058887 0.38184800
2714.09343600 0.38170922 0.00058732 0.38170900
2714.05466400 0.38048054 0.00058630 0.38048100
2714.01589200 0.37798896 0.00058543 0.37798900
2713.97712100 0.38047089 0.00058793 0.38047100
2713.93835100 0.37872882 0.00059013 0.37872900
2713.89958100 0.37824235 0.00060246 0.37824200
2713.86081100 0.38119710 0.00061860 0.38119700
2713.82204200 0.38123605 0.00059961 0.38123600
2713.78327400 0.38008358 0.00058976 0.38008400
2713.74450600 0.38045420 0.00058783 0.38045400
2713.70573900 0.38166865 0.00059009 0.38166900
2713.66697200 0.38195825 0.00060263 0.38195800
2713.62820600 0.38204463 0.00059276 0.38204500
2713.58944100 0.38211755 0.00058797 0.38211800
2713.55067600 0.38205628 0.00058669 0.38205600
2713.51191100 0.38206037 0.00058600 0.38206000
2713.47314700 0.38209426 0.00058599 0.38209400
2713.43438400 0.38210678 0.00058584 0.38210700
2713.39562100 0.38189489 0.00058610 0.38189500
2713.35685900 0.38143097 0.00058589 0.38143100
2713.31809700 0.38210921 0.00058660 0.38210900
2713.27933600 0.38212055 0.00058825 0.38212100
2713.24057500 0.38209036 0.00059133 0.38209000
2713.20181500 0.38189622 0.00059421 0.38189600
2713.16305600 0.37632754 0.00058665 0.37632800
2713.12429700 0.38180427 0.00058732 0.38180400
2713.08553900 0.38137359 0.00058663 0.38137400
2713.04678100 0.38123383 0.00058719 0.38123400
2713.00802400 0.38039659 0.00058591 0.38039700
2712.96926700 0.38094582 0.00058681 0.38094600
2712.93051100 0.38136112 0.00058960 0.38136100
2712.89175500 0.38042408 0.00058637 0.38042400
2712.85300000 0.38136435 0.00058685 0.38136400
2712.81424600 0.38149073 0.00058881 0.38149100
2712.77549200 0.38159177 0.00059473 0.38159200
2712.73673800 0.38166247 0.00060926 0.38166200
2712.69798500 0.38172079 0.00059685 0.38172100
2712.65923300 0.38168837 0.00059002 0.38168800
2712.62048100 0.38162922 0.00058811 0.38162900
2712.58173000 0.38150956 0.00058757 0.38151000
2712.54298000 0.38141064 0.00058791 0.38141100
2712.50423000 0.38127498 0.00058844 0.38127500
2712.46548000 0.38098560 0.00058922 0.38098600
2712.42673100 0.37508235 0.00058675 0.37508200
2712.38798300 0.38075451 0.00059430 0.38075500
2712.34923500 0.38098304 0.00059913 0.38098300
2712.31048800 0.38079547 0.00061033 0.38079500
2712.27174100 0.38125489 0.00065907 0.38125500
2712.23299500 0.38133158 0.00063169 0.38133200
2712.19424900 0.38149151 0.00065663 0.38149200
2712.15550400 0.38160298 0.00092215 0.38160300
2712.11675900 0.38162006 0.00103632 0.38162000
2712.07801500 0.38156118 0.00091381 0.38156100
2712.03927200 0.38152143 0.00094346 0.38152100
2712.00052900 0.38146816 0.00076334 0.38146800
2711.96178700 0.38115756 0.00064317 0.38115800
2711.92304500 0.38109921 0.00062736 0.38109900
2711.88430400 0.38129615 0.00061091 0.38129600
2711.84556300 0.38116383 0.00061314 0.38116400
2711.80682300 0.38136908 0.00064306 0.38136900
2711.76808400 0.38101363 0.00082458 0.38101400
2711.72934500 0.38150898 0.00068382 0.38150900
2711.69060600 0.37538546 0.00062059 0.37538500
2711.65186800 0.38100800 0.00061298 0.38100800
2711.61313100 0.38101159 0.00061714 0.38101200
2711.57439400 0.38122303 0.00062856 0.38122300
2711.53565800 0.38150094 0.00062347 0.38150100
2711.49692200 0.38162683 0.00062616 0.38162700
2711.45818700 0.38155863 0.00062785 0.38155900
2711.41945300 0.38157747 0.00063901 0.38157700
2711.38071900 0.38156251 0.00068236 0.38156300
2711.34198500 0.38140214 0.00091300 0.38140200
2711.30325200 0.38158812 0.00087631 0.38158800
2711.26452000 0.38158214 0.00087844 0.38158200
2711.22578800 0.38167690 0.00071587 0.38167700
2711.18705700 0.38143350 0.00062410 0.38143300
2711.14832600 0.38159354 0.00060487 0.38159400
2711.10959600 0.37690552 0.00059577 0.37690600
2711.07086600 0.38153918 0.00059779 0.38153900
2711.03213700 0.38153305 0.00060185 0.38153300
2710.99340900 0.38152049 0.00061611 0.38152000
2710.95468100 0.37593985 0.00065798 0.37594000
2710.91595400 0.38150964 0.00061586 0.38151000
2710.87722700 0.38140259 0.00059781 0.38140300
2710.83850100 0.38146097 0.00059233 0.38146100
2710.79977500 0.38115426 0.00058923 0.38115400
2710.76105000 0.38142994 0.00058811 0.38143000
2710.72232500 0.38141169 0.00058754 0.38141200
2710.68360100 0.38144478 0.00058763 0.38144500
2710.64487800 0.37961424 0.00058637 0.37961400
2710.60615500 0.38140951 0.00058798 0.38141000
2710.56743200 0.38142945 0.00058944 0.38142900
2710.52871000 0.37972273 0.00059234 0.37972300
2710.48998900 0.38091147 0.00059891 0.38091100
2710.45126800 0.38119768 0.00059768 0.38119800
2710.41254800 0.38106118 0.00059502 0.38106100
2710.37382900 0.38098410 0.00059735 0.38098400
2710.33510900 0.38070081 0.00060034 0.38070100
2710.29639100 0.38069620 0.00059355 0.38069600
2710.25767300 0.38116655 0.00058872 0.38116700
2710.21895600 0.37587768 0.00058347 0.37587800
2710.18023900 0.38031101 0.00058564 0.38031100
2710.14152200 0.38141021 0.00058674 0.38141000
2710.10280700 0.38139551 0.00058729 0.38139600
2710.06409100 0.38142495 0.00059015 0.38142500
2710.02537700 0.38112776 0.00059181 0.38112800
2709.98666300 0.38141627 0.00058902 0.38141600
2709.94794900 0.38145230 0.00058765 0.38145200
2709.90923600 0.38145388 0.00059050 0.38145400
2709.87052400 0.38140358 0.00058707 0.38140400
2709.83181200 0.38130482 0.00058571 0.38130500
2709.79310000 0.38130209 0.00058515 0.38130200
2709.75439000 0.38116563 0.00058513 0.38116600
2709.71567900 0.38110872 0.00058573 0.38110900
2709.67697000 0.38114405 0.00058527 0.38114400
2709.63826100 0.38120909 0.00058547 0.38120900
2709.59955200 0.38120001 0.00058599 0.38120000
2709.56084400 0.38102794 0.00058672 0.38102800
2709.52213700 0.37996801 0.00058829 0.37996800
2709.48343000 0.36843076 0.00058240 0.36843100
2709.44472300 0.38040879 0.00059432 0.38040900
2709.40601800 0.38089777 0.00060915 0.38089800
2709.36731200 0.38105178 0.00061492 0.38105200
2709.32860800 0.38105129 0.00061947 0.38105100
2709.28990400 0.38070294 0.00060580 0.38070300
2709.25120000 0.38097925 0.00059626 0.38097900
2709.21249700 0.38111670 0.00059198 0.38111700
2709.17379400 0.38101425 0.00059138 0.38101400
2709.13509200 0.38104193 0.00059453 0.38104200
2709.09639100 0.38098871 0.00060766 0.38098900
2709.05769000 0.38082886 0.00067441 0.38082900
2709.01899000 0.38089571 0.00063314 0.38089600
2708.98029000 0.38077026 0.00059673 0.38077000
2708.94159100 0.38052046 0.00059119 0.38052000
2708.90289300 0.38064081 0.00059047 0.38064100
2708.86419400 0.38067999 0.00059141 0.38068000
2708.82549700 0.38079918 0.00059721 0.38079900
2708.78680000 0.38078812 0.00059271 0.38078800
2708.74810400 0.37568822 0.00059637 0.37568800
2708.70940800 0.37973816 0.00060614 0.37973800
2708.67071200 0.37964325 0.00059114 0.37964300
2708.63201800 0.38031029 0.00058803 0.38031000
2708.59332400 0.38054124 0.00058722 0.38054100
2708.55463000 0.38055974 0.00058714 0.38056000
2708.51593700 0.38033414 0.00058688 0.38033400
2708.47724400 0.38058398 0.00058774 0.38058400
2708.43855200 0.38055025 0.00058926 0.38055000
2708.39986100 0.38042495 0.00059068 0.38042500
2708.36117000 0.37982358 0.00059326 0.37982400
2708.32248000 0.34631419 0.00057649 0.34631400
2708.28379000 0.37978600 0.00060794 0.37978600
2708.24510100 0.38031322 0.00062983 0.38031300
2708.20641200 0.38079460 0.00067705 0.38079500
2708.16772400 0.38086309 0.00071745 0.38086300
2708.12903600 0.38089313 0.00067075 0.38089300
2708.09034900 0.38052414 0.00062710 0.38052400
2708.05166300 0.38086179 0.00060722 0.38086200
2708.01297700 0.37646235 0.00059567 0.37646200
2707.97429200 0.38068034 0.00059454 0.38068000
2707.93560700 0.38084416 0.00059476 0.38084400
2707.89692300 0.38023971 0.00059148 0.38024000
2707.85823900 0.37947095 0.00058808 0.37947100
2707.81955600 0.37953944 0.00058699 0.37953900
2707.78087300 0.38024148 0.00058759 0.38024100
2707.74219100 0.38043696 0.00058829 0.38043700
2707.70351000 0.38072069 0.00058838 0.38072100
2707.66482900 0.38074741 0.00059069 0.38074700
2707.62614800 0.38082986 0.00059373 0.38083000
2707.58746900 0.38087592 0.00058826 0.38087600
2707.54878900 0.38094978 0.00058583 0.38095000
2707.51011100 0.38087686 0.00058519 0.38087700
2707.47143200 0.38012495 0.00058451 0.38012500
2707.43275500 0.37876111 0.00058358 0.37876100
2707.39407800 0.37986902 0.00058486 0.37986900
2707.35540100 0.38077101 0.00058570 0.38077100
2707.31672500 0.38014401 0.00058800 0.38014400
2707.27805000 0.37533170 0.00058519 0.37533200
2707.23937500 0.37561391 0.00058398 0.37561400
2707.20070100 0.37902507 0.00058758 0.37902500
2707.16202700 0.38078185 0.00059494 0.38078200
2707.12335400 0.38000569 0.00060006 0.38000600
2707.08468100 0.37977858 0.00060275 0.37977900
2707.04600900 0.38069028 0.00060076 0.38069000
2707.00733800 0.38055653 0.00059655 0.38055700
2706.96866700 0.38066336 0.00059306 0.38066300
2706.92999600 0.38052226 0.00059130 0.38052200
2706.89132600 0.37926688 0.00058752 0.37926700
2706.85265700 0.37878991 0.00058547 0.37879000
2706.81398800 0.38019637 0.00058533 0.38019600
2706.77532000 0.38023921 0.00058536 0.38023900
2706.73665200 0.37865943 0.00058406 0.37865900
2706.69798500 0.37893227 0.00058356 0.37893200
2706.65931900 0.38038114 0.00058459 0.38038100
2706.62065300 0.38060026 0.00058452 0.38060000
2706.58198700 0.38049208 0.00058485 0.38049200
2706.54332200 0.38035297 0.00058515 0.38035300
2706.50465800 0.37686096 0.00058368 0.37686100
2706.46599400 0.38048806 0.00058715 0.38048800
2706.42733100 0.38052542 0.00059407 0.38052500
2706.38866800 0.37721105 0.00059608 0.37721100
2706.35000600 0.37162097 0.00059229 0.37162100
2706.31134400 0.37943176 0.00059889 0.37943200
2706.27268300 0.37889479 0.00060189 0.37889500
2706.23402300 0.37962160 0.00061697 0.37962200
2706.19536300 0.38058803 0.00062484 0.38058800
2706.15670400 0.38064464 0.00060985 0.38064500
2706.11804500 0.38044672 0.00059662 0.38044700
2706.07938600 0.37980247 0.00059092 0.37980200
2706.04072900 0.37976422 0.00058791 0.37976400
2706.00207200 0.38040648 0.00058640 0.38040600
2705.96341500 0.38042691 0.00058592 0.38042700
2705.92475900 0.38048327 0.00058500 0.38048300
2705.88610300 0.38054532 0.00058451 0.38054500
2705.84744800 0.38051879 0.00058428 0.38051900
2705.80879400 0.38039755 0.00058411 0.38039800
2705.77014000 0.37724261 0.00058210 0.37724300
2705.73148700 0.38037933 0.00058483 0.38037900
2705.69283400 0.38036710 0.00058378 0.38036700
2705.65418200 0.38026162 0.00058350 0.38026200
2705.61553000 0.38035562 0.00058481 0.38035600
2705.57687900 0.38031648 0.00058532 0.38031600
2705.53822900 0.38029555 0.00058461 0.38029600
2705.49957900 0.38021994 0.00058514 0.38022000
2705.46092900 0.37990591 0.00058434 0.37990600
2705.42228000 0.37957550 0.00058314 0.37957600
2705.38363200 0.37829001 0.00058200 0.37829000
2705.34498400 0.37881991 0.00058251 0.37882000
2705.30633700 0.37883323 0.00058213 0.37883300
2705.26769000 0.37807867 0.00058168 0.37807900
2705.22904400 0.37681571 0.00058123 0.37681600
2705.19039900 0.37660556 0.00058117 0.37660600
2705.15175300 0.37805327 0.00058377 0.37805300
2705.11310900 0.37869931 0.00058391 0.37869900
2705.07446500 0.37879983 0.00058303 0.37880000
2705.03582200 0.37611497 0.00058143 0.37611500
2704.99717900 0.37826063 0.00058254 0.37826100
2704.95853700 0.37707028 0.00058201 0.37707000
2704.91989500 0.37716898 0.00058264 0.37716900
2704.88125400 0.37691188 0.00058361 0.37691200
2704.84261300 0.37375525 0.00058394 0.37375500
2704.80397300 0.36475102 0.00058360 0.36475100
2704.76533400 0.35516787 0.00059870 0.35516800
2704.72669500 0.36452118 0.00068310 0.36452100
2704.68805600 0.37357902 0.00061386 0.37357900
2704.64941800 0.37633124 0.00060597 0.37633100
2704.61078100 0.37564346 0.00066234 0.37564300
2704.57214400 0.37590807 0.00063521 0.37590800
2704.53350800 0.37302963 0.00063331 0.37303000
2704.49487300 0.36491697 0.00059057 0.36491700
2704.45623700 0.35150716 0.00057703 0.35150700
2704.41760300 0.35558657 0.00057500 0.35558700
2704.37896900 0.36910027 0.00058054 0.36910000
2704.34033500 0.37443755 0.00058287 0.37443800
2704.30170300 0.37403070 0.00058356 0.37403100
2704.26307000 0.37674954 0.00058356 0.37675000
2704.22443800 0.37689153 0.00058342 0.37689200
2704.18580700 0.37638297 0.00058227 0.37638300
2704.14717700 0.37526250 0.00058236 0.37526200
2704.10854600 0.37263890 0.00058615 0.37263900
2704.06991700 0.36510972 0.00057594 0.36511000
2704.03128800 0.34939416 0.00056443 0.34939400
2703.99265900 0.34701345 0.00056208 0.34701300
2703.95403100 0.35749431 0.00056859 0.35749400
2703.91540400 0.35534482 0.00056721 0.35534500
2703.87677700 0.33580334 0.00055509 0.33580300
2703.83815100 0.32274901 0.00054634 0.32274900
2703.79952500 0.34599717 0.00056121 0.34599700
2703.76090000 0.36455983 0.00057301 0.36456000
2703.72227600 0.37151228 0.00057805 0.37151200
2703.68365200 0.37472135 0.00057987 0.37472100
2703.64502800 0.37647503 0.00058164 0.37647500
2703.60640500 0.37749113 0.00058432 0.37749100
2703.56778300 0.37683859 0.00058801 0.37683900
2703.52916100 0.37857162 0.00058304 0.37857200
2703.49054000 0.37887117 0.00058219 0.37887100
2703.45191900 0.37829045 0.00058168 0.37829000
2703.41329900 0.37744908 0.00058164 0.37744900
2703.37467900 0.37862930 0.00058340 0.37862900
2703.33606000 0.37933776 0.00058847 0.37933800
2703.29744100 0.37955034 0.00058639 0.37955000
2703.25882300 0.37908431 0.00058642 0.37908400
2703.22020600 0.37969692 0.00058429 0.37969700
2703.18158900 0.37966159 0.00058437 0.37966200
2703.14297300 0.37975962 0.00058556 0.37976000
2703.10435700 0.37968736 0.00058857 0.37968700
2703.06574200 0.37953770 0.00058996 0.37953800
2703.02712700 0.37958745 0.00058593 0.37958700
2702.98851300 0.37984882 0.00058428 0.37984900
2702.94989900 0.37992365 0.00058481 0.37992400
2702.91128600 0.37992691 0.00058589 0.37992700
2702.87267400 0.37988998 0.00058694 0.37989000
2702.83406200 0.37918979 0.00059426 0.37919000
2702.79545100 0.37989245 0.00060409 0.37989200
2702.75684000 0.37991260 0.00059054 0.37991300
2702.71823000 0.37992744 0.00059497 0.37992700
2702.67962000 0.37992396 0.00059625 0.37992400
2702.64101100 0.37980751 0.00060240 0.37980800
2702.60240200 0.37965993 0.00058785 0.37966000
2702.56379400 0.37887932 0.00058381 0.37887900
2702.52518700 0.37740933 0.00058213 0.37740900
2702.48658000 0.37827584 0.00058386 0.37827600
2702.44797300 0.37896069 0.00058512 0.37896100
2702.40936700 0.37838920 0.00058895 0.37838900
2702.37076200 0.37742672 0.00058446 0.37742700
2702.33215700 0.37664867 0.00058336 0.37664900
2702.29355300 0.37570446 0.00058233 0.37570400
2702.25494900 0.37811399 0.00058509 0.37811400
2702.21634600 0.37798787 0.00058848 0.37798800
2702.17774400 0.37800806 0.00059784 0.37800800
2702.13914200 0.37933487 0.00060839 0.37933500
2702.10054000 0.37960182 0.00060630 0.37960200
2702.06193900 0.37964202 0.00059550 0.37964200
2702.02333900 0.37961814 0.00059447 0.37961800
2701.98473900 0.37942980 0.00058713 0.37943000
2701.94614000 0.37953111 0.00058731 0.37953100
2701.90754100 0.37968734 0.00059824 0.37968700
2701.86894300 0.37972598 0.00058801 0.37972600
2701.83034600 0.37979890 0.00058396 0.37979900
2701.79174900 0.37982516 0.00058353 0.37982500
2701.75315200 0.37980955 0.00058353 0.37981000
2701.71455600 0.37982300 0.00058306 0.37982300
2701.67596100 0.37970813 0.00058349 0.37970800
2701.63736600 0.37976474 0.00058389 0.37976500
2701.59877200 0.37960166 0.00058362 0.37960200
2701.56017800 0.37958102 0.00058268 0.37958100
2701.52158500 0.37970342 0.00058356 0.37970300
2701.48299200 0.37972411 0.00058274 0.37972400
2701.44440000 0.37955286 0.00058179 0.37955300
2701.40580900 0.37962150 0.00058176 0.37962200
2701.36721800 0.37900120 0.00058146 0.37900100
2701.32862700 0.37980293 0.00058223 0.37980300
2701.29003800 0.37988027 0.00058250 0.37988000
2701.25144800 0.37978893 0.00058233 0.37978900
2701.21286000 0.37977971 0.00058183 0.37978000
2701.17427100 0.37970711 0.00058166 0.37970700
2701.13568400 0.37973729 0.00058167 0.37973700
2701.09709700 0.37974304 0.00058170 0.37974300
2701.05851000 0.37978801 0.00058224 0.37978800
2701.01992400 0.37982885 0.00058193 0.37982900
2700.98133900 0.37984719 0.00058190 0.37984700
2700.94275400 0.37976924 0.00058218 0.37976900
2700.90416900 0.37964237 0.00058274 0.37964200
2700.86558600 0.37959253 0.00058321 0.37959300
2700.82700200 0.37957598 0.00058204 0.37957600
2700.78842000 0.37959916 0.00058166 0.37959900
2700.74983700 0.37960832 0.00058162 0.37960800
2700.71125600 0.37957891 0.00058161 0.37957900
2700.67267500 0.37945589 0.00058171 0.37945600
2700.63409400 0.37776603 0.00058110 0.37776600
2700.59551400 0.37905527 0.00058292 0.37905500
2700.55693500 0.37924709 0.00058186 0.37924700
2700.51835600 0.37941791 0.00058187 0.37941800
2700.47977800 0.37945807 0.00058183 0.37945800
2700.44120000 0.37942318 0.00058205 0.37942300
2700.40262300 0.37937634 0.00058428 0.37937600
2700.36404600 0.37947078 0.00058665 0.37947100
2700.32547000 0.37957407 0.00058307 0.37957400
2700.28689500 0.37947038 0.00058272 0.37947000
2700.24832000 0.37954653 0.00058191 0.37954700
2700.20974500 0.37962837 0.00058210 0.37962800
2700.17117100 0.37957572 0.00058244 0.37957600
2700.13259800 0.37940981 0.00058165 0.37941000
2700.09402500 0.37949480 0.00058164 0.37949500
2700.05545300 0.37948885 0.00058153 0.37948900
2700.01688200 0.37940099 0.00058158 0.37940100
