2700.09402500 0.00004209
2700.13259800 0.00004289
2700.17117100 0.00004371
2700.20974500 0.00004762
2700.24832000 0.00005235
2700.28689500 0.00005708
2700.32547000 0.00006732
2700.36404600 0.00007760
2700.40262300 0.00008367
2700.44120000 0.00007153
2700.47977800 0.00005939
2700.51835600 0.00005211
2700.55693500 0.00005257
2700.59551400 0.00005302
2700.63409400 0.00004987
2700.67267500 0.00004466
2700.71125600 0.00003924
2700.74983700 0.00004028
2700.78842000 0.00004307
2700.82700200 0.00004585
2700.86558600 0.00004759
2700.90416900 0.00004932
2700.94275400 0.00004990
2700.98133900 0.00004547
2701.01992400 0.00004102
2701.05851000 0.00003804
2701.09709700 0.00003740
2701.13568400 0.00003676
2701.17427100 0.00004148
2701.21286000 0.00004998
2701.25144800 0.00005847
2701.29003800 0.00005774
2701.32862700 0.00005449
2701.36721800 0.00005114
2701.40580900 0.00005241
2701.44440000 0.00005364
2701.48299200 0.00005660
2701.52158500 0.00006688
2701.56017800 0.00007713
2701.59877200 0.00008406
2701.63736600 0.00008571
2701.67596100 0.00008732
2701.71455600 0.00009074
2701.75315200 0.00009538
2701.79174900 0.00010003
2701.83034600 0.00014461
2701.86894300 0.00019994
2701.90754100 0.00025528
2701.94614000 0.00029618
2701.98473900 0.00033690
2702.02333900 0.00041722
2702.06193900 0.00066790
2702.10054000 0.00091845
2702.13914200 0.00097944
2702.17774400 0.00073996
2702.21634600 0.00050387
2702.25494900 0.00036169
2702.29355300 0.00028336
2702.33215700 0.00020786
2702.37076200 0.00018330
2702.40936700 0.00017260
2702.44797300 0.00016168
2702.48658000 0.00014311
2702.52518700 0.00012446
2702.56379400 0.00012304
2702.60240200 0.00019293
2702.64101100 0.00026267
2702.67962000 0.00030455
2702.71823000 0.00030228
2702.75684000 0.00030000
2702.79545100 0.00027424
2702.83406200 0.00023159
2702.87267400 0.00018980
2702.91128600 0.00017581
2702.94989900 0.00016940
2702.98851300 0.00016296
2703.02712700 0.00022505
2703.06574200 0.00028807
2703.10435700 0.00032634
2703.14297300 0.00025672
2703.18158900 0.00018700
2703.22020600 0.00014608
2703.25882300 0.00015024
2703.29744100 0.00015483
2703.33606000 0.00013758
2703.37467900 0.00010512
2703.41329900 0.00007269
2703.45191900 0.00007658
2703.49054000 0.00009012
2703.52916100 0.00010346
2703.56778300 0.00009949
2703.60640500 0.00009596
2703.64502800 0.00009033
2703.68365200 0.00007742
2703.72227600 0.00006437
2703.76090000 0.00005603
2703.79952500 0.00005395
2703.83815100 0.00005104
2703.87677700 0.00005356
2703.91540400 0.00005694
2703.95403100 0.00005754
2703.99265900 0.00007593
2704.03128800 0.00010204
2704.06991700 0.00013336
2704.10854600 0.00013459
2704.14717700 0.00013365
2704.18580700 0.00013472
2704.22443800 0.00014670
2704.26307000 0.00015843
2704.30170300 0.00018240
2704.34033500 0.00022889
2704.37896900 0.00027126
2704.41760300 0.00034873
2704.45623700 0.00046119
2704.49487300 0.00059969
2704.53350800 0.00070169
2704.57214400 0.00078700
2704.61078100 0.00086629
2704.64941800 0.00085712
2704.68805600 0.00083910
2704.72669500 0.00076858
2704.76533400 0.00053740
2704.80397300 0.00033473
2704.84261300 0.00018961
2704.88125400 0.00014636
2704.91989500 0.00010158
2704.95853700 0.00008215
2704.99717900 0.00008082
2705.03582200 0.00007878
2705.07446500 0.00008940
2705.11310900 0.00010256
2705.15175300 0.00011554
2705.19039900 0.00009605
2705.22904400 0.00007668
2705.26769000 0.00006184
2705.30633700 0.00006580
2705.34498400 0.00006963
2705.38363200 0.00008244
2705.42228000 0.00011000
2705.46092900 0.00013740
2705.49957900 0.00014173
2705.53822900 0.00012982
2705.57687900 0.00011788
2705.61553000 0.00010889
2705.65418200 0.00010065
2705.69283400 0.00009246
2705.73148700 0.00009859
2705.77014000 0.00010401
2705.80879400 0.00011321
2705.84744800 0.00013031
2705.88610300 0.00014739
2705.92475900 0.00017759
2705.96341500 0.00022846
2706.00207200 0.00027934
2706.04072900 0.00044523
2706.07938600 0.00069236
2706.11804500 0.00094105
2706.15670400 0.00119055
2706.19536300 0.00143970
2706.23402300 0.00168476
2706.27268300 0.00132234
2706.31134400 0.00095765
2706.35000600 0.00062267
2706.38866800 0.00050280
2706.42733100 0.00037684
2706.46599400 0.00027607
2706.50465800 0.00021977
2706.54332200 0.00016765
2706.58198700 0.00014122
2706.62065300 0.00013409
2706.65931900 0.00012685
2706.69798500 0.00013603
2706.73665200 0.00015008
2706.77532000 0.00016492
2706.81398800 0.00022368
2706.85265700 0.00028191
2706.89132600 0.00035609
2706.92999600 0.00049460
2706.96866700 0.00063216
2707.00733800 0.00075320
2707.04600900 0.00084942
2707.08468100 0.00094310
2707.12335400 0.00084835
2707.16202700 0.00062103
2707.20070100 0.00039016
2707.23937500 0.00030397
2707.27805000 0.00025937
2707.31672500 0.00021775
2707.35540100 0.00019075
2707.39407800 0.00016319
2707.43275500 0.00014365
2707.47143200 0.00015928
2707.51011100 0.00017474
2707.54878900 0.00021203
2707.58746900 0.00028393
2707.62614800 0.00035582
2707.66482900 0.00037174
2707.70351000 0.00034873
2707.74219100 0.00032551
2707.78087300 0.00033637
2707.81955600 0.00035581
2707.85823900 0.00037581
2707.89692300 0.00049586
2707.93560700 0.00061719
2707.97429200 0.00080562
2708.01297700 0.00127188
2708.05166300 0.00176749
2708.09034900 0.00246001
2708.12903600 0.00349266
2708.16772400 0.00452259
2708.20641200 0.00419278
2708.24510100 0.00291366
2708.28379000 0.00163756
2708.32248000 0.00101516
2708.36117000 0.00078841
2708.39986100 0.00046415
2708.43855200 0.00038826
2708.47724400 0.00031487
2708.51593700 0.00025502
2708.55463000 0.00025422
2708.59332400 0.00025325
2708.63201800 0.00027496
2708.67071200 0.00033201
2708.70940800 0.00038964
2708.74810400 0.00039379
2708.78680000 0.00037326
2708.82549700 0.00034740
2708.86419400 0.00033479
2708.90289300 0.00032582
2708.94159100 0.00031678
2708.98029000 0.00051870
2709.01899000 0.00072284
2709.05769000 0.00085762
2709.09639100 0.00069809
2709.13509200 0.00053828
2709.17379400 0.00051283
2709.21249700 0.00069815
2709.25120000 0.00088302
2709.28990400 0.00105579
2709.32860800 0.00122228
2709.36731200 0.00138780
2709.40601800 0.00112770
2709.44472300 0.00075414
2709.48343000 0.00036998
2709.52213700 0.00030183
2709.56084400 0.00022570
2709.59955200 0.00016064
2709.63826100 0.00014597
2709.67697000 0.00013127
2709.71567900 0.00012170
2709.75439000 0.00012013
2709.79310000 0.00011859
2709.83181200 0.00013717
2709.87052400 0.00016980
2709.90923600 0.00020242
2709.94794900 0.00026166
2709.98666300 0.00032795
2710.02537700 0.00039397
2710.06409100 0.00032482
2710.10280700 0.00025397
2710.14152200 0.00020286
2710.18023900 0.00023494
2710.21895600 0.00026448
2710.25767300 0.00035978
2710.29639100 0.00054265
2710.33510900 0.00072596
2710.37382900 0.00079722
2710.41254800 0.00078983
2710.45126800 0.00078255
2710.48998900 0.00066317
2710.52871000 0.00051324
2710.56743200 0.00036702
2710.60615500 0.00030634
2710.64487800 0.00024538
2710.68360100 0.00020200
2710.72232500 0.00022227
2710.76105000 0.00024256
2710.79977500 0.00034425
2710.83850100 0.00057399
2710.87722700 0.00080333
2710.91595400 0.00095194
2710.95468100 0.00102879
2710.99340900 0.00113616
2711.03213700 0.00097682
2711.07086600 0.00075078
2711.10959600 0.00051834
2711.14832600 0.00108681
2711.18705700 0.00165573
2711.22578800 0.00220545
2711.26452000 0.00266396
2711.30325200 0.00312306
2711.34198500 0.00312367
2711.38071900 0.00241402
2711.41945300 0.00170312
2711.45818700 0.00142138
2711.49692200 0.00143762
2711.53565800 0.00145312
2711.57439400 0.00134798
2711.61313100 0.00121142
2711.65186800 0.00107560
2711.69060600 0.00137256
2711.72934500 0.00171720
2711.76808400 0.00188864
2711.80682300 0.00143488
2711.84556300 0.00097881
2711.88430400 0.00087770
2711.92304500 0.00132760
2711.96178700 0.00177823
2712.00052900 0.00252764
2712.03927200 0.00348198
2712.07801500 0.00443642
2712.11675900 0.00389469
2712.15550400 0.00295614
2712.19424900 0.00201717
2712.23299500 0.00154322
2712.27174100 0.00107420
2712.31048800 0.00066361
2712.34923500 0.00050403
2712.38798300 0.00034392
2712.42673100 0.00023078
2712.46548000 0.00020290
2712.50423000 0.00017152
2712.54298000 0.00017454
2712.58173000 0.00020143
2712.62048100 0.00022835
2712.65923300 0.00043972
2712.69798500 0.00069988
2712.73673800 0.00095987
2712.77549200 0.00069198
2712.81424600 0.00041936
2712.85300000 0.00019534
2712.89175500 0.00017623
2712.93051100 0.00015798
2712.96926700 0.00014593
2713.00802400 0.00014442
2713.04678100 0.00014344
2713.08553900 0.00019443
2713.12429700 0.00028181
2713.16305600 0.00036368
2713.20181500 0.00034965
2713.24057500 0.00030226
2713.27933600 0.00025471
2713.31809700 0.00020366
2713.35685900 0.00015233
2713.39562100 0.00011047
2713.43438400 0.00010653
2713.47314700 0.00010252
2713.51191100 0.00011535
2713.55067600 0.00015438
2713.58944100 0.00019346
2713.62820600 0.00022214
2713.66697200 0.00024367
2713.70573900 0.00026506
2713.74450600 0.00049941
2713.78327400 0.00079021
2713.82204200 0.00108476
2713.86081100 0.00096068
2713.89958100 0.00082663
2713.93835100 0.00068879
2713.97712100 0.00050095
2714.01589200 0.00030792
2714.05466400 0.00020687
2714.09343600 0.00024131
2714.13220900 0.00027518
2714.17098200 0.00029394
2714.20975600 0.00030231
2714.24853000 0.00031072
2714.28730500 0.00031360
2714.32608100 0.00031470
2714.36485700 0.00031577
2714.40363400 0.00047423
2714.44241100 0.00063523
2714.48118900 0.00076187
2714.51996700 0.00074600
2714.55874600 0.00073008
2714.59752500 0.00072769
2714.63630500 0.00074779
2714.67508600 0.00075134
2714.71386700 0.00110844
2714.75264800 0.00168738
2714.79143100 0.00229130
2714.83021300 0.00265188
2714.86899700 0.00294166
2714.90778000 0.00323153
2714.94656500 0.00310471
2714.98535000 0.00296487
2715.02413500 0.00273286
2715.06292100 0.00211098
2715.10170800 0.00144331
2715.14049500 0.00098209
2715.17928300 0.00080130
2715.21807100 0.00058615
2715.25686000 0.00062669
2715.29564900 0.00083769
2715.33443900 0.00104736
2715.37323000 0.00112279
2715.41202100 0.00114822
2715.45081200 0.00120079
2715.48960500 0.00091174
2715.52839700 0.00062369
2715.56719100 0.00038209
2715.60598400 0.00034080
2715.64477900 0.00029651
2715.68357400 0.00030124
2715.72236900 0.00036407
2715.76116500 0.00042560
2715.79996200 0.00074678
2715.83875900 0.00125721
2715.87755700 0.00177202
2715.91635500 0.00216067
2715.95515400 0.00251524
2715.99395300 0.00286980
2716.03275300 0.00216887
2716.07155300 0.00145851
2716.11035400 0.00096549
2716.14915600 0.00149217
2716.18795800 0.00205422
2716.22676100 0.00235420
2716.26556400 0.00228950
2716.30436800 0.00222421
2716.34317200 0.00185409
2716.38197700 0.00127406
2716.42078300 0.00066612
2716.45958900 0.00051115
2716.49839500 0.00043282
2716.53720200 0.00035422
2716.57601000 0.00037278
2716.61481800 0.00039229
2716.65362700 0.00047958
2716.69243600 0.00085198
2716.73124600 0.00122451
2716.77005700 0.00155433
2716.80886800 0.00181507
2716.84767900 0.00208516
2716.88649100 0.00194840
2716.92530400 0.00159520
2716.96411700 0.00119801
2717.00293100 0.00095594
2717.04174500 0.00073872
2717.08056000 0.00051161
2717.11937600 0.00063449
2717.15819200 0.00075851
2717.19700800 0.00084892
2717.23582500 0.00079792
2717.27464300 0.00074574
2717.31346100 0.00070194
2717.35228000 0.00066849
2717.39109900 0.00063595
2717.42991900 0.00060264
2717.46873900 0.00056896
2717.50756000 0.00053457
2717.54638200 0.00063274
2717.58520400 0.00076902
2717.62402700 0.00089206
2717.66285000 0.00237016
2717.70167400 0.00383799
2717.74049800 0.00477082
2717.77932300 0.00335701
2717.81814800 0.00193700
2717.85697400 0.00098306
2717.89580100 0.00072653
2717.93462800 0.00051417
2717.97345500 0.00042282
2718.01228400 0.00042923
2718.05111200 0.00043522
2718.08994200 0.00040786
2718.12877200 0.00037121
2718.16760200 0.00033355
2718.20643300 0.00033774
2718.24526400 0.00033767
2718.28409700 0.00034888
2718.32292900 0.00043961
2718.36176200 0.00055833
2718.40059600 0.00091717
2718.43943000 0.00160643
2718.47826500 0.00229988
2718.51710100 0.00320114
2718.55593700 0.00425460
2718.59477300 0.00530010
2718.63361000 0.00518509
2718.67244800 0.00475374
2718.71128600 0.00420561
2718.75012500 0.00317953
2718.78896400 0.00198442
2718.82780400 0.00102846
2718.86664400 0.00082922
2718.90548500 0.00060409
2718.94432700 0.00046984
2718.98316900 0.00048088
2719.02201100 0.00048976
2719.06085500 0.00050440
2719.09969800 0.00052023
2719.13854300 0.00053877
2719.17738700 0.00047520
2719.21623300 0.00038685
2719.25507900 0.00029723
2719.29392500 0.00029973
2719.33277200 0.00030233
2719.37162000 0.00031534
2719.41046800 0.00037281
2719.44931700 0.00042739
2719.48816600 0.00055546
2719.52701600 0.00080095
2719.56586600 0.00102873
2719.60471700 0.00105598
2719.64356900 0.00099877
2719.68242100 0.00100512
2719.72127300 0.00099871
2719.76012700 0.00096800
2719.79898000 0.00092572
2719.83783500 0.00149475
2719.87668900 0.00204045
2719.91554500 0.00268126
2719.95440100 0.00354762
2719.99325700 0.00441242
2720.03211400 0.00574740
2720.07097200 0.00786852
2720.10983000 0.00997699
2720.14868900 0.00899725
2720.18754800 0.00658479
2720.22640800 0.00391946
2720.26526800 0.00319247
2720.30412900 0.00278555
2720.34299100 0.00283165
2720.38185300 0.00414287
2720.42071500 0.00548001
2720.45957800 0.00663370
2720.49844200 0.00707132
2720.53730600 0.00755027
2720.57617100 0.00720164
2720.61503700 0.00556588
2720.65390200 0.00372357
2720.69276900 0.00391285
2720.73163600 0.00503227
2720.77050400 0.00625342
2720.80937200 0.00705014
2720.84824000 0.00776610
2720.88711000 0.00847747
2720.92597900 0.00670113
2720.96485000 0.00489938
2721.00372100 0.00296581
2721.04259200 0.00252574
2721.08146400 0.00162977
2721.12033700 0.00118747
2721.15921000 0.00105823
2721.19808400 0.00092841
2721.23695800 0.00082870
2721.27583300 0.00074982
2721.31470800 0.00067070
2721.35358400 0.00064804
2721.39246100 0.00065190
2721.43133800 0.00065073
2721.47021500 0.00072608
2721.50909300 0.00080148
2721.54797200 0.00092597
2721.58685100 0.00125334
2721.62573100 0.00157552
2721.66461200 0.00206220
2721.70349200 0.00278148
2721.74237400 0.00350119
2721.78125600 0.00576149
2721.82013900 0.00907136
2721.85902200 0.01224081
2721.89790500 0.01180523
2721.93679000 0.01020239
2721.97567400 0.00859996
2722.01456000 0.00605852
2722.05344600 0.00367487
2722.09233200 0.00178111
2722.13121900 0.00164159
2722.17010700 0.00128726
2722.20899500 0.00104238
2722.24788400 0.00096350
2722.28677300 0.00089328
2722.32566300 0.00090664
2722.36455300 0.00097931
2722.40344400 0.00105144
2722.44233600 0.00140709
2722.48122800 0.00183632
2722.52012000 0.00226539
2722.55901300 0.00453982
2722.59790700 0.00682359
2722.63680100 0.00840510
2722.67569600 0.00707928
2722.71459100 0.00575541
2722.75348700 0.00447951
2722.79238400 0.00326801
2722.83128100 0.00178638
2722.87017800 0.00146690
2722.90907700 0.00127908
2722.94797500 0.00108385
2722.98687500 0.00103079
2723.02577400 0.00101336
2723.06467500 0.00099402
2723.10357600 0.00130056
2723.14247700 0.00160661
2723.18137900 0.00222301
2723.22028200 0.00412348
2723.25918500 0.00602433
2723.29808900 0.00706563
2723.33699300 0.00678765
2723.37589800 0.00651012
2723.41480300 0.00544282
2723.45370900 0.00383301
2723.49261500 0.00190370
2723.53152200 0.00191946
2723.57043000 0.00196925
2723.60933800 0.00200655
2723.64824700 0.00295458
2723.68715600 0.00389398
2723.72606600 0.00461492
2723.76497600 0.00444050
2723.80388700 0.00425025
2723.84279900 0.00364202
2723.88171100 0.00260654
2723.92062300 0.00140425
2723.95953700 0.00091334
2723.99845000 0.00072690
2724.03736500 0.00056232
2724.07627900 0.00055803
2724.11519500 0.00058870
2724.15411100 0.00061077
2724.19302700 0.00058108
2724.23194400 0.00054490
2724.27086200 0.00052663
2724.30978000 0.00058331
2724.34869900 0.00063417
2724.38761800 0.00064555
2724.42653800 0.00057459
2724.46545800 0.00050310
2724.50437900 0.00042311
2724.54330100 0.00033758
2724.58222300 0.00025225
2724.62114500 0.00025706
2724.66006800 0.00028563
2724.69899200 0.00031405
2724.73791600 0.00040883
2724.77684100 0.00049878
2724.81576700 0.00055559
2724.85469300 0.00042910
2724.89361900 0.00030271
2724.93254600 0.00022610
2724.97147400 0.00022658
2725.01040200 0.00022790
2725.04933100 0.00021863
2725.08826000 0.00020164
2725.12719000 0.00018655
2725.16612000 0.00019719
2725.20505100 0.00021471
2725.24398300 0.00023215
2725.28291500 0.00027932
2725.32184700 0.00032660
2725.36078000 0.00037837
2725.39971400 0.00044780
2725.43864800 0.00051325
2725.47758300 0.00062643
2725.51651900 0.00078688
2725.55545500 0.00094697
2725.59439100 0.00144190
2725.63332800 0.00216492
2725.67226600 0.00288770
2725.71120400 0.00258881
2725.75014300 0.00202638
2725.78908200 0.00146164
2725.82802200 0.00119868
2725.86696200 0.00104789
2725.90590300 0.00092415
2725.94484500 0.00111372
2725.98378700 0.00130884
2726.02272900 0.00197846
2726.06167300 0.00331274
2726.10061600 0.00475194
2726.13956100 0.00506420
2726.17850500 0.00464265
2726.21745100 0.00421821
2726.25639700 0.00337499
2726.29534300 0.00236664
2726.33429000 0.00133985
2726.37323800 0.00160404
2726.41218600 0.00173758
2726.45113500 0.00213145
2726.49008400 0.00354378
2726.52903400 0.00492409
2726.56798400 0.00600555
2726.60693500 0.00661881
2726.64588700 0.00748366
2726.68483900 0.00668234
2726.72379200 0.00454628
2726.76274500 0.00256706
2726.80169900 0.00225044
2726.84065300 0.00238096
2726.87960800 0.00250325
2726.91856300 0.00195368
2726.95751900 0.00140081
2726.99647600 0.00091462
2727.03543300 0.00071149
2727.07439100 0.00050696
2727.11334900 0.00037751
2727.15230700 0.00035977
2727.19126700 0.00034082
2727.23022700 0.00031177
2727.26918700 0.00027697
2727.30814800 0.00024238
2727.34711000 0.00020933
2727.38607200 0.00018873
2727.42503400 0.00016298
2727.46399800 0.00017723
2727.50296100 0.00019190
2727.54192600 0.00019918
2727.58089100 0.00017287
2727.61985600 0.00014644
2727.65882200 0.00013001
2727.69778900 0.00012866
2727.73675600 0.00012739
2727.77572300 0.00014644
2727.81469200 0.00017926
2727.85366000 0.00021270
2727.89263000 0.00023181
2727.93160000 0.00024658
2727.97057000 0.00026126
2728.00954100 0.00029391
2728.04851300 0.00034378
2728.08748500 0.00035972
2728.12645700 0.00027701
2728.16543100 0.00019336
2728.20440400 0.00014243
2728.24337900 0.00014436
2728.28235400 0.00014561
2728.32132900 0.00017016
2728.36030500 0.00021056
2728.39928200 0.00025100
2728.43825900 0.00021527
2728.47723700 0.00016000
2728.51621500 0.00010477
2728.55519400 0.00013195
2728.59417300 0.00015939
2728.63315300 0.00017622
2728.67213300 0.00014477
2728.71111400 0.00012330
2728.75009600 0.00010391
2728.78907800 0.00009527
2728.82806100 0.00008638
2728.86704400 0.00010280
2728.90602800 0.00013609
2728.94501200 0.00016950
2728.98399700 0.00017107
2729.02298300 0.00016455
2729.06196900 0.00015816
2729.10095500 0.00014457
2729.13994300 0.00013082
2729.17893000 0.00012725
2729.21791900 0.00016607
2729.25690700 0.00020473
2729.29589700 0.00024828
2729.33488700 0.00028765
2729.37387700 0.00035060
2729.41286800 0.00040854
2729.45186000 0.00047116
2729.49085200 0.00053395
2729.52984500 0.00087174
2729.56883800 0.00127953
2729.60783200 0.00168514
2729.64682600 0.00157317
2729.68582100 0.00145521
2729.72481700 0.00131847
2729.76381300 0.00110127
2729.80280900 0.00088505
2729.84180700 0.00075562
2729.88080400 0.00081094
2729.91980300 0.00085309
2729.95880100 0.00075239
2729.99780100 0.00053074
2730.03680100 0.00035891
2730.07580100 0.00028825
2730.11480200 0.00025632
2730.15380400 0.00022295
2730.19280600 0.00021945
2730.23180900 0.00021549
2730.27081200 0.00020827
2730.30981600 0.00018857
2730.34882100 0.00016857
2730.38782600 0.00015583
2730.42683100 0.00015256
2730.46583700 0.00014808
2730.50484400 0.00016116
2730.54385100 0.00018767
2730.58285900 0.00021301
2730.62186700 0.00024965
2730.66087600 0.00027372
2730.69988600 0.00032753
2730.73889600 0.00055084
2730.77790600 0.00077784
2730.81691700 0.00111394
2730.85592900 0.00189917
2730.89494100 0.00268492
2730.93395400 0.00288165
2730.97296700 0.00218440
2731.01198100 0.00148707
2731.05099600 0.00103117
2731.09001100 0.00070294
2731.12902600 0.00045884
2731.16804200 0.00036546
2731.20705900 0.00032139
2731.24607600 0.00027717
2731.28509400 0.00023436
2731.32411200 0.00018023
2731.36313100 0.00016166
2731.40215100 0.00017634
2731.44117100 0.00019099
2731.48019100 0.00018490
2731.51921300 0.00014769
2731.55823400 0.00011033
2731.59725700 0.00009035
2731.63627900 0.00008239
2731.67530300 0.00007484
2731.71432700 0.00008254
2731.75335100 0.00009393
2731.79237600 0.00010529
2731.83140200 0.00009130
2731.87042800 0.00007721
2731.90945500 0.00006551
2731.94848200 0.00006298
2731.98751000 0.00005626
2732.02653800 0.00006030
2732.06556700 0.00006284
2732.10459700 0.00006514
2732.14362700 0.00007086
2732.18265700 0.00007849
2732.22168900 0.00008640
2732.26072000 0.00012005
2732.29975300 0.00016171
2732.33878500 0.00020615
2732.37781900 0.00048765
2732.41685300 0.00076903
2732.45588700 0.00096622
2732.49492200 0.00082735
2732.53395800 0.00069045
2732.57299400 0.00056390
2732.61203100 0.00045464
2732.65106800 0.00031795
2732.69010600 0.00027296
2732.72914500 0.00022428
2732.76818400 0.00017522
2732.80722300 0.00014838
2732.84626300 0.00012745
2732.88530400 0.00010643
2732.92434500 0.00015159
2732.96338700 0.00019692
2733.00242900 0.00022771
2733.04147200 0.00019997
2733.08051600 0.00017226
2733.11956000 0.00014703
2733.15860400 0.00012535
2733.19764900 0.00010342
2733.23669500 0.00008646
2733.27574100 0.00007339
2733.31478800 0.00005433
2733.35383500 0.00005227
2733.39288300 0.00004714
2733.43193200 0.00004706
2733.47098100 0.00006165
2733.51003000 0.00007499
2733.54908100 0.00008965
2733.58813100 0.00011199
2733.62718200 0.00013405
2733.66623400 0.00016041
2733.70528700 0.00019505
2733.74434000 0.00023194
2733.78339300 0.00023309
2733.82244700 0.00021074
2733.86150200 0.00018971
2733.90055700 0.00015587
2733.93961300 0.00011874
2733.97866900 0.00007457
2734.01772600 0.00006761
2734.05678300 0.00005401
2734.09584100 0.00004261
2734.13490000 0.00004229
2734.17395900 0.00004202
2734.21301800 0.00004352
2734.25207800 0.00004770
2734.29113900 0.00005184
2734.33020100 0.00008459
2734.36926200 0.00013647
2734.40832500 0.00018834
2734.44738800 0.00017607
2734.48645100 0.00014755
2734.52551500 0.00011905
2734.56458000 0.00010101
2734.60364500 0.00008300
2734.64271100 0.00006708
2734.68177700 0.00005343
2734.72084400 0.00005289
2734.75991200 0.00005539
2734.79898000 0.00007241
2734.83804800 0.00008942
2734.87711700 0.00009941
2734.91618700 0.00010484
2734.95525700 0.00011020
2734.99432800 0.00010580
2735.03339900 0.00009872
2735.07247100 0.00009190
2735.11154400 0.00008752
2735.15061700 0.00008306
2735.18969000 0.00008085
2735.22876500 0.00008784
2735.26783900 0.00009486
2735.30691400 0.00011762
2735.34599000 0.00014441
2735.38506700 0.00021075
2735.42414400 0.00021453
2735.46322100 0.00018937
2735.50229900 0.00016417
2735.54137800 0.00020233
2735.58045700 0.00025626
2735.61953700 0.00031094
2735.65861700 0.00032296
2735.69769800 0.00033450
2735.73677900 0.00033242
2735.77586100 0.00027523
2735.81494400 0.00021837
2735.85402700 0.00019985
2735.89311000 0.00024216
2735.93219400 0.00028340
2735.97127900 0.00048577
2736.01036500 0.00073358
2736.04945000 0.00104865
2736.08853700 0.00106398
2736.12762400 0.00093208
2736.16671100 0.00080015
2736.20579900 0.00058860
2736.24488800 0.00037665
2736.28397700 0.00019805
2736.32306700 0.00016711
2736.36215700 0.00013374
2736.40124800 0.00011258
2736.44034000 0.00011025
2736.47943200 0.00010792
2736.51852400 0.00011521
2736.55761700 0.00012891
2736.59671100 0.00014286
2736.63580500 0.00015500
2736.67490000 0.00016657
2736.71399500 0.00015334
2736.75309100 0.00017293
2736.79218800 0.00016764
2736.83128500 0.00017316
2736.87038200 0.00022341
2736.90948100 0.00027348
2736.94857900 0.00045575
2736.98767900 0.00083711
2737.02677800 0.00121891
2737.06587900 0.00146357
2737.10498000 0.00161666
2737.14408100 0.00176970
2737.18318300 0.00141390
2737.22228600 0.00092982
2737.26138900 0.00043212
2737.30049300 0.00035226
2737.33959700 0.00025993
2737.37870200 0.00015955
2737.41780700 0.00015351
2737.45691300 0.00013654
2737.49602000 0.00012267
2737.53512700 0.00012124
2737.57423500 0.00011979
2737.61334300 0.00012155
2737.65245200 0.00012546
2737.69156100 0.00012933
2737.73067100 0.00014875
2737.76978100 0.00017213
2737.80889200 0.00019550
2737.84800400 0.00029709
2737.88711600 0.00039874
2737.92622900 0.00057087
2737.96534200 0.00102695
2738.00445600 0.00148257
2738.04357000 0.00167404
2738.08268500 0.00124277
2738.12180000 0.00128124
2738.16091600 0.00102905
2738.20003300 0.00070835
2738.23915000 0.00042996
2738.27826800 0.00033240
2738.31738600 0.00028546
2738.35650500 0.00023857
2738.39562400 0.00023573
2738.43474400 0.00023276
2738.47386500 0.00023935
2738.51298600 0.00028565
2738.55210700 0.00033363
2738.59122900 0.00045659
2738.63035200 0.00069098
2738.66947600 0.00092420
2738.70859900 0.00129486
2738.74772400 0.00173953
2738.78684900 0.00186721
2738.82597400 0.00295445
2738.86510000 0.00376306
2738.90422700 0.00456484
2738.94335400 0.00358970
2738.98248200 0.00263438
2739.02161000 0.00176597
2739.06073900 0.00120625
2739.09986900 0.00083644
2739.13899900 0.00056040
2739.17812900 0.00052426
2739.21726000 0.00049156
2739.25639200 0.00045532
2739.29552400 0.00041856
2739.33465700 0.00038301
2739.37379000 0.00039302
2739.41292400 0.00041418
2739.45205900 0.00036056
2739.49119400 0.00043000
2739.53032900 0.00042639
2739.56946500 0.00040834
2739.60860200 0.00033920
2739.64773900 0.00026800
2739.68687700 0.00021063
2739.72601600 0.00016702
2739.76515500 0.00012313
2739.80429400 0.00010301
2739.84343400 0.00009673
2739.88257500 0.00009072
2739.92171600 0.00009432
2739.96085800 0.00010009
2740.00000000 0.00010608
